point cloud with 8471 points in dimension 3
value range: [0.234798,96.3949]
sparse distance matrix with 8471 points and 1697/35878920 entries
persistence intervals in dim 0:
 [0,0.234798)
 [0,0.236637)
 [0,0.237697)
 [0,0.240958)
 [0,0.244377)
 [0,0.253776)
 [0,0.253947)
 [0,0.260862)
 [0,0.262269)
 [0,0.265364)
 [0,0.266312)
 [0,0.27119)
 [0,0.277622)
 [0,0.28132)
 [0,0.287578)
 [0,0.290795)
 [0,0.298222)
 [0,0.298739)
 [0,0.298804)
 [0,0.299042)
 [0,0.299628)
 [0,0.301921)
 [0,0.302174)
 [0,0.303318)
 [0,0.303595)
 [0,0.304888)
 [0,0.306557)
 [0,0.306894)
 [0,0.308172)
 [0,0.309013)
 [0,0.310098)
 [0,0.310266)
 [0,0.312085)
 [0,0.313428)
 [0,0.313696)
 [0,0.315991)
 [0,0.316811)
 [0,0.317191)
 [0,0.317723)
 [0,0.318812)
 [0,0.318925)
 [0,0.319856)
 [0,0.320062)
 [0,0.320924)
 [0,0.323279)
 [0,0.323311)
 [0,0.323512)
 [0,0.326382)
 [0,0.32732)
 [0,0.327391)
 [0,0.327605)
 [0,0.328123)
 [0,0.329879)
 [0,0.329985)
 [0,0.33)
 [0,0.33173)
 [0,0.332826)
 [0,0.335598)
 [0,0.336268)
 [0,0.336543)
 [0,0.336555)
 [0,0.338148)
 [0,0.338587)
 [0,0.338615)
 [0,0.338647)
 [0,0.339996)
 [0,0.34127)
 [0,0.34265)
 [0,0.343647)
 [0,0.343705)
 [0,0.343827)
 [0,0.34521)
 [0,0.34522)
 [0,0.346013)
 [0,0.346283)
 [0,0.346302)
 [0,0.346539)
 [0,0.346699)
 [0,0.347937)
 [0,0.349052)
 [0,0.350682)
 [0,0.352308)
 [0,0.35339)
 [0,0.353873)
 [0,0.354267)
 [0,0.356073)
 [0,0.356183)
 [0,0.356248)
 [0,0.356295)
 [0,0.356427)
 [0,0.357347)
 [0,0.358979)
 [0,0.360272)
 [0,0.360612)
 [0,0.361199)
 [0,0.361203)
 [0,0.361781)
 [0,0.363402)
 [0,0.364424)
 [0,0.364726)
 [0,0.364967)
 [0,0.366695)
 [0,0.366879)
 [0,0.368402)
 [0,0.370012)
 [0,0.370324)
 [0,0.371497)
 [0,0.371562)
 [0,0.371732)
 [0,0.372447)
 [0,0.373101)
 [0,0.373208)
 [0,0.373751)
 [0,0.373803)
 [0,0.373858)
 [0,0.373893)
 [0,0.373894)
 [0,0.374318)
 [0,0.374546)
 [0,0.374733)
 [0,0.374817)
 [0,0.374903)
 [0,0.375155)
 [0,0.375353)
 [0,0.376384)
 [0,0.377037)
 [0,0.377479)
 [0,0.378502)
 [0,0.378715)
 [0,0.378889)
 [0,0.379687)
 [0,0.380033)
 [0,0.380468)
 [0,0.380741)
 [0,0.380822)
 [0,0.380867)
 [0,0.383158)
 [0,0.383642)
 [0,0.383751)
 [0,0.384021)
 [0,0.384912)
 [0,0.384974)
 [0,0.385632)
 [0,0.386122)
 [0,0.386731)
 [0,0.38684)
 [0,0.387857)
 [0,0.38833)
 [0,0.388402)
 [0,0.388404)
 [0,0.389755)
 [0,0.391203)
 [0,0.391308)
 [0,0.392413)
 [0,0.392563)
 [0,0.393459)
 [0,0.393468)
 [0,0.394046)
 [0,0.394458)
 [0,0.39489)
 [0,0.395153)
 [0,0.395216)
 [0,0.395601)
 [0,0.39598)
 [0,0.396247)
 [0,0.396596)
 [0,0.396919)
 [0,0.397135)
 [0,0.397277)
 [0,0.397598)
 [0,0.39802)
 [0,0.398321)
 [0,0.398497)
 [0,0.3986)
 [0,0.398741)
 [0,0.39911)
 [0,0.399325)
 [0,0.399625)
 [0,0.399665)
 [0,0.399671)
 [0,0.399921)
 [0,0.399963)
 [0,0.40005)
 [0,0.40032)
 [0,0.400405)
 [0,0.401031)
 [0,0.402323)
 [0,0.402405)
 [0,0.402602)
 [0,0.402796)
 [0,0.403347)
 [0,0.403565)
 [0,0.403729)
 [0,0.404031)
 [0,0.405783)
 [0,0.406011)
 [0,0.406185)
 [0,0.406768)
 [0,0.406774)
 [0,0.407172)
 [0,0.407462)
 [0,0.407727)
 [0,0.408006)
 [0,0.408075)
 [0,0.408104)
 [0,0.408167)
 [0,0.408333)
 [0,0.408806)
 [0,0.409078)
 [0,0.409206)
 [0,0.409207)
 [0,0.409333)
 [0,0.409781)
 [0,0.409884)
 [0,0.410762)
 [0,0.410972)
 [0,0.411145)
 [0,0.411439)
 [0,0.411588)
 [0,0.411831)
 [0,0.412011)
 [0,0.412167)
 [0,0.412825)
 [0,0.413237)
 [0,0.413304)
 [0,0.413717)
 [0,0.414658)
 [0,0.414797)
 [0,0.414837)
 [0,0.415023)
 [0,0.415271)
 [0,0.415954)
 [0,0.416016)
 [0,0.416019)
 [0,0.41607)
 [0,0.416808)
 [0,0.417024)
 [0,0.417116)
 [0,0.417433)
 [0,0.417445)
 [0,0.41772)
 [0,0.417948)
 [0,0.418016)
 [0,0.418145)
 [0,0.418226)
 [0,0.418527)
 [0,0.419501)
 [0,0.419863)
 [0,0.420386)
 [0,0.420449)
 [0,0.420848)
 [0,0.421087)
 [0,0.42147)
 [0,0.421859)
 [0,0.421865)
 [0,0.422058)
 [0,0.422153)
 [0,0.422355)
 [0,0.422573)
 [0,0.423387)
 [0,0.424124)
 [0,0.424549)
 [0,0.424887)
 [0,0.424991)
 [0,0.425065)
 [0,0.425141)
 [0,0.42518)
 [0,0.425229)
 [0,0.425315)
 [0,0.425472)
 [0,0.42565)
 [0,0.425837)
 [0,0.426104)
 [0,0.426395)
 [0,0.426653)
 [0,0.427482)
 [0,0.427507)
 [0,0.427604)
 [0,0.428086)
 [0,0.428404)
 [0,0.428464)
 [0,0.428528)
 [0,0.428656)
 [0,0.428967)
 [0,0.428981)
 [0,0.429439)
 [0,0.430401)
 [0,0.430509)
 [0,0.430726)
 [0,0.431654)
 [0,0.432001)
 [0,0.432094)
 [0,0.432186)
 [0,0.432334)
 [0,0.432539)
 [0,0.43256)
 [0,0.432678)
 [0,0.4327)
 [0,0.433315)
 [0,0.433383)
 [0,0.433568)
 [0,0.433896)
 [0,0.434029)
 [0,0.434166)
 [0,0.434581)
 [0,0.434609)
 [0,0.434623)
 [0,0.434968)
 [0,0.435136)
 [0,0.435487)
 [0,0.435791)
 [0,0.43601)
 [0,0.436125)
 [0,0.436314)
 [0,0.436406)
 [0,0.436519)
 [0,0.436994)
 [0,0.437321)
 [0,0.437724)
 [0,0.437824)
 [0,0.438001)
 [0,0.438018)
 [0,0.438699)
 [0,0.438772)
 [0,0.438953)
 [0,0.439318)
 [0,0.43961)
 [0,0.43962)
 [0,0.439727)
 [0,0.439946)
 [0,0.44001)
 [0,0.440028)
 [0,0.440239)
 [0,0.440477)
 [0,0.441073)
 [0,0.441141)
 [0,0.441163)
 [0,0.441192)
 [0,0.441255)
 [0,0.442105)
 [0,0.442222)
 [0,0.442235)
 [0,0.442332)
 [0,0.44346)
 [0,0.443615)
 [0,0.443907)
 [0,0.444288)
 [0,0.444492)
 [0,0.444577)
 [0,0.444708)
 [0,0.444946)
 [0,0.444991)
 [0,0.445162)
 [0,0.445584)
 [0,0.445929)
 [0,0.446387)
 [0,0.446535)
 [0,0.447219)
 [0,0.447236)
 [0,0.447236)
 [0,0.447269)
 [0,0.447493)
 [0,0.447538)
 [0,0.447826)
 [0,0.447921)
 [0,0.448001)
 [0,0.448154)
 [0,0.448236)
 [0,0.448627)
 [0,0.44916)
 [0,0.449259)
 [0,0.449311)
 [0,0.449331)
 [0,0.449751)
 [0,0.449989)
 [0,0.450006)
 [0,0.450344)
 [0,0.450379)
 [0,0.450682)
 [0,0.450694)
 [0,0.451221)
 [0,0.451276)
 [0,0.451452)
 [0,0.45148)
 [0,0.451558)
 [0,0.45204)
 [0,0.452262)
 [0,0.452436)
 [0,0.452642)
 [0,0.452677)
 [0,0.452766)
 [0,0.452832)
 [0,0.453154)
 [0,0.453194)
 [0,0.453754)
 [0,0.45404)
 [0,0.454059)
 [0,0.454802)
 [0,0.454943)
 [0,0.45518)
 [0,0.455482)
 [0,0.45558)
 [0,0.455821)
 [0,0.455834)
 [0,0.456098)
 [0,0.456554)
 [0,0.456561)
 [0,0.456887)
 [0,0.456898)
 [0,0.457004)
 [0,0.457095)
 [0,0.457162)
 [0,0.457564)
 [0,0.458144)
 [0,0.458208)
 [0,0.458338)
 [0,0.458519)
 [0,0.458704)
 [0,0.458839)
 [0,0.459378)
 [0,0.459705)
 [0,0.460184)
 [0,0.46057)
 [0,0.460991)
 [0,0.461104)
 [0,0.461407)
 [0,0.461793)
 [0,0.461975)
 [0,0.462027)
 [0,0.4622)
 [0,0.462909)
 [0,0.46328)
 [0,0.463298)
 [0,0.463406)
 [0,0.463625)
 [0,0.463781)
 [0,0.464165)
 [0,0.464457)
 [0,0.464596)
 [0,0.464699)
 [0,0.464846)
 [0,0.464883)
 [0,0.465108)
 [0,0.46534)
 [0,0.465353)
 [0,0.465465)
 [0,0.465639)
 [0,0.465639)
 [0,0.465843)
 [0,0.465903)
 [0,0.466168)
 [0,0.466203)
 [0,0.466344)
 [0,0.466444)
 [0,0.466618)
 [0,0.466653)
 [0,0.466821)
 [0,0.466978)
 [0,0.467172)
 [0,0.46721)
 [0,0.467241)
 [0,0.467273)
 [0,0.467424)
 [0,0.467549)
 [0,0.467669)
 [0,0.467771)
 [0,0.467847)
 [0,0.468188)
 [0,0.46831)
 [0,0.468787)
 [0,0.468846)
 [0,0.468855)
 [0,0.468932)
 [0,0.469359)
 [0,0.469384)
 [0,0.469777)
 [0,0.470214)
 [0,0.470227)
 [0,0.470533)
 [0,0.470562)
 [0,0.470664)
 [0,0.471191)
 [0,0.471272)
 [0,0.471273)
 [0,0.471332)
 [0,0.471793)
 [0,0.471832)
 [0,0.472315)
 [0,0.472412)
 [0,0.472649)
 [0,0.472897)
 [0,0.473165)
 [0,0.473287)
 [0,0.473402)
 [0,0.473466)
 [0,0.473511)
 [0,0.47366)
 [0,0.473761)
 [0,0.474065)
 [0,0.474318)
 [0,0.474612)
 [0,0.474788)
 [0,0.474856)
 [0,0.475)
 [0,0.475)
 [0,0.475063)
 [0,0.475189)
 [0,0.475219)
 [0,0.475237)
 [0,0.475391)
 [0,0.475464)
 [0,0.475564)
 [0,0.47579)
 [0,0.475903)
 [0,0.475925)
 [0,0.476114)
 [0,0.47612)
 [0,0.476187)
 [0,0.476319)
 [0,0.47632)
 [0,0.477032)
 [0,0.477085)
 [0,0.477193)
 [0,0.478009)
 [0,0.478132)
 [0,0.47844)
 [0,0.478481)
 [0,0.47849)
 [0,0.478502)
 [0,0.478519)
 [0,0.478578)
 [0,0.479)
 [0,0.479001)
 [0,0.479038)
 [0,0.479308)
 [0,0.47931)
 [0,0.47943)
 [0,0.479521)
 [0,0.47955)
 [0,0.479719)
 [0,0.479818)
 [0,0.479843)
 [0,0.479893)
 [0,0.480126)
 [0,0.480355)
 [0,0.480451)
 [0,0.480618)
 [0,0.480708)
 [0,0.480713)
 [0,0.480767)
 [0,0.481041)
 [0,0.481154)
 [0,0.481424)
 [0,0.481502)
 [0,0.481603)
 [0,0.481661)
 [0,0.481876)
 [0,0.481885)
 [0,0.481959)
 [0,0.481965)
 [0,0.482197)
 [0,0.482312)
 [0,0.482321)
 [0,0.482597)
 [0,0.482912)
 [0,0.483084)
 [0,0.483322)
 [0,0.48364)
 [0,0.483699)
 [0,0.483736)
 [0,0.484195)
 [0,0.48434)
 [0,0.48434)
 [0,0.484381)
 [0,0.484663)
 [0,0.484781)
 [0,0.484814)
 [0,0.484846)
 [0,0.485)
 [0,0.485051)
 [0,0.485174)
 [0,0.485247)
 [0,0.485356)
 [0,0.485412)
 [0,0.485433)
 [0,0.485449)
 [0,0.485479)
 [0,0.485635)
 [0,0.485721)
 [0,0.486066)
 [0,0.486124)
 [0,0.486148)
 [0,0.486425)
 [0,0.486428)
 [0,0.486465)
 [0,0.486596)
 [0,0.486902)
 [0,0.487052)
 [0,0.487582)
 [0,0.487906)
 [0,0.487915)
 [0,0.487943)
 [0,0.488009)
 [0,0.488191)
 [0,0.48833)
 [0,0.488861)
 [0,0.488984)
 [0,0.489146)
 [0,0.489173)
 [0,0.489331)
 [0,0.489401)
 [0,0.489801)
 [0,0.489842)
 [0,0.490323)
 [0,0.490323)
 [0,0.490597)
 [0,0.490683)
 [0,0.490718)
 [0,0.490902)
 [0,0.490919)
 [0,0.491044)
 [0,0.491057)
 [0,0.491105)
 [0,0.491232)
 [0,0.492115)
 [0,0.492854)
 [0,0.493042)
 [0,0.493109)
 [0,0.493138)
 [0,0.493238)
 [0,0.493763)
 [0,0.493812)
 [0,0.493819)
 [0,0.494013)
 [0,0.494616)
 [0,0.494661)
 [0,0.494753)
 [0,0.494774)
 [0,0.495347)
 [0,0.495429)
 [0,0.495529)
 [0,0.495686)
 [0,0.495699)
 [0,0.495707)
 [0,0.495795)
 [0,0.495913)
 [0,0.496042)
 [0,0.496122)
 [0,0.496182)
 [0,0.496191)
 [0,0.496236)
 [0,0.496275)
 [0,0.496391)
 [0,0.49646)
 [0,0.496518)
 [0,0.496663)
 [0,0.49667)
 [0,0.496847)
 [0,0.496913)
 [0,0.497181)
 [0,0.497309)
 [0,0.497603)
 [0,0.497784)
 [0,0.497784)
 [0,0.497788)
 [0,0.497821)
 [0,0.497839)
 [0,0.497902)
 [0,0.497989)
 [0,0.498122)
 [0,0.498222)
 [0,0.498528)
 [0,0.498615)
 [0,0.498648)
 [0,0.49876)
 [0,0.498932)
 [0,0.499289)
 [0,0.499397)
 [0,0.499521)
 [0,0.499626)
 [0,0.500016)
 [0,0.500237)
 [0,0.500349)
 [0,0.500372)
 [0,0.50049)
 [0,0.50049)
 [0,0.500564)
 [0,0.501004)
 [0,0.501079)
 [0,0.501328)
 [0,0.501384)
 [0,0.501483)
 [0,0.501781)
 [0,0.501807)
 [0,0.501942)
 [0,0.502077)
 [0,0.502173)
 [0,0.502228)
 [0,0.502284)
 [0,0.502309)
 [0,0.502439)
 [0,0.502539)
 [0,0.50257)
 [0,0.502594)
 [0,0.502666)
 [0,0.502715)
 [0,0.502905)
 [0,0.50294)
 [0,0.503289)
 [0,0.50337)
 [0,0.50339)
 [0,0.50351)
 [0,0.503748)
 [0,0.503754)
 [0,0.503835)
 [0,0.503835)
 [0,0.503902)
 [0,0.504008)
 [0,0.504357)
 [0,0.504366)
 [0,0.504386)
 [0,0.504533)
 [0,0.505016)
 [0,0.505098)
 [0,0.505244)
 [0,0.50531)
 [0,0.505408)
 [0,0.505446)
 [0,0.505619)
 [0,0.505626)
 [0,0.505665)
 [0,0.50589)
 [0,0.506001)
 [0,0.50604)
 [0,0.506191)
 [0,0.50644)
 [0,0.506448)
 [0,0.506537)
 [0,0.506573)
 [0,0.506574)
 [0,0.506764)
 [0,0.506913)
 [0,0.50708)
 [0,0.507107)
 [0,0.507307)
 [0,0.507687)
 [0,0.507705)
 [0,0.507829)
 [0,0.508099)
 [0,0.508131)
 [0,0.508161)
 [0,0.508189)
 [0,0.508319)
 [0,0.508335)
 [0,0.508355)
 [0,0.50841)
 [0,0.508422)
 [0,0.508509)
 [0,0.508671)
 [0,0.508906)
 [0,0.509032)
 [0,0.509048)
 [0,0.509133)
 [0,0.509136)
 [0,0.509181)
 [0,0.509232)
 [0,0.509274)
 [0,0.509519)
 [0,0.509614)
 [0,0.509624)
 [0,0.50966)
 [0,0.509789)
 [0,0.509817)
 [0,0.510067)
 [0,0.510181)
 [0,0.510192)
 [0,0.510392)
 [0,0.510392)
 [0,0.510467)
 [0,0.510546)
 [0,0.510612)
 [0,0.511048)
 [0,0.511074)
 [0,0.511297)
 [0,0.511376)
 [0,0.5114)
 [0,0.51145)
 [0,0.511837)
 [0,0.512111)
 [0,0.5122)
 [0,0.512299)
 [0,0.51264)
 [0,0.51264)
 [0,0.512767)
 [0,0.512821)
 [0,0.512913)
 [0,0.512978)
 [0,0.513062)
 [0,0.513125)
 [0,0.513226)
 [0,0.513249)
 [0,0.513469)
 [0,0.513484)
 [0,0.513642)
 [0,0.513674)
 [0,0.513755)
 [0,0.513951)
 [0,0.513953)
 [0,0.514004)
 [0,0.514382)
 [0,0.51458)
 [0,0.514776)
 [0,0.514791)
 [0,0.514907)
 [0,0.514931)
 [0,0.515007)
 [0,0.515097)
 [0,0.515102)
 [0,0.515193)
 [0,0.515211)
 [0,0.515242)
 [0,0.515249)
 [0,0.515268)
 [0,0.515275)
 [0,0.515374)
 [0,0.515873)
 [0,0.515891)
 [0,0.516113)
 [0,0.516203)
 [0,0.516211)
 [0,0.516242)
 [0,0.516294)
 [0,0.5164)
 [0,0.516481)
 [0,0.516484)
 [0,0.516614)
 [0,0.516706)
 [0,0.51671)
 [0,0.51673)
 [0,0.517035)
 [0,0.517071)
 [0,0.517171)
 [0,0.517228)
 [0,0.517707)
 [0,0.517929)
 [0,0.518037)
 [0,0.518189)
 [0,0.518228)
 [0,0.518278)
 [0,0.518622)
 [0,0.518941)
 [0,0.518981)
 [0,0.519035)
 [0,0.5192)
 [0,0.519204)
 [0,0.519385)
 [0,0.519507)
 [0,0.519602)
 [0,0.519609)
 [0,0.51984)
 [0,0.519897)
 [0,0.5201)
 [0,0.520125)
 [0,0.52022)
 [0,0.520312)
 [0,0.520455)
 [0,0.521161)
 [0,0.521308)
 [0,0.521584)
 [0,0.521935)
 [0,0.522682)
 [0,0.522805)
 [0,0.522973)
 [0,0.523001)
 [0,0.523015)
 [0,0.523072)
 [0,0.523139)
 [0,0.52345)
 [0,0.523516)
 [0,0.523688)
 [0,0.52378)
 [0,0.523894)
 [0,0.523928)
 [0,0.523971)
 [0,0.523994)
 [0,0.524172)
 [0,0.524802)
 [0,0.524844)
 [0,0.524995)
 [0,0.525519)
 [0,0.525529)
 [0,0.525711)
 [0,0.525967)
 [0,0.526091)
 [0,0.526308)
 [0,0.526621)
 [0,0.526642)
 [0,0.526695)
 [0,0.526711)
 [0,0.526741)
 [0,0.526795)
 [0,0.527091)
 [0,0.527106)
 [0,0.527185)
 [0,0.527213)
 [0,0.527231)
 [0,0.527371)
 [0,0.527379)
 [0,0.527425)
 [0,0.527444)
 [0,0.527444)
 [0,0.527492)
 [0,0.527532)
 [0,0.527755)
 [0,0.527797)
 [0,0.527921)
 [0,0.527937)
 [0,0.528032)
 [0,0.528186)
 [0,0.528228)
 [0,0.528285)
 [0,0.528289)
 [0,0.528387)
 [0,0.528433)
 [0,0.528487)
 [0,0.52852)
 [0,0.528609)
 [0,0.528698)
 [0,0.528882)
 [0,0.529009)
 [0,0.529083)
 [0,0.529199)
 [0,0.529213)
 [0,0.529642)
 [0,0.529714)
 [0,0.529759)
 [0,0.529794)
 [0,0.529879)
 [0,0.529953)
 [0,0.529953)
 [0,0.530001)
 [0,0.530096)
 [0,0.530126)
 [0,0.530332)
 [0,0.530526)
 [0,0.530586)
 [0,0.530632)
 [0,0.530932)
 [0,0.531272)
 [0,0.531305)
 [0,0.531369)
 [0,0.531865)
 [0,0.532288)
 [0,0.532358)
 [0,0.532403)
 [0,0.532403)
 [0,0.532403)
 [0,0.532565)
 [0,0.532752)
 [0,0.532918)
 [0,0.533023)
 [0,0.533034)
 [0,0.533206)
 [0,0.533566)
 [0,0.533622)
 [0,0.533886)
 [0,0.533976)
 [0,0.533982)
 [0,0.534113)
 [0,0.534178)
 [0,0.534195)
 [0,0.534319)
 [0,0.534329)
 [0,0.534395)
 [0,0.534589)
 [0,0.53463)
 [0,0.534652)
 [0,0.534682)
 [0,0.534899)
 [0,0.535008)
 [0,0.535093)
 [0,0.535197)
 [0,0.535303)
 [0,0.535382)
 [0,0.535464)
 [0,0.535616)
 [0,0.53572)
 [0,0.535793)
 [0,0.536004)
 [0,0.536008)
 [0,0.536046)
 [0,0.536046)
 [0,0.536128)
 [0,0.536255)
 [0,0.536302)
 [0,0.536485)
 [0,0.536586)
 [0,0.536594)
 [0,0.536717)
 [0,0.536731)
 [0,0.536733)
 [0,0.537122)
 [0,0.537182)
 [0,0.537227)
 [0,0.537358)
 [0,0.537587)
 [0,0.537708)
 [0,0.537766)
 [0,0.538)
 [0,0.538035)
 [0,0.538075)
 [0,0.538242)
 [0,0.538472)
 [0,0.538677)
 [0,0.538713)
 [0,0.538823)
 [0,0.538853)
 [0,0.538862)
 [0,0.538873)
 [0,0.538875)
 [0,0.539015)
 [0,0.539075)
 [0,0.539171)
 [0,0.539268)
 [0,0.53949)
 [0,0.539535)
 [0,0.539574)
 [0,0.539638)
 [0,0.539676)
 [0,0.539787)
 [0,0.539796)
 [0,0.539912)
 [0,0.539968)
 [0,0.540015)
 [0,0.54012)
 [0,0.540316)
 [0,0.540359)
 [0,0.540538)
 [0,0.540682)
 [0,0.540683)
 [0,0.540727)
 [0,0.540833)
 [0,0.540941)
 [0,0.541325)
 [0,0.5414)
 [0,0.541499)
 [0,0.541793)
 [0,0.542005)
 [0,0.54203)
 [0,0.542148)
 [0,0.542167)
 [0,0.542233)
 [0,0.54231)
 [0,0.542429)
 [0,0.542441)
 [0,0.542443)
 [0,0.542581)
 [0,0.542609)
 [0,0.542793)
 [0,0.54283)
 [0,0.543015)
 [0,0.543203)
 [0,0.543207)
 [0,0.543242)
 [0,0.543283)
 [0,0.543357)
 [0,0.543401)
 [0,0.543493)
 [0,0.544012)
 [0,0.544074)
 [0,0.544155)
 [0,0.544266)
 [0,0.544464)
 [0,0.544516)
 [0,0.544518)
 [0,0.544541)
 [0,0.544614)
 [0,0.544622)
 [0,0.544656)
 [0,0.545367)
 [0,0.545529)
 [0,0.545642)
 [0,0.545712)
 [0,0.545825)
 [0,0.545886)
 [0,0.546008)
 [0,0.546155)
 [0,0.546188)
 [0,0.54621)
 [0,0.546704)
 [0,0.546708)
 [0,0.546732)
 [0,0.54684)
 [0,0.546853)
 [0,0.546869)
 [0,0.546978)
 [0,0.547227)
 [0,0.547284)
 [0,0.547618)
 [0,0.547753)
 [0,0.547884)
 [0,0.548004)
 [0,0.54806)
 [0,0.54811)
 [0,0.548126)
 [0,0.548141)
 [0,0.548179)
 [0,0.548621)
 [0,0.54873)
 [0,0.54881)
 [0,0.548931)
 [0,0.549015)
 [0,0.549331)
 [0,0.549586)
 [0,0.549593)
 [0,0.549714)
 [0,0.549735)
 [0,0.550044)
 [0,0.550117)
 [0,0.550146)
 [0,0.550229)
 [0,0.550263)
 [0,0.550305)
 [0,0.550436)
 [0,0.550718)
 [0,0.550827)
 [0,0.551202)
 [0,0.55124)
 [0,0.551337)
 [0,0.551341)
 [0,0.551552)
 [0,0.551776)
 [0,0.55185)
 [0,0.551863)
 [0,0.551903)
 [0,0.552203)
 [0,0.552298)
 [0,0.552327)
 [0,0.552327)
 [0,0.552403)
 [0,0.552674)
 [0,0.552758)
 [0,0.553001)
 [0,0.553073)
 [0,0.553083)
 [0,0.553087)
 [0,0.553109)
 [0,0.553195)
 [0,0.55325)
 [0,0.553268)
 [0,0.553521)
 [0,0.553592)
 [0,0.553653)
 [0,0.553719)
 [0,0.55373)
 [0,0.553751)
 [0,0.553943)
 [0,0.554008)
 [0,0.554049)
 [0,0.554063)
 [0,0.55439)
 [0,0.554487)
 [0,0.554505)
 [0,0.554658)
 [0,0.554766)
 [0,0.55479)
 [0,0.554812)
 [0,0.554837)
 [0,0.554982)
 [0,0.555042)
 [0,0.555044)
 [0,0.55509)
 [0,0.555317)
 [0,0.555325)
 [0,0.555493)
 [0,0.555503)
 [0,0.5559)
 [0,0.556044)
 [0,0.556076)
 [0,0.55672)
 [0,0.556741)
 [0,0.556928)
 [0,0.557014)
 [0,0.557022)
 [0,0.557097)
 [0,0.557176)
 [0,0.557297)
 [0,0.557474)
 [0,0.557571)
 [0,0.557596)
 [0,0.557721)
 [0,0.557975)
 [0,0.557983)
 [0,0.558014)
 [0,0.558037)
 [0,0.558316)
 [0,0.558321)
 [0,0.558324)
 [0,0.558662)
 [0,0.558793)
 [0,0.55881)
 [0,0.558814)
 [0,0.558814)
 [0,0.558901)
 [0,0.55895)
 [0,0.558975)
 [0,0.559017)
 [0,0.559072)
 [0,0.559094)
 [0,0.559107)
 [0,0.559108)
 [0,0.55928)
 [0,0.55933)
 [0,0.559351)
 [0,0.559397)
 [0,0.559451)
 [0,0.559521)
 [0,0.55958)
 [0,0.559671)
 [0,0.559732)
 [0,0.559732)
 [0,0.559812)
 [0,0.559823)
 [0,0.55999)
 [0,0.560183)
 [0,0.56033)
 [0,0.560378)
 [0,0.560446)
 [0,0.560803)
 [0,0.560807)
 [0,0.560879)
 [0,0.561001)
 [0,0.561015)
 [0,0.561017)
 [0,0.561136)
 [0,0.56117)
 [0,0.561231)
 [0,0.561289)
 [0,0.561307)
 [0,0.561321)
 [0,0.561459)
 [0,0.561499)
 [0,0.561614)
 [0,0.561633)
 [0,0.561634)
 [0,0.561698)
 [0,0.561749)
 [0,0.561805)
 [0,0.561826)
 [0,0.562014)
 [0,0.562032)
 [0,0.562286)
 [0,0.56251)
 [0,0.562512)
 [0,0.562658)
 [0,0.562904)
 [0,0.562944)
 [0,0.562965)
 [0,0.562966)
 [0,0.563038)
 [0,0.563089)
 [0,0.563174)
 [0,0.563312)
 [0,0.56332)
 [0,0.563322)
 [0,0.563373)
 [0,0.563405)
 [0,0.563454)
 [0,0.563498)
 [0,0.563569)
 [0,0.563604)
 [0,0.56376)
 [0,0.563813)
 [0,0.563962)
 [0,0.564009)
 [0,0.564129)
 [0,0.56439)
 [0,0.564401)
 [0,0.564469)
 [0,0.564483)
 [0,0.564855)
 [0,0.56488)
 [0,0.564904)
 [0,0.565)
 [0,0.565107)
 [0,0.565109)
 [0,0.565363)
 [0,0.565553)
 [0,0.565632)
 [0,0.565983)
 [0,0.566139)
 [0,0.566212)
 [0,0.566255)
 [0,0.566301)
 [0,0.566424)
 [0,0.566443)
 [0,0.566587)
 [0,0.566591)
 [0,0.566682)
 [0,0.566683)
 [0,0.56676)
 [0,0.566817)
 [0,0.566961)
 [0,0.567022)
 [0,0.567032)
 [0,0.567032)
 [0,0.56707)
 [0,0.567101)
 [0,0.567101)
 [0,0.567144)
 [0,0.567297)
 [0,0.567324)
 [0,0.567466)
 [0,0.567585)
 [0,0.567607)
 [0,0.56762)
 [0,0.567631)
 [0,0.567733)
 [0,0.567826)
 [0,0.567895)
 [0,0.567895)
 [0,0.567951)
 [0,0.568007)
 [0,0.568009)
 [0,0.568096)
 [0,0.568128)
 [0,0.568201)
 [0,0.568286)
 [0,0.568384)
 [0,0.568747)
 [0,0.568792)
 [0,0.569077)
 [0,0.569088)
 [0,0.569204)
 [0,0.569221)
 [0,0.569225)
 [0,0.569232)
 [0,0.56927)
 [0,0.569354)
 [0,0.569382)
 [0,0.569506)
 [0,0.569688)
 [0,0.569719)
 [0,0.56972)
 [0,0.56976)
 [0,0.569865)
 [0,0.56992)
 [0,0.570025)
 [0,0.570025)
 [0,0.57014)
 [0,0.570148)
 [0,0.57019)
 [0,0.570349)
 [0,0.570355)
 [0,0.570419)
 [0,0.57053)
 [0,0.570601)
 [0,0.570639)
 [0,0.570842)
 [0,0.571064)
 [0,0.571106)
 [0,0.571172)
 [0,0.5714)
 [0,0.571428)
 [0,0.571431)
 [0,0.571539)
 [0,0.571547)
 [0,0.571574)
 [0,0.572071)
 [0,0.572372)
 [0,0.572438)
 [0,0.572713)
 [0,0.572717)
 [0,0.572815)
 [0,0.572894)
 [0,0.573035)
 [0,0.573163)
 [0,0.573171)
 [0,0.573195)
 [0,0.573467)
 [0,0.573501)
 [0,0.573569)
 [0,0.573631)
 [0,0.573663)
 [0,0.573796)
 [0,0.573894)
 [0,0.574098)
 [0,0.574125)
 [0,0.574252)
 [0,0.574282)
 [0,0.574312)
 [0,0.574502)
 [0,0.574541)
 [0,0.574588)
 [0,0.574679)
 [0,0.574799)
 [0,0.574891)
 [0,0.574913)
 [0,0.57493)
 [0,0.574961)
 [0,0.575175)
 [0,0.575198)
 [0,0.575223)
 [0,0.575243)
 [0,0.575313)
 [0,0.575539)
 [0,0.575542)
 [0,0.575736)
 [0,0.57592)
 [0,0.57597)
 [0,0.576011)
 [0,0.576077)
 [0,0.576133)
 [0,0.576178)
 [0,0.576279)
 [0,0.576403)
 [0,0.576459)
 [0,0.576469)
 [0,0.576515)
 [0,0.57711)
 [0,0.57717)
 [0,0.57725)
 [0,0.577281)
 [0,0.577437)
 [0,0.577603)
 [0,0.577669)
 [0,0.577839)
 [0,0.578218)
 [0,0.578221)
 [0,0.578247)
 [0,0.578252)
 [0,0.578317)
 [0,0.578347)
 [0,0.578433)
 [0,0.578662)
 [0,0.578778)
 [0,0.579)
 [0,0.579098)
 [0,0.579457)
 [0,0.579835)
 [0,0.579967)
 [0,0.580124)
 [0,0.580155)
 [0,0.580194)
 [0,0.580326)
 [0,0.580517)
 [0,0.580858)
 [0,0.580897)
 [0,0.580903)
 [0,0.580925)
 [0,0.580931)
 [0,0.581014)
 [0,0.581055)
 [0,0.58107)
 [0,0.581243)
 [0,0.581327)
 [0,0.581395)
 [0,0.581396)
 [0,0.581485)
 [0,0.58149)
 [0,0.581588)
 [0,0.581592)
 [0,0.581627)
 [0,0.581643)
 [0,0.581646)
 [0,0.581689)
 [0,0.581932)
 [0,0.582001)
 [0,0.582025)
 [0,0.582032)
 [0,0.582204)
 [0,0.582238)
 [0,0.582307)
 [0,0.582316)
 [0,0.582351)
 [0,0.582603)
 [0,0.582722)
 [0,0.582879)
 [0,0.582911)
 [0,0.582989)
 [0,0.582993)
 [0,0.582993)
 [0,0.583069)
 [0,0.583089)
 [0,0.583104)
 [0,0.583127)
 [0,0.583145)
 [0,0.583216)
 [0,0.583363)
 [0,0.58337)
 [0,0.583384)
 [0,0.583824)
 [0,0.583988)
 [0,0.584003)
 [0,0.584363)
 [0,0.584371)
 [0,0.584384)
 [0,0.584522)
 [0,0.584555)
 [0,0.58474)
 [0,0.585075)
 [0,0.585239)
 [0,0.58539)
 [0,0.585444)
 [0,0.585491)
 [0,0.585602)
 [0,0.585604)
 [0,0.585642)
 [0,0.585671)
 [0,0.585918)
 [0,0.586003)
 [0,0.586038)
 [0,0.586212)
 [0,0.586246)
 [0,0.586366)
 [0,0.586387)
 [0,0.586502)
 [0,0.586601)
 [0,0.586614)
 [0,0.586728)
 [0,0.587082)
 [0,0.587205)
 [0,0.587355)
 [0,0.587388)
 [0,0.587432)
 [0,0.587575)
 [0,0.587616)
 [0,0.587649)
 [0,0.587649)
 [0,0.587657)
 [0,0.587933)
 [0,0.587963)
 [0,0.588041)
 [0,0.588069)
 [0,0.588192)
 [0,0.588294)
 [0,0.588392)
 [0,0.58843)
 [0,0.5886)
 [0,0.588796)
 [0,0.588804)
 [0,0.588824)
 [0,0.58884)
 [0,0.588983)
 [0,0.589024)
 [0,0.589042)
 [0,0.589123)
 [0,0.589139)
 [0,0.589143)
 [0,0.589171)
 [0,0.589177)
 [0,0.589186)
 [0,0.589211)
 [0,0.589441)
 [0,0.589619)
 [0,0.589662)
 [0,0.589936)
 [0,0.590003)
 [0,0.590166)
 [0,0.590282)
 [0,0.590377)
 [0,0.590385)
 [0,0.590412)
 [0,0.590479)
 [0,0.590496)
 [0,0.590547)
 [0,0.590837)
 [0,0.590894)
 [0,0.590895)
 [0,0.591014)
 [0,0.59106)
 [0,0.591082)
 [0,0.591352)
 [0,0.591379)
 [0,0.591517)
 [0,0.591545)
 [0,0.591663)
 [0,0.591664)
 [0,0.591856)
 [0,0.591927)
 [0,0.591953)
 [0,0.592008)
 [0,0.59203)
 [0,0.592243)
 [0,0.592277)
 [0,0.592446)
 [0,0.592557)
 [0,0.592596)
 [0,0.592638)
 [0,0.592805)
 [0,0.593048)
 [0,0.593054)
 [0,0.593263)
 [0,0.59331)
 [0,0.593329)
 [0,0.593459)
 [0,0.593491)
 [0,0.593617)
 [0,0.593785)
 [0,0.59383)
 [0,0.593839)
 [0,0.594003)
 [0,0.594098)
 [0,0.594153)
 [0,0.594253)
 [0,0.594254)
 [0,0.594281)
 [0,0.594299)
 [0,0.5943)
 [0,0.594384)
 [0,0.59447)
 [0,0.59459)
 [0,0.59459)
 [0,0.594597)
 [0,0.594597)
 [0,0.594899)
 [0,0.594916)
 [0,0.59492)
 [0,0.594959)
 [0,0.594983)
 [0,0.594983)
 [0,0.595021)
 [0,0.59503)
 [0,0.59504)
 [0,0.595169)
 [0,0.595214)
 [0,0.595364)
 [0,0.595552)
 [0,0.595796)
 [0,0.595874)
 [0,0.595966)
 [0,0.596125)
 [0,0.596215)
 [0,0.596353)
 [0,0.596561)
 [0,0.596732)
 [0,0.596776)
 [0,0.59682)
 [0,0.596825)
 [0,0.596969)
 [0,0.597039)
 [0,0.597115)
 [0,0.597126)
 [0,0.597181)
 [0,0.59722)
 [0,0.597282)
 [0,0.597482)
 [0,0.59782)
 [0,0.598078)
 [0,0.598141)
 [0,0.598191)
 [0,0.598333)
 [0,0.598385)
 [0,0.598426)
 [0,0.598565)
 [0,0.598587)
 [0,0.598619)
 [0,0.598743)
 [0,0.598752)
 [0,0.599053)
 [0,0.599266)
 [0,0.599494)
 [0,0.599544)
 [0,0.599801)
 [0,0.599854)
 [0, )
 [0, )
 [0, )
 [0, )
 [0, )
 [0, )
 [0, )
 [0, )
 [0, )
 [0, )
 [0, )
 [0, )
 [0, )
 [0, )
 [0, )
 [0, )
 [0, )
 [0, )
 [0, )
 [0, )
 [0, )
 [0, )
 [0, )
 [0, )
 [0, )
 [0, )
 [0, )
 [0, )
 [0, )
 [0, )
 [0, )
 [0, )
 [0, )
 [0, )
 [0, )
 [0, )
 [0, )
 [0, )
 [0, )
 [0, )
 [0, )
 [0, )
 [0, )
 [0, )
 [0, )
 [0, )
 [0, )
 [0, )
 [0, )
 [0, )
 [0, )
 [0, )
 [0, )
 [0, )
 [0, )
 [0, )
 [0, )
 [0, )
 [0, )
 [0, )
 [0, )
 [0, )
 [0, )
 [0, )
 [0, )
 [0, )
 [0, )
 [0, )
 [0, )
 [0, )
 [0, )
 [0, )
 [0, )
 [0, )
 [0, )
 [0, )
 [0, )
 [0, )
 [0, )
 [0, )
 [0, )
 [0, )
 [0, )
 [0, )
 [0, )
 [0, )
 [0, )
 [0, )
 [0, )
 [0, )
 [0, )
 [0, )
 [0, )
 [0, )
 [0, )
 [0, )
 [0, )
 [0, )
 [0, )
 [0, )
 [0, )
 [0, )
 [0, )
 [0, )
 [0, )
 [0, )
 [0, )
 [0, )
 [0, )
 [0, )
 [0, )
 [0, )
 [0, )
 [0, )
 [0, )
 [0, )
 [0, )
 [0, )
 [0, )
 [0, )
 [0, )
 [0, )
 [0, )
 [0, )
 [0, )
 [0, )
 [0, )
 [0, )
 [0, )
 [0, )
 [0, )
 [0, )
 [0, )
 [0, )
 [0, )
 [0, )
 [0, )
 [0, )
 [0, )
 [0, )
 [0, )
 [0, )
 [0, )
 [0, )
 [0, )
 [0, )
 [0, )
 [0, )
 [0, )
 [0, )
 [0, )
 [0, )
 [0, )
 [0, )
 [0, )
 [0, )
 [0, )
 [0, )
 [0, )
 [0, )
 [0, )
 [0, )
 [0, )
 [0, )
 [0, )
 [0, )
 [0, )
 [0, )
 [0, )
 [0, )
 [0, )
 [0, )
 [0, )
 [0, )
 [0, )
 [0, )
 [0, )
 [0, )
 [0, )
 [0, )
 [0, )
 [0, )
 [0, )
 [0, )
 [0, )
 [0, )
 [0, )
 [0, )
 [0, )
 [0, )
 [0, )
 [0, )
 [0, )
 [0, )
 [0, )
 [0, )
 [0, )
 [0, )
 [0, )
 [0, )
 [0, )
 [0, )
 [0, )
 [0, )
 [0, )
 [0, )
 [0, )
 [0, )
 [0, )
 [0, )
 [0, )
 [0, )
 [0, )
 [0, )
 [0, )
 [0, )
 [0, )
 [0, )
 [0, )
 [0, )
 [0, )
 [0, )
 [0, )
 [0, )
 [0, )
 [0, )
 [0, )
 [0, )
 [0, )
 [0, )
 [0, )
 [0, )
 [0, )
 [0, )
 [0, )
 [0, )
 [0, )
 [0, )
 [0, )
 [0, )
 [0, )
 [0, )
 [0, )
 [0, )
 [0, )
 [0, )
 [0, )
 [0, )
 [0, )
 [0, )
 [0, )
 [0, )
 [0, )
 [0, )
 [0, )
 [0, )
 [0, )
 [0, )
 [0, )
 [0, )
 [0, )
 [0, )
 [0, )
 [0, )
 [0, )
 [0, )
 [0, )
 [0, )
 [0, )
 [0, )
 [0, )
 [0, )
 [0, )
 [0, )
 [0, )
 [0, )
 [0, )
 [0, )
 [0, )
 [0, )
 [0, )
 [0, )
 [0, )
 [0, )
 [0, )
 [0, )
 [0, )
 [0, )
 [0, )
 [0, )
 [0, )
 [0, )
 [0, )
 [0, )
 [0, )
 [0, )
 [0, )
 [0, )
 [0, )
 [0, )
 [0, )
 [0, )
 [0, )
 [0, )
 [0, )
 [0, )
 [0, )
 [0, )
 [0, )
 [0, )
 [0, )
 [0, )
 [0, )
 [0, )
 [0, )
 [0, )
 [0, )
 [0, )
 [0, )
 [0, )
 [0, )
 [0, )
 [0, )
 [0, )
 [0, )
 [0, )
 [0, )
 [0, )
 [0, )
 [0, )
 [0, )
 [0, )
 [0, )
 [0, )
 [0, )
 [0, )
 [0, )
 [0, )
 [0, )
 [0, )
 [0, )
 [0, )
 [0, )
 [0, )
 [0, )
 [0, )
 [0, )
 [0, )
 [0, )
 [0, )
 [0, )
 [0, )
 [0, )
 [0, )
 [0, )
 [0, )
 [0, )
 [0, )
 [0, )
 [0, )
 [0, )
 [0, )
 [0, )
 [0, )
 [0, )
 [0, )
 [0, )
 [0, )
 [0, )
 [0, )
 [0, )
 [0, )
 [0, )
 [0, )
 [0, )
 [0, )
 [0, )
 [0, )
 [0, )
 [0, )
 [0, )
 [0, )
 [0, )
 [0, )
 [0, )
 [0, )
 [0, )
 [0, )
 [0, )
 [0, )
 [0, )
 [0, )
 [0, )
 [0, )
 [0, )
 [0, )
 [0, )
 [0, )
 [0, )
 [0, )
 [0, )
 [0, )
 [0, )
 [0, )
 [0, )
 [0, )
 [0, )
 [0, )
 [0, )
 [0, )
 [0, )
 [0, )
 [0, )
 [0, )
 [0, )
 [0, )
 [0, )
 [0, )
 [0, )
 [0, )
 [0, )
 [0, )
 [0, )
 [0, )
 [0, )
 [0, )
 [0, )
 [0, )
 [0, )
 [0, )
 [0, )
 [0, )
 [0, )
 [0, )
 [0, )
 [0, )
 [0, )
 [0, )
 [0, )
 [0, )
 [0, )
 [0, )
 [0, )
 [0, )
 [0, )
 [0, )
 [0, )
 [0, )
 [0, )
 [0, )
 [0, )
 [0, )
 [0, )
 [0, )
 [0, )
 [0, )
 [0, )
 [0, )
 [0, )
 [0, )
 [0, )
 [0, )
 [0, )
 [0, )
 [0, )
 [0, )
 [0, )
 [0, )
 [0, )
 [0, )
 [0, )
 [0, )
 [0, )
 [0, )
 [0, )
 [0, )
 [0, )
 [0, )
 [0, )
 [0, )
 [0, )
 [0, )
 [0, )
 [0, )
 [0, )
 [0, )
 [0, )
 [0, )
 [0, )
 [0, )
 [0, )
 [0, )
 [0, )
 [0, )
 [0, )
 [0, )
 [0, )
 [0, )
 [0, )
 [0, )
 [0, )
 [0, )
 [0, )
 [0, )
 [0, )
 [0, )
 [0, )
 [0, )
 [0, )
 [0, )
 [0, )
 [0, )
 [0, )
 [0, )
 [0, )
 [0, )
 [0, )
 [0, )
 [0, )
 [0, )
 [0, )
 [0, )
 [0, )
 [0, )
 [0, )
 [0, )
 [0, )
 [0, )
 [0, )
 [0, )
 [0, )
 [0, )
 [0, )
 [0, )
 [0, )
 [0, )
 [0, )
 [0, )
 [0, )
 [0, )
 [0, )
 [0, )
 [0, )
 [0, )
 [0, )
 [0, )
 [0, )
 [0, )
 [0, )
 [0, )
 [0, )
 [0, )
 [0, )
 [0, )
 [0, )
 [0, )
 [0, )
 [0, )
 [0, )
 [0, )
 [0, )
 [0, )
 [0, )
 [0, )
 [0, )
 [0, )
 [0, )
 [0, )
 [0, )
 [0, )
 [0, )
 [0, )
 [0, )
 [0, )
 [0, )
 [0, )
 [0, )
 [0, )
 [0, )
 [0, )
 [0, )
 [0, )
 [0, )
 [0, )
 [0, )
 [0, )
 [0, )
 [0, )
 [0, )
 [0, )
 [0, )
 [0, )
 [0, )
 [0, )
 [0, )
 [0, )
 [0, )
 [0, )
 [0, )
 [0, )
 [0, )
 [0, )
 [0, )
 [0, )
 [0, )
 [0, )
 [0, )
 [0, )
 [0, )
 [0, )
 [0, )
 [0, )
 [0, )
 [0, )
 [0, )
 [0, )
 [0, )
 [0, )
 [0, )
 [0, )
 [0, )
 [0, )
 [0, )
 [0, )
 [0, )
 [0, )
 [0, )
 [0, )
 [0, )
 [0, )
 [0, )
 [0, )
 [0, )
 [0, )
 [0, )
 [0, )
 [0, )
 [0, )
 [0, )
 [0, )
 [0, )
 [0, )
 [0, )
 [0, )
 [0, )
 [0, )
 [0, )
 [0, )
 [0, )
 [0, )
 [0, )
 [0, )
 [0, )
 [0, )
 [0, )
 [0, )
 [0, )
 [0, )
 [0, )
 [0, )
 [0, )
 [0, )
 [0, )
 [0, )
 [0, )
 [0, )
 [0, )
 [0, )
 [0, )
 [0, )
 [0, )
 [0, )
 [0, )
 [0, )
 [0, )
 [0, )
 [0, )
 [0, )
 [0, )
 [0, )
 [0, )
 [0, )
 [0, )
 [0, )
 [0, )
 [0, )
 [0, )
 [0, )
 [0, )
 [0, )
 [0, )
 [0, )
 [0, )
 [0, )
 [0, )
 [0, )
 [0, )
 [0, )
 [0, )
 [0, )
 [0, )
 [0, )
 [0, )
 [0, )
 [0, )
 [0, )
 [0, )
 [0, )
 [0, )
 [0, )
 [0, )
 [0, )
 [0, )
 [0, )
 [0, )
 [0, )
 [0, )
 [0, )
 [0, )
 [0, )
 [0, )
 [0, )
 [0, )
 [0, )
 [0, )
 [0, )
 [0, )
 [0, )
 [0, )
 [0, )
 [0, )
 [0, )
 [0, )
 [0, )
 [0, )
 [0, )
 [0, )
 [0, )
 [0, )
 [0, )
 [0, )
 [0, )
 [0, )
 [0, )
 [0, )
 [0, )
 [0, )
 [0, )
 [0, )
 [0, )
 [0, )
 [0, )
 [0, )
 [0, )
 [0, )
 [0, )
 [0, )
 [0, )
 [0, )
 [0, )
 [0, )
 [0, )
 [0, )
 [0, )
 [0, )
 [0, )
 [0, )
 [0, )
 [0, )
 [0, )
 [0, )
 [0, )
 [0, )
 [0, )
 [0, )
 [0, )
 [0, )
 [0, )
 [0, )
 [0, )
 [0, )
 [0, )
 [0, )
 [0, )
 [0, )
 [0, )
 [0, )
 [0, )
 [0, )
 [0, )
 [0, )
 [0, )
 [0, )
 [0, )
 [0, )
 [0, )
 [0, )
 [0, )
 [0, )
 [0, )
 [0, )
 [0, )
 [0, )
 [0, )
 [0, )
 [0, )
 [0, )
 [0, )
 [0, )
 [0, )
 [0, )
 [0, )
 [0, )
 [0, )
 [0, )
 [0, )
 [0, )
 [0, )
 [0, )
 [0, )
 [0, )
 [0, )
 [0, )
 [0, )
 [0, )
 [0, )
 [0, )
 [0, )
 [0, )
 [0, )
 [0, )
 [0, )
 [0, )
 [0, )
 [0, )
 [0, )
 [0, )
 [0, )
 [0, )
 [0, )
 [0, )
 [0, )
 [0, )
 [0, )
 [0, )
 [0, )
 [0, )
 [0, )
 [0, )
 [0, )
 [0, )
 [0, )
 [0, )
 [0, )
 [0, )
 [0, )
 [0, )
 [0, )
 [0, )
 [0, )
 [0, )
 [0, )
 [0, )
 [0, )
 [0, )
 [0, )
 [0, )
 [0, )
 [0, )
 [0, )
 [0, )
 [0, )
 [0, )
 [0, )
 [0, )
 [0, )
 [0, )
 [0, )
 [0, )
 [0, )
 [0, )
 [0, )
 [0, )
 [0, )
 [0, )
 [0, )
 [0, )
 [0, )
 [0, )
 [0, )
 [0, )
 [0, )
 [0, )
 [0, )
 [0, )
 [0, )
 [0, )
 [0, )
 [0, )
 [0, )
 [0, )
 [0, )
 [0, )
 [0, )
 [0, )
 [0, )
 [0, )
 [0, )
 [0, )
 [0, )
 [0, )
 [0, )
 [0, )
 [0, )
 [0, )
 [0, )
 [0, )
 [0, )
 [0, )
 [0, )
 [0, )
 [0, )
 [0, )
 [0, )
 [0, )
 [0, )
 [0, )
 [0, )
 [0, )
 [0, )
 [0, )
 [0, )
 [0, )
 [0, )
 [0, )
 [0, )
 [0, )
 [0, )
 [0, )
 [0, )
 [0, )
 [0, )
 [0, )
 [0, )
 [0, )
 [0, )
 [0, )
 [0, )
 [0, )
 [0, )
 [0, )
 [0, )
 [0, )
 [0, )
 [0, )
 [0, )
 [0, )
 [0, )
 [0, )
 [0, )
 [0, )
 [0, )
 [0, )
 [0, )
 [0, )
 [0, )
 [0, )
 [0, )
 [0, )
 [0, )
 [0, )
 [0, )
 [0, )
 [0, )
 [0, )
 [0, )
 [0, )
 [0, )
 [0, )
 [0, )
 [0, )
 [0, )
 [0, )
 [0, )
 [0, )
 [0, )
 [0, )
 [0, )
 [0, )
 [0, )
 [0, )
 [0, )
 [0, )
 [0, )
 [0, )
 [0, )
 [0, )
 [0, )
 [0, )
 [0, )
 [0, )
 [0, )
 [0, )
 [0, )
 [0, )
 [0, )
 [0, )
 [0, )
 [0, )
 [0, )
 [0, )
 [0, )
 [0, )
 [0, )
 [0, )
 [0, )
 [0, )
 [0, )
 [0, )
 [0, )
 [0, )
 [0, )
 [0, )
 [0, )
 [0, )
 [0, )
 [0, )
 [0, )
 [0, )
 [0, )
 [0, )
 [0, )
 [0, )
 [0, )
 [0, )
 [0, )
 [0, )
 [0, )
 [0, )
 [0, )
 [0, )
 [0, )
 [0, )
 [0, )
 [0, )
 [0, )
 [0, )
 [0, )
 [0, )
 [0, )
 [0, )
 [0, )
 [0, )
 [0, )
 [0, )
 [0, )
 [0, )
 [0, )
 [0, )
 [0, )
 [0, )
 [0, )
 [0, )
 [0, )
 [0, )
 [0, )
 [0, )
 [0, )
 [0, )
 [0, )
 [0, )
 [0, )
 [0, )
 [0, )
 [0, )
 [0, )
 [0, )
 [0, )
 [0, )
 [0, )
 [0, )
 [0, )
 [0, )
 [0, )
 [0, )
 [0, )
 [0, )
 [0, )
 [0, )
 [0, )
 [0, )
 [0, )
 [0, )
 [0, )
 [0, )
 [0, )
 [0, )
 [0, )
 [0, )
 [0, )
 [0, )
 [0, )
 [0, )
 [0, )
 [0, )
 [0, )
 [0, )
 [0, )
 [0, )
 [0, )
 [0, )
 [0, )
 [0, )
 [0, )
 [0, )
 [0, )
 [0, )
 [0, )
 [0, )
 [0, )
 [0, )
 [0, )
 [0, )
 [0, )
 [0, )
 [0, )
 [0, )
 [0, )
 [0, )
 [0, )
 [0, )
 [0, )
 [0, )
 [0, )
 [0, )
 [0, )
 [0, )
 [0, )
 [0, )
 [0, )
 [0, )
 [0, )
 [0, )
 [0, )
 [0, )
 [0, )
 [0, )
 [0, )
 [0, )
 [0, )
 [0, )
 [0, )
 [0, )
 [0, )
 [0, )
 [0, )
 [0, )
 [0, )
 [0, )
 [0, )
 [0, )
 [0, )
 [0, )
 [0, )
 [0, )
 [0, )
 [0, )
 [0, )
 [0, )
 [0, )
 [0, )
 [0, )
 [0, )
 [0, )
 [0, )
 [0, )
 [0, )
 [0, )
 [0, )
 [0, )
 [0, )
 [0, )
 [0, )
 [0, )
 [0, )
 [0, )
 [0, )
 [0, )
 [0, )
 [0, )
 [0, )
 [0, )
 [0, )
 [0, )
 [0, )
 [0, )
 [0, )
 [0, )
 [0, )
 [0, )
 [0, )
 [0, )
 [0, )
 [0, )
 [0, )
 [0, )
 [0, )
 [0, )
 [0, )
 [0, )
 [0, )
 [0, )
 [0, )
 [0, )
 [0, )
 [0, )
 [0, )
 [0, )
 [0, )
 [0, )
 [0, )
 [0, )
 [0, )
 [0, )
 [0, )
 [0, )
 [0, )
 [0, )
 [0, )
 [0, )
 [0, )
 [0, )
 [0, )
 [0, )
 [0, )
 [0, )
 [0, )
 [0, )
 [0, )
 [0, )
 [0, )
 [0, )
 [0, )
 [0, )
 [0, )
 [0, )
 [0, )
 [0, )
 [0, )
 [0, )
 [0, )
 [0, )
 [0, )
 [0, )
 [0, )
 [0, )
 [0, )
 [0, )
 [0, )
 [0, )
 [0, )
 [0, )
 [0, )
 [0, )
 [0, )
 [0, )
 [0, )
 [0, )
 [0, )
 [0, )
 [0, )
 [0, )
 [0, )
 [0, )
 [0, )
 [0, )
 [0, )
 [0, )
 [0, )
 [0, )
 [0, )
 [0, )
 [0, )
 [0, )
 [0, )
 [0, )
 [0, )
 [0, )
 [0, )
 [0, )
 [0, )
 [0, )
 [0, )
 [0, )
 [0, )
 [0, )
 [0, )
 [0, )
 [0, )
 [0, )
 [0, )
 [0, )
 [0, )
 [0, )
 [0, )
 [0, )
 [0, )
 [0, )
 [0, )
 [0, )
 [0, )
 [0, )
 [0, )
 [0, )
 [0, )
 [0, )
 [0, )
 [0, )
 [0, )
 [0, )
 [0, )
 [0, )
 [0, )
 [0, )
 [0, )
 [0, )
 [0, )
 [0, )
 [0, )
 [0, )
 [0, )
 [0, )
 [0, )
 [0, )
 [0, )
 [0, )
 [0, )
 [0, )
 [0, )
 [0, )
 [0, )
 [0, )
 [0, )
 [0, )
 [0, )
 [0, )
 [0, )
 [0, )
 [0, )
 [0, )
 [0, )
 [0, )
 [0, )
 [0, )
 [0, )
 [0, )
 [0, )
 [0, )
 [0, )
 [0, )
 [0, )
 [0, )
 [0, )
 [0, )
 [0, )
 [0, )
 [0, )
 [0, )
 [0, )
 [0, )
 [0, )
 [0, )
 [0, )
 [0, )
 [0, )
 [0, )
 [0, )
 [0, )
 [0, )
 [0, )
 [0, )
 [0, )
 [0, )
 [0, )
 [0, )
 [0, )
 [0, )
 [0, )
 [0, )
 [0, )
 [0, )
 [0, )
 [0, )
 [0, )
 [0, )
 [0, )
 [0, )
 [0, )
 [0, )
 [0, )
 [0, )
 [0, )
 [0, )
 [0, )
 [0, )
 [0, )
 [0, )
 [0, )
 [0, )
 [0, )
 [0, )
 [0, )
 [0, )
 [0, )
 [0, )
 [0, )
 [0, )
 [0, )
 [0, )
 [0, )
 [0, )
 [0, )
 [0, )
 [0, )
 [0, )
 [0, )
 [0, )
 [0, )
 [0, )
 [0, )
 [0, )
 [0, )
 [0, )
 [0, )
 [0, )
 [0, )
 [0, )
 [0, )
 [0, )
 [0, )
 [0, )
 [0, )
 [0, )
 [0, )
 [0, )
 [0, )
 [0, )
 [0, )
 [0, )
 [0, )
 [0, )
 [0, )
 [0, )
 [0, )
 [0, )
 [0, )
 [0, )
 [0, )
 [0, )
 [0, )
 [0, )
 [0, )
 [0, )
 [0, )
 [0, )
 [0, )
 [0, )
 [0, )
 [0, )
 [0, )
 [0, )
 [0, )
 [0, )
 [0, )
 [0, )
 [0, )
 [0, )
 [0, )
 [0, )
 [0, )
 [0, )
 [0, )
 [0, )
 [0, )
 [0, )
 [0, )
 [0, )
 [0, )
 [0, )
 [0, )
 [0, )
 [0, )
 [0, )
 [0, )
 [0, )
 [0, )
 [0, )
 [0, )
 [0, )
 [0, )
 [0, )
 [0, )
 [0, )
 [0, )
 [0, )
 [0, )
 [0, )
 [0, )
 [0, )
 [0, )
 [0, )
 [0, )
 [0, )
 [0, )
 [0, )
 [0, )
 [0, )
 [0, )
 [0, )
 [0, )
 [0, )
 [0, )
 [0, )
 [0, )
 [0, )
 [0, )
 [0, )
 [0, )
 [0, )
 [0, )
 [0, )
 [0, )
 [0, )
 [0, )
 [0, )
 [0, )
 [0, )
 [0, )
 [0, )
 [0, )
 [0, )
 [0, )
 [0, )
 [0, )
 [0, )
 [0, )
 [0, )
 [0, )
 [0, )
 [0, )
 [0, )
 [0, )
 [0, )
 [0, )
 [0, )
 [0, )
 [0, )
 [0, )
 [0, )
 [0, )
 [0, )
 [0, )
 [0, )
 [0, )
 [0, )
 [0, )
 [0, )
 [0, )
 [0, )
 [0, )
 [0, )
 [0, )
 [0, )
 [0, )
 [0, )
 [0, )
 [0, )
 [0, )
 [0, )
 [0, )
 [0, )
 [0, )
 [0, )
 [0, )
 [0, )
 [0, )
 [0, )
 [0, )
 [0, )
 [0, )
 [0, )
 [0, )
 [0, )
 [0, )
 [0, )
 [0, )
 [0, )
 [0, )
 [0, )
 [0, )
 [0, )
 [0, )
 [0, )
 [0, )
 [0, )
 [0, )
 [0, )
 [0, )
 [0, )
 [0, )
 [0, )
 [0, )
 [0, )
 [0, )
 [0, )
 [0, )
 [0, )
 [0, )
 [0, )
 [0, )
 [0, )
 [0, )
 [0, )
 [0, )
 [0, )
 [0, )
 [0, )
 [0, )
 [0, )
 [0, )
 [0, )
 [0, )
 [0, )
 [0, )
 [0, )
 [0, )
 [0, )
 [0, )
 [0, )
 [0, )
 [0, )
 [0, )
 [0, )
 [0, )
 [0, )
 [0, )
 [0, )
 [0, )
 [0, )
 [0, )
 [0, )
 [0, )
 [0, )
 [0, )
 [0, )
 [0, )
 [0, )
 [0, )
 [0, )
 [0, )
 [0, )
 [0, )
 [0, )
 [0, )
 [0, )
 [0, )
 [0, )
 [0, )
 [0, )
 [0, )
 [0, )
 [0, )
 [0, )
 [0, )
 [0, )
 [0, )
 [0, )
 [0, )
 [0, )
 [0, )
 [0, )
 [0, )
 [0, )
 [0, )
 [0, )
 [0, )
 [0, )
 [0, )
 [0, )
 [0, )
 [0, )
 [0, )
 [0, )
 [0, )
 [0, )
 [0, )
 [0, )
 [0, )
 [0, )
 [0, )
 [0, )
 [0, )
 [0, )
 [0, )
 [0, )
 [0, )
 [0, )
 [0, )
 [0, )
 [0, )
 [0, )
 [0, )
 [0, )
 [0, )
 [0, )
 [0, )
 [0, )
 [0, )
 [0, )
 [0, )
 [0, )
 [0, )
 [0, )
 [0, )
 [0, )
 [0, )
 [0, )
 [0, )
 [0, )
 [0, )
 [0, )
 [0, )
 [0, )
 [0, )
 [0, )
 [0, )
 [0, )
 [0, )
 [0, )
 [0, )
 [0, )
 [0, )
 [0, )
 [0, )
 [0, )
 [0, )
 [0, )
 [0, )
 [0, )
 [0, )
 [0, )
 [0, )
 [0, )
 [0, )
 [0, )
 [0, )
 [0, )
 [0, )
 [0, )
 [0, )
 [0, )
 [0, )
 [0, )
 [0, )
 [0, )
 [0, )
 [0, )
 [0, )
 [0, )
 [0, )
 [0, )
 [0, )
 [0, )
 [0, )
 [0, )
 [0, )
 [0, )
 [0, )
 [0, )
 [0, )
 [0, )
 [0, )
 [0, )
 [0, )
 [0, )
 [0, )
 [0, )
 [0, )
 [0, )
 [0, )
 [0, )
 [0, )
 [0, )
 [0, )
 [0, )
 [0, )
 [0, )
 [0, )
 [0, )
 [0, )
 [0, )
 [0, )
 [0, )
 [0, )
 [0, )
 [0, )
 [0, )
 [0, )
 [0, )
 [0, )
 [0, )
 [0, )
 [0, )
 [0, )
 [0, )
 [0, )
 [0, )
 [0, )
 [0, )
 [0, )
 [0, )
 [0, )
 [0, )
 [0, )
 [0, )
 [0, )
 [0, )
 [0, )
 [0, )
 [0, )
 [0, )
 [0, )
 [0, )
 [0, )
 [0, )
 [0, )
 [0, )
 [0, )
 [0, )
 [0, )
 [0, )
 [0, )
 [0, )
 [0, )
 [0, )
 [0, )
 [0, )
 [0, )
 [0, )
 [0, )
 [0, )
 [0, )
 [0, )
 [0, )
 [0, )
 [0, )
 [0, )
 [0, )
 [0, )
 [0, )
 [0, )
 [0, )
 [0, )
 [0, )
 [0, )
 [0, )
 [0, )
 [0, )
 [0, )
 [0, )
 [0, )
 [0, )
 [0, )
 [0, )
 [0, )
 [0, )
 [0, )
 [0, )
 [0, )
 [0, )
 [0, )
 [0, )
 [0, )
 [0, )
 [0, )
 [0, )
 [0, )
 [0, )
 [0, )
 [0, )
 [0, )
 [0, )
 [0, )
 [0, )
 [0, )
 [0, )
 [0, )
 [0, )
 [0, )
 [0, )
 [0, )
 [0, )
 [0, )
 [0, )
 [0, )
 [0, )
 [0, )
 [0, )
 [0, )
 [0, )
 [0, )
 [0, )
 [0, )
 [0, )
 [0, )
 [0, )
 [0, )
 [0, )
 [0, )
 [0, )
 [0, )
 [0, )
 [0, )
 [0, )
 [0, )
 [0, )
 [0, )
 [0, )
 [0, )
 [0, )
 [0, )
 [0, )
 [0, )
 [0, )
 [0, )
 [0, )
 [0, )
 [0, )
 [0, )
 [0, )
 [0, )
 [0, )
 [0, )
 [0, )
 [0, )
 [0, )
 [0, )
 [0, )
 [0, )
 [0, )
 [0, )
 [0, )
 [0, )
 [0, )
 [0, )
 [0, )
 [0, )
 [0, )
 [0, )
 [0, )
 [0, )
 [0, )
 [0, )
 [0, )
 [0, )
 [0, )
 [0, )
 [0, )
 [0, )
 [0, )
 [0, )
 [0, )
 [0, )
 [0, )
 [0, )
 [0, )
 [0, )
 [0, )
 [0, )
 [0, )
 [0, )
 [0, )
 [0, )
 [0, )
 [0, )
 [0, )
 [0, )
 [0, )
 [0, )
 [0, )
 [0, )
 [0, )
 [0, )
 [0, )
 [0, )
 [0, )
 [0, )
 [0, )
 [0, )
 [0, )
 [0, )
 [0, )
 [0, )
 [0, )
 [0, )
 [0, )
 [0, )
 [0, )
 [0, )
 [0, )
 [0, )
 [0, )
 [0, )
 [0, )
 [0, )
 [0, )
 [0, )
 [0, )
 [0, )
 [0, )
 [0, )
 [0, )
 [0, )
 [0, )
 [0, )
 [0, )
 [0, )
 [0, )
 [0, )
 [0, )
 [0, )
 [0, )
 [0, )
 [0, )
 [0, )
 [0, )
 [0, )
 [0, )
 [0, )
 [0, )
 [0, )
 [0, )
 [0, )
 [0, )
 [0, )
 [0, )
 [0, )
 [0, )
 [0, )
 [0, )
 [0, )
 [0, )
 [0, )
 [0, )
 [0, )
 [0, )
 [0, )
 [0, )
 [0, )
 [0, )
 [0, )
 [0, )
 [0, )
 [0, )
 [0, )
 [0, )
 [0, )
 [0, )
 [0, )
 [0, )
 [0, )
 [0, )
 [0, )
 [0, )
 [0, )
 [0, )
 [0, )
 [0, )
 [0, )
 [0, )
 [0, )
 [0, )
 [0, )
 [0, )
 [0, )
 [0, )
 [0, )
 [0, )
 [0, )
 [0, )
 [0, )
 [0, )
 [0, )
 [0, )
 [0, )
 [0, )
 [0, )
 [0, )
 [0, )
 [0, )
 [0, )
 [0, )
 [0, )
 [0, )
 [0, )
 [0, )
 [0, )
 [0, )
 [0, )
 [0, )
 [0, )
 [0, )
 [0, )
 [0, )
 [0, )
 [0, )
 [0, )
 [0, )
 [0, )
 [0, )
 [0, )
 [0, )
 [0, )
 [0, )
 [0, )
 [0, )
 [0, )
 [0, )
 [0, )
 [0, )
 [0, )
 [0, )
 [0, )
 [0, )
 [0, )
 [0, )
 [0, )
 [0, )
 [0, )
 [0, )
 [0, )
 [0, )
 [0, )
 [0, )
 [0, )
 [0, )
 [0, )
 [0, )
 [0, )
 [0, )
 [0, )
 [0, )
 [0, )
 [0, )
 [0, )
 [0, )
 [0, )
 [0, )
 [0, )
 [0, )
 [0, )
 [0, )
 [0, )
 [0, )
 [0, )
 [0, )
 [0, )
 [0, )
 [0, )
 [0, )
 [0, )
 [0, )
 [0, )
 [0, )
 [0, )
 [0, )
 [0, )
 [0, )
 [0, )
 [0, )
 [0, )
 [0, )
 [0, )
 [0, )
 [0, )
 [0, )
 [0, )
 [0, )
 [0, )
 [0, )
 [0, )
 [0, )
 [0, )
 [0, )
 [0, )
 [0, )
 [0, )
 [0, )
 [0, )
 [0, )
 [0, )
 [0, )
 [0, )
 [0, )
 [0, )
 [0, )
 [0, )
 [0, )
 [0, )
 [0, )
 [0, )
 [0, )
 [0, )
 [0, )
 [0, )
 [0, )
 [0, )
 [0, )
 [0, )
 [0, )
 [0, )
 [0, )
 [0, )
 [0, )
 [0, )
 [0, )
 [0, )
 [0, )
 [0, )
 [0, )
 [0, )
 [0, )
 [0, )
 [0, )
 [0, )
 [0, )
 [0, )
 [0, )
 [0, )
 [0, )
 [0, )
 [0, )
 [0, )
 [0, )
 [0, )
 [0, )
 [0, )
 [0, )
 [0, )
 [0, )
 [0, )
 [0, )
 [0, )
 [0, )
 [0, )
 [0, )
 [0, )
 [0, )
 [0, )
 [0, )
 [0, )
 [0, )
 [0, )
 [0, )
 [0, )
 [0, )
 [0, )
 [0, )
 [0, )
 [0, )
 [0, )
 [0, )
 [0, )
 [0, )
 [0, )
 [0, )
 [0, )
 [0, )
 [0, )
 [0, )
 [0, )
 [0, )
 [0, )
 [0, )
 [0, )
 [0, )
 [0, )
 [0, )
 [0, )
 [0, )
 [0, )
 [0, )
 [0, )
 [0, )
 [0, )
 [0, )
 [0, )
 [0, )
 [0, )
 [0, )
 [0, )
 [0, )
 [0, )
 [0, )
 [0, )
 [0, )
 [0, )
 [0, )
 [0, )
 [0, )
 [0, )
 [0, )
 [0, )
 [0, )
 [0, )
 [0, )
 [0, )
 [0, )
 [0, )
 [0, )
 [0, )
 [0, )
 [0, )
 [0, )
 [0, )
 [0, )
 [0, )
 [0, )
 [0, )
 [0, )
 [0, )
 [0, )
 [0, )
 [0, )
 [0, )
 [0, )
 [0, )
 [0, )
 [0, )
 [0, )
 [0, )
 [0, )
 [0, )
 [0, )
 [0, )
 [0, )
 [0, )
 [0, )
 [0, )
 [0, )
 [0, )
 [0, )
 [0, )
 [0, )
 [0, )
 [0, )
 [0, )
 [0, )
 [0, )
 [0, )
 [0, )
 [0, )
 [0, )
 [0, )
 [0, )
 [0, )
 [0, )
 [0, )
 [0, )
 [0, )
 [0, )
 [0, )
 [0, )
 [0, )
 [0, )
 [0, )
 [0, )
 [0, )
 [0, )
 [0, )
 [0, )
 [0, )
 [0, )
 [0, )
 [0, )
 [0, )
 [0, )
 [0, )
 [0, )
 [0, )
 [0, )
 [0, )
 [0, )
 [0, )
 [0, )
 [0, )
 [0, )
 [0, )
 [0, )
 [0, )
 [0, )
 [0, )
 [0, )
 [0, )
 [0, )
 [0, )
 [0, )
 [0, )
 [0, )
 [0, )
 [0, )
 [0, )
 [0, )
 [0, )
 [0, )
 [0, )
 [0, )
 [0, )
 [0, )
 [0, )
 [0, )
 [0, )
 [0, )
 [0, )
 [0, )
 [0, )
 [0, )
 [0, )
 [0, )
 [0, )
 [0, )
 [0, )
 [0, )
 [0, )
 [0, )
 [0, )
 [0, )
 [0, )
 [0, )
 [0, )
 [0, )
 [0, )
 [0, )
 [0, )
 [0, )
 [0, )
 [0, )
 [0, )
 [0, )
 [0, )
 [0, )
 [0, )
 [0, )
 [0, )
 [0, )
 [0, )
 [0, )
 [0, )
 [0, )
 [0, )
 [0, )
 [0, )
 [0, )
 [0, )
 [0, )
 [0, )
 [0, )
 [0, )
 [0, )
 [0, )
 [0, )
 [0, )
 [0, )
 [0, )
 [0, )
 [0, )
 [0, )
 [0, )
 [0, )
 [0, )
 [0, )
 [0, )
 [0, )
 [0, )
 [0, )
 [0, )
 [0, )
 [0, )
 [0, )
 [0, )
 [0, )
 [0, )
 [0, )
 [0, )
 [0, )
 [0, )
 [0, )
 [0, )
 [0, )
 [0, )
 [0, )
 [0, )
 [0, )
 [0, )
 [0, )
 [0, )
 [0, )
 [0, )
 [0, )
 [0, )
 [0, )
 [0, )
 [0, )
 [0, )
 [0, )
 [0, )
 [0, )
 [0, )
 [0, )
 [0, )
 [0, )
 [0, )
 [0, )
 [0, )
 [0, )
 [0, )
 [0, )
 [0, )
 [0, )
 [0, )
 [0, )
 [0, )
 [0, )
 [0, )
 [0, )
 [0, )
 [0, )
 [0, )
 [0, )
 [0, )
 [0, )
 [0, )
 [0, )
 [0, )
 [0, )
 [0, )
 [0, )
 [0, )
 [0, )
 [0, )
 [0, )
 [0, )
 [0, )
 [0, )
 [0, )
 [0, )
 [0, )
 [0, )
 [0, )
 [0, )
 [0, )
 [0, )
 [0, )
 [0, )
 [0, )
 [0, )
 [0, )
 [0, )
 [0, )
 [0, )
 [0, )
 [0, )
 [0, )
 [0, )
 [0, )
 [0, )
 [0, )
 [0, )
 [0, )
 [0, )
 [0, )
 [0, )
 [0, )
 [0, )
 [0, )
 [0, )
 [0, )
 [0, )
 [0, )
 [0, )
 [0, )
 [0, )
 [0, )
 [0, )
 [0, )
 [0, )
 [0, )
 [0, )
 [0, )
 [0, )
 [0, )
 [0, )
 [0, )
 [0, )
 [0, )
 [0, )
 [0, )
 [0, )
 [0, )
 [0, )
 [0, )
 [0, )
 [0, )
 [0, )
 [0, )
 [0, )
 [0, )
 [0, )
 [0, )
 [0, )
 [0, )
 [0, )
 [0, )
 [0, )
 [0, )
 [0, )
 [0, )
 [0, )
 [0, )
 [0, )
 [0, )
 [0, )
 [0, )
 [0, )
 [0, )
 [0, )
 [0, )
 [0, )
 [0, )
 [0, )
 [0, )
 [0, )
 [0, )
 [0, )
 [0, )
 [0, )
 [0, )
 [0, )
 [0, )
 [0, )
 [0, )
 [0, )
 [0, )
 [0, )
 [0, )
 [0, )
 [0, )
 [0, )
 [0, )
 [0, )
 [0, )
 [0, )
 [0, )
 [0, )
 [0, )
 [0, )
 [0, )
 [0, )
 [0, )
 [0, )
 [0, )
 [0, )
 [0, )
 [0, )
 [0, )
 [0, )
 [0, )
 [0, )
 [0, )
 [0, )
 [0, )
 [0, )
 [0, )
 [0, )
 [0, )
 [0, )
 [0, )
 [0, )
 [0, )
 [0, )
 [0, )
 [0, )
 [0, )
 [0, )
 [0, )
 [0, )
 [0, )
 [0, )
 [0, )
 [0, )
 [0, )
 [0, )
 [0, )
 [0, )
 [0, )
 [0, )
 [0, )
 [0, )
 [0, )
 [0, )
 [0, )
 [0, )
 [0, )
 [0, )
 [0, )
 [0, )
 [0, )
 [0, )
 [0, )
 [0, )
 [0, )
 [0, )
 [0, )
 [0, )
 [0, )
 [0, )
 [0, )
 [0, )
 [0, )
 [0, )
 [0, )
 [0, )
 [0, )
 [0, )
 [0, )
 [0, )
 [0, )
 [0, )
 [0, )
 [0, )
 [0, )
 [0, )
 [0, )
 [0, )
 [0, )
 [0, )
 [0, )
 [0, )
 [0, )
 [0, )
 [0, )
 [0, )
 [0, )
 [0, )
 [0, )
 [0, )
 [0, )
 [0, )
 [0, )
 [0, )
 [0, )
 [0, )
 [0, )
 [0, )
 [0, )
 [0, )
 [0, )
 [0, )
 [0, )
 [0, )
 [0, )
 [0, )
 [0, )
 [0, )
 [0, )
 [0, )
 [0, )
 [0, )
 [0, )
 [0, )
 [0, )
 [0, )
 [0, )
 [0, )
 [0, )
 [0, )
 [0, )
 [0, )
 [0, )
 [0, )
 [0, )
 [0, )
 [0, )
 [0, )
 [0, )
 [0, )
 [0, )
 [0, )
 [0, )
 [0, )
 [0, )
 [0, )
 [0, )
 [0, )
 [0, )
 [0, )
 [0, )
 [0, )
 [0, )
 [0, )
 [0, )
 [0, )
 [0, )
 [0, )
 [0, )
 [0, )
 [0, )
 [0, )
 [0, )
 [0, )
 [0, )
 [0, )
 [0, )
 [0, )
 [0, )
 [0, )
 [0, )
 [0, )
 [0, )
 [0, )
 [0, )
 [0, )
 [0, )
 [0, )
 [0, )
 [0, )
 [0, )
 [0, )
 [0, )
 [0, )
 [0, )
 [0, )
 [0, )
 [0, )
 [0, )
 [0, )
 [0, )
 [0, )
 [0, )
 [0, )
 [0, )
 [0, )
 [0, )
 [0, )
 [0, )
 [0, )
 [0, )
 [0, )
 [0, )
 [0, )
 [0, )
 [0, )
 [0, )
 [0, )
 [0, )
 [0, )
 [0, )
 [0, )
 [0, )
 [0, )
 [0, )
 [0, )
 [0, )
 [0, )
 [0, )
 [0, )
 [0, )
 [0, )
 [0, )
 [0, )
 [0, )
 [0, )
 [0, )
 [0, )
 [0, )
 [0, )
 [0, )
 [0, )
 [0, )
 [0, )
 [0, )
 [0, )
 [0, )
 [0, )
 [0, )
 [0, )
 [0, )
 [0, )
 [0, )
 [0, )
 [0, )
 [0, )
 [0, )
 [0, )
 [0, )
 [0, )
 [0, )
 [0, )
 [0, )
 [0, )
 [0, )
 [0, )
 [0, )
 [0, )
 [0, )
 [0, )
 [0, )
 [0, )
 [0, )
 [0, )
 [0, )
 [0, )
 [0, )
 [0, )
 [0, )
 [0, )
 [0, )
 [0, )
 [0, )
 [0, )
 [0, )
 [0, )
 [0, )
 [0, )
 [0, )
 [0, )
 [0, )
 [0, )
 [0, )
 [0, )
 [0, )
 [0, )
 [0, )
 [0, )
 [0, )
 [0, )
 [0, )
 [0, )
 [0, )
 [0, )
 [0, )
 [0, )
 [0, )
 [0, )
 [0, )
 [0, )
 [0, )
 [0, )
 [0, )
 [0, )
 [0, )
 [0, )
 [0, )
 [0, )
 [0, )
 [0, )
 [0, )
 [0, )
 [0, )
 [0, )
 [0, )
 [0, )
 [0, )
 [0, )
 [0, )
 [0, )
 [0, )
 [0, )
 [0, )
 [0, )
 [0, )
 [0, )
 [0, )
 [0, )
 [0, )
 [0, )
 [0, )
 [0, )
 [0, )
 [0, )
 [0, )
 [0, )
 [0, )
 [0, )
 [0, )
 [0, )
 [0, )
 [0, )
 [0, )
 [0, )
 [0, )
 [0, )
 [0, )
 [0, )
 [0, )
 [0, )
 [0, )
 [0, )
 [0, )
 [0, )
 [0, )
 [0, )
 [0, )
 [0, )
 [0, )
 [0, )
 [0, )
 [0, )
 [0, )
 [0, )
 [0, )
 [0, )
 [0, )
 [0, )
 [0, )
 [0, )
 [0, )
 [0, )
 [0, )
 [0, )
 [0, )
 [0, )
 [0, )
 [0, )
 [0, )
 [0, )
 [0, )
 [0, )
 [0, )
 [0, )
 [0, )
 [0, )
 [0, )
 [0, )
 [0, )
 [0, )
 [0, )
 [0, )
 [0, )
 [0, )
 [0, )
 [0, )
 [0, )
 [0, )
 [0, )
 [0, )
 [0, )
 [0, )
 [0, )
 [0, )
 [0, )
 [0, )
 [0, )
 [0, )
 [0, )
 [0, )
 [0, )
 [0, )
 [0, )
 [0, )
 [0, )
 [0, )
 [0, )
 [0, )
 [0, )
 [0, )
 [0, )
 [0, )
 [0, )
 [0, )
 [0, )
 [0, )
 [0, )
 [0, )
 [0, )
 [0, )
 [0, )
 [0, )
 [0, )
 [0, )
 [0, )
 [0, )
 [0, )
 [0, )
 [0, )
 [0, )
 [0, )
 [0, )
 [0, )
 [0, )
 [0, )
 [0, )
 [0, )
 [0, )
 [0, )
 [0, )
 [0, )
 [0, )
 [0, )
 [0, )
 [0, )
 [0, )
 [0, )
 [0, )
 [0, )
 [0, )
 [0, )
 [0, )
 [0, )
 [0, )
 [0, )
 [0, )
 [0, )
 [0, )
 [0, )
 [0, )
 [0, )
 [0, )
 [0, )
 [0, )
 [0, )
 [0, )
 [0, )
 [0, )
 [0, )
 [0, )
 [0, )
 [0, )
 [0, )
 [0, )
 [0, )
 [0, )
 [0, )
 [0, )
 [0, )
 [0, )
 [0, )
 [0, )
 [0, )
 [0, )
 [0, )
 [0, )
 [0, )
 [0, )
 [0, )
 [0, )
 [0, )
 [0, )
 [0, )
 [0, )
 [0, )
 [0, )
 [0, )
 [0, )
 [0, )
 [0, )
 [0, )
 [0, )
 [0, )
 [0, )
 [0, )
 [0, )
 [0, )
 [0, )
 [0, )
 [0, )
 [0, )
 [0, )
 [0, )
 [0, )
 [0, )
 [0, )
 [0, )
 [0, )
 [0, )
 [0, )
 [0, )
 [0, )
 [0, )
 [0, )
 [0, )
 [0, )
 [0, )
 [0, )
 [0, )
 [0, )
 [0, )
 [0, )
 [0, )
 [0, )
 [0, )
 [0, )
 [0, )
 [0, )
 [0, )
 [0, )
 [0, )
 [0, )
 [0, )
 [0, )
 [0, )
 [0, )
 [0, )
 [0, )
 [0, )
 [0, )
 [0, )
 [0, )
 [0, )
 [0, )
 [0, )
 [0, )
 [0, )
 [0, )
 [0, )
 [0, )
 [0, )
 [0, )
 [0, )
 [0, )
 [0, )
 [0, )
 [0, )
 [0, )
 [0, )
 [0, )
 [0, )
 [0, )
 [0, )
 [0, )
 [0, )
 [0, )
 [0, )
 [0, )
 [0, )
 [0, )
 [0, )
 [0, )
 [0, )
 [0, )
 [0, )
 [0, )
 [0, )
 [0, )
 [0, )
 [0, )
 [0, )
 [0, )
 [0, )
 [0, )
 [0, )
 [0, )
 [0, )
 [0, )
 [0, )
 [0, )
 [0, )
 [0, )
 [0, )
 [0, )
 [0, )
 [0, )
 [0, )
 [0, )
 [0, )
 [0, )
 [0, )
 [0, )
 [0, )
 [0, )
 [0, )
 [0, )
 [0, )
 [0, )
 [0, )
 [0, )
 [0, )
 [0, )
 [0, )
 [0, )
 [0, )
 [0, )
 [0, )
 [0, )
 [0, )
 [0, )
 [0, )
 [0, )
 [0, )
 [0, )
 [0, )
 [0, )
 [0, )
 [0, )
 [0, )
 [0, )
 [0, )
 [0, )
 [0, )
 [0, )
 [0, )
 [0, )
 [0, )
 [0, )
 [0, )
 [0, )
 [0, )
 [0, )
 [0, )
 [0, )
 [0, )
 [0, )
 [0, )
 [0, )
 [0, )
 [0, )
 [0, )
 [0, )
 [0, )
 [0, )
 [0, )
 [0, )
 [0, )
 [0, )
 [0, )
 [0, )
 [0, )
 [0, )
 [0, )
 [0, )
 [0, )
 [0, )
 [0, )
 [0, )
 [0, )
 [0, )
 [0, )
 [0, )
 [0, )
 [0, )
 [0, )
 [0, )
 [0, )
 [0, )
 [0, )
 [0, )
 [0, )
 [0, )
 [0, )
 [0, )
 [0, )
 [0, )
 [0, )
 [0, )
 [0, )
 [0, )
 [0, )
 [0, )
 [0, )
 [0, )
 [0, )
 [0, )
 [0, )
 [0, )
 [0, )
 [0, )
 [0, )
 [0, )
 [0, )
 [0, )
 [0, )
 [0, )
 [0, )
 [0, )
 [0, )
 [0, )
 [0, )
 [0, )
 [0, )
 [0, )
 [0, )
 [0, )
 [0, )
 [0, )
 [0, )
 [0, )
 [0, )
 [0, )
 [0, )
 [0, )
 [0, )
 [0, )
 [0, )
 [0, )
 [0, )
 [0, )
 [0, )
 [0, )
 [0, )
 [0, )
 [0, )
 [0, )
 [0, )
 [0, )
 [0, )
 [0, )
 [0, )
 [0, )
 [0, )
 [0, )
 [0, )
 [0, )
 [0, )
 [0, )
 [0, )
 [0, )
 [0, )
 [0, )
 [0, )
 [0, )
 [0, )
 [0, )
 [0, )
 [0, )
 [0, )
 [0, )
 [0, )
 [0, )
 [0, )
 [0, )
 [0, )
 [0, )
 [0, )
 [0, )
 [0, )
 [0, )
 [0, )
 [0, )
 [0, )
 [0, )
 [0, )
 [0, )
 [0, )
 [0, )
 [0, )
 [0, )
 [0, )
 [0, )
 [0, )
 [0, )
 [0, )
 [0, )
 [0, )
 [0, )
 [0, )
 [0, )
 [0, )
 [0, )
 [0, )
 [0, )
 [0, )
 [0, )
 [0, )
 [0, )
 [0, )
 [0, )
 [0, )
 [0, )
 [0, )
 [0, )
 [0, )
 [0, )
 [0, )
 [0, )
 [0, )
 [0, )
 [0, )
 [0, )
 [0, )
 [0, )
 [0, )
 [0, )
 [0, )
 [0, )
 [0, )
 [0, )
 [0, )
 [0, )
 [0, )
 [0, )
 [0, )
 [0, )
 [0, )
 [0, )
 [0, )
 [0, )
 [0, )
 [0, )
 [0, )
 [0, )
 [0, )
 [0, )
 [0, )
 [0, )
 [0, )
 [0, )
 [0, )
 [0, )
 [0, )
 [0, )
 [0, )
 [0, )
 [0, )
 [0, )
 [0, )
 [0, )
 [0, )
 [0, )
 [0, )
 [0, )
 [0, )
 [0, )
 [0, )
 [0, )
 [0, )
 [0, )
 [0, )
 [0, )
 [0, )
 [0, )
 [0, )
 [0, )
 [0, )
 [0, )
 [0, )
 [0, )
 [0, )
 [0, )
 [0, )
 [0, )
 [0, )
 [0, )
 [0, )
 [0, )
 [0, )
 [0, )
 [0, )
 [0, )
 [0, )
 [0, )
 [0, )
 [0, )
 [0, )
 [0, )
 [0, )
 [0, )
 [0, )
 [0, )
 [0, )
 [0, )
 [0, )
 [0, )
 [0, )
 [0, )
 [0, )
 [0, )
 [0, )
 [0, )
 [0, )
 [0, )
 [0, )
 [0, )
 [0, )
 [0, )
 [0, )
 [0, )
 [0, )
 [0, )
 [0, )
 [0, )
 [0, )
 [0, )
 [0, )
 [0, )
 [0, )
 [0, )
 [0, )
 [0, )
 [0, )
 [0, )
 [0, )
 [0, )
 [0, )
 [0, )
 [0, )
 [0, )
 [0, )
 [0, )
 [0, )
 [0, )
 [0, )
 [0, )
 [0, )
 [0, )
 [0, )
 [0, )
 [0, )
 [0, )
 [0, )
 [0, )
 [0, )
 [0, )
 [0, )
 [0, )
 [0, )
 [0, )
 [0, )
 [0, )
 [0, )
 [0, )
 [0, )
 [0, )
 [0, )
 [0, )
 [0, )
 [0, )
 [0, )
 [0, )
 [0, )
 [0, )
 [0, )
 [0, )
 [0, )
 [0, )
 [0, )
 [0, )
 [0, )
 [0, )
 [0, )
 [0, )
 [0, )
 [0, )
 [0, )
 [0, )
 [0, )
 [0, )
 [0, )
 [0, )
 [0, )
 [0, )
 [0, )
 [0, )
 [0, )
 [0, )
 [0, )
 [0, )
 [0, )
 [0, )
 [0, )
 [0, )
 [0, )
 [0, )
 [0, )
 [0, )
 [0, )
 [0, )
 [0, )
 [0, )
 [0, )
 [0, )
 [0, )
 [0, )
 [0, )
 [0, )
 [0, )
 [0, )
 [0, )
 [0, )
 [0, )
 [0, )
 [0, )
 [0, )
 [0, )
 [0, )
 [0, )
 [0, )
 [0, )
 [0, )
 [0, )
 [0, )
 [0, )
 [0, )
 [0, )
 [0, )
 [0, )
 [0, )
 [0, )
 [0, )
 [0, )
 [0, )
 [0, )
 [0, )
 [0, )
 [0, )
 [0, )
 [0, )
 [0, )
 [0, )
 [0, )
 [0, )
 [0, )
 [0, )
 [0, )
 [0, )
 [0, )
 [0, )
 [0, )
 [0, )
 [0, )
 [0, )
 [0, )
 [0, )
 [0, )
 [0, )
 [0, )
 [0, )
 [0, )
 [0, )
 [0, )
 [0, )
 [0, )
 [0, )
 [0, )
 [0, )
 [0, )
 [0, )
 [0, )
 [0, )
 [0, )
 [0, )
 [0, )
 [0, )
 [0, )
 [0, )
 [0, )
 [0, )
 [0, )
 [0, )
 [0, )
 [0, )
 [0, )
 [0, )
 [0, )
 [0, )
 [0, )
 [0, )
 [0, )
 [0, )
 [0, )
 [0, )
 [0, )
 [0, )
 [0, )
 [0, )
 [0, )
 [0, )
 [0, )
 [0, )
 [0, )
 [0, )
 [0, )
 [0, )
 [0, )
 [0, )
 [0, )
 [0, )
 [0, )
 [0, )
 [0, )
 [0, )
 [0, )
 [0, )
 [0, )
 [0, )
 [0, )
 [0, )
 [0, )
 [0, )
 [0, )
 [0, )
 [0, )
 [0, )
 [0, )
 [0, )
 [0, )
 [0, )
 [0, )
 [0, )
 [0, )
 [0, )
 [0, )
 [0, )
 [0, )
 [0, )
 [0, )
 [0, )
 [0, )
 [0, )
 [0, )
 [0, )
 [0, )
 [0, )
 [0, )
 [0, )
 [0, )
 [0, )
 [0, )
 [0, )
 [0, )
 [0, )
 [0, )
 [0, )
 [0, )
 [0, )
 [0, )
 [0, )
 [0, )
 [0, )
 [0, )
 [0, )
 [0, )
 [0, )
 [0, )
 [0, )
 [0, )
 [0, )
 [0, )
 [0, )
 [0, )
 [0, )
 [0, )
 [0, )
 [0, )
 [0, )
 [0, )
 [0, )
 [0, )
 [0, )
 [0, )
 [0, )
 [0, )
 [0, )
 [0, )
 [0, )
 [0, )
 [0, )
 [0, )
 [0, )
 [0, )
 [0, )
 [0, )
 [0, )
 [0, )
 [0, )
 [0, )
 [0, )
 [0, )
 [0, )
 [0, )
 [0, )
 [0, )
 [0, )
 [0, )
 [0, )
 [0, )
 [0, )
 [0, )
 [0, )
 [0, )
 [0, )
 [0, )
 [0, )
 [0, )
 [0, )
 [0, )
 [0, )
 [0, )
 [0, )
 [0, )
 [0, )
 [0, )
 [0, )
 [0, )
 [0, )
 [0, )
 [0, )
 [0, )
 [0, )
 [0, )
 [0, )
 [0, )
 [0, )
 [0, )
 [0, )
 [0, )
 [0, )
 [0, )
 [0, )
 [0, )
 [0, )
 [0, )
 [0, )
 [0, )
 [0, )
 [0, )
 [0, )
 [0, )
 [0, )
 [0, )
 [0, )
 [0, )
 [0, )
 [0, )
 [0, )
 [0, )
 [0, )
 [0, )
 [0, )
 [0, )
 [0, )
 [0, )
 [0, )
 [0, )
 [0, )
 [0, )
 [0, )
 [0, )
 [0, )
 [0, )
 [0, )
 [0, )
 [0, )
 [0, )
 [0, )
 [0, )
 [0, )
 [0, )
 [0, )
 [0, )
 [0, )
 [0, )
 [0, )
 [0, )
 [0, )
 [0, )
 [0, )
 [0, )
 [0, )
 [0, )
 [0, )
 [0, )
 [0, )
 [0, )
 [0, )
 [0, )
 [0, )
 [0, )
 [0, )
 [0, )
 [0, )
 [0, )
 [0, )
 [0, )
 [0, )
 [0, )
 [0, )
 [0, )
 [0, )
 [0, )
 [0, )
 [0, )
 [0, )
 [0, )
 [0, )
 [0, )
 [0, )
 [0, )
 [0, )
 [0, )
 [0, )
 [0, )
 [0, )
 [0, )
 [0, )
 [0, )
 [0, )
 [0, )
 [0, )
 [0, )
 [0, )
 [0, )
 [0, )
 [0, )
 [0, )
 [0, )
 [0, )
 [0, )
 [0, )
 [0, )
 [0, )
 [0, )
 [0, )
 [0, )
 [0, )
 [0, )
 [0, )
 [0, )
 [0, )
 [0, )
 [0, )
 [0, )
 [0, )
 [0, )
 [0, )
 [0, )
 [0, )
 [0, )
 [0, )
 [0, )
 [0, )
 [0, )
 [0, )
 [0, )
 [0, )
 [0, )
 [0, )
 [0, )
 [0, )
 [0, )
 [0, )
 [0, )
 [0, )
 [0, )
 [0, )
 [0, )
 [0, )
 [0, )
 [0, )
 [0, )
 [0, )
 [0, )
 [0, )
 [0, )
 [0, )
 [0, )
 [0, )
 [0, )
 [0, )
 [0, )
 [0, )
 [0, )
 [0, )
 [0, )
 [0, )
 [0, )
 [0, )
 [0, )
 [0, )
 [0, )
 [0, )
 [0, )
 [0, )
 [0, )
 [0, )
 [0, )
 [0, )
 [0, )
 [0, )
 [0, )
 [0, )
 [0, )
 [0, )
 [0, )
 [0, )
 [0, )
 [0, )
 [0, )
 [0, )
 [0, )
 [0, )
 [0, )
 [0, )
 [0, )
 [0, )
 [0, )
 [0, )
 [0, )
 [0, )
 [0, )
 [0, )
 [0, )
 [0, )
 [0, )
 [0, )
 [0, )
 [0, )
 [0, )
 [0, )
 [0, )
 [0, )
 [0, )
 [0, )
 [0, )
 [0, )
 [0, )
 [0, )
 [0, )
 [0, )
 [0, )
 [0, )
 [0, )
 [0, )
 [0, )
 [0, )
 [0, )
 [0, )
 [0, )
 [0, )
 [0, )
 [0, )
 [0, )
 [0, )
 [0, )
 [0, )
 [0, )
 [0, )
 [0, )
 [0, )
 [0, )
 [0, )
 [0, )
 [0, )
 [0, )
 [0, )
 [0, )
 [0, )
 [0, )
 [0, )
 [0, )
 [0, )
 [0, )
 [0, )
 [0, )
 [0, )
 [0, )
 [0, )
 [0, )
 [0, )
 [0, )
 [0, )
 [0, )
 [0, )
 [0, )
 [0, )
 [0, )
 [0, )
 [0, )
 [0, )
 [0, )
 [0, )
 [0, )
 [0, )
 [0, )
 [0, )
 [0, )
 [0, )
 [0, )
 [0, )
 [0, )
 [0, )
 [0, )
 [0, )
 [0, )
 [0, )
 [0, )
 [0, )
 [0, )
 [0, )
 [0, )
 [0, )
 [0, )
 [0, )
 [0, )
 [0, )
 [0, )
 [0, )
 [0, )
 [0, )
 [0, )
 [0, )
 [0, )
 [0, )
 [0, )
 [0, )
 [0, )
 [0, )
 [0, )
 [0, )
 [0, )
 [0, )
 [0, )
 [0, )
 [0, )
 [0, )
 [0, )
 [0, )
 [0, )
 [0, )
 [0, )
 [0, )
 [0, )
 [0, )
 [0, )
 [0, )
 [0, )
 [0, )
 [0, )
 [0, )
 [0, )
 [0, )
 [0, )
 [0, )
 [0, )
 [0, )
 [0, )
 [0, )
 [0, )
 [0, )
 [0, )
 [0, )
 [0, )
 [0, )
 [0, )
 [0, )
 [0, )
 [0, )
 [0, )
 [0, )
 [0, )
 [0, )
 [0, )
 [0, )
 [0, )
 [0, )
 [0, )
 [0, )
 [0, )
 [0, )
 [0, )
 [0, )
 [0, )
 [0, )
 [0, )
 [0, )
 [0, )
 [0, )
 [0, )
 [0, )
 [0, )
 [0, )
 [0, )
 [0, )
 [0, )
 [0, )
 [0, )
 [0, )
 [0, )
 [0, )
 [0, )
 [0, )
 [0, )
 [0, )
 [0, )
 [0, )
 [0, )
 [0, )
 [0, )
 [0, )
 [0, )
 [0, )
 [0, )
 [0, )
 [0, )
 [0, )
 [0, )
 [0, )
 [0, )
 [0, )
 [0, )
 [0, )
 [0, )
 [0, )
 [0, )
 [0, )
 [0, )
 [0, )
 [0, )
 [0, )
 [0, )
 [0, )
 [0, )
 [0, )
 [0, )
 [0, )
 [0, )
 [0, )
 [0, )
 [0, )
 [0, )
 [0, )
 [0, )
 [0, )
 [0, )
 [0, )
 [0, )
 [0, )
 [0, )
 [0, )
 [0, )
 [0, )
 [0, )
 [0, )
 [0, )
 [0, )
 [0, )
 [0, )
 [0, )
 [0, )
 [0, )
 [0, )
 [0, )
 [0, )
 [0, )
 [0, )
 [0, )
 [0, )
 [0, )
 [0, )
 [0, )
 [0, )
 [0, )
 [0, )
 [0, )
 [0, )
 [0, )
 [0, )
 [0, )
 [0, )
 [0, )
 [0, )
 [0, )
 [0, )
 [0, )
 [0, )
 [0, )
 [0, )
 [0, )
 [0, )
 [0, )
 [0, )
 [0, )
 [0, )
 [0, )
 [0, )
 [0, )
 [0, )
 [0, )
 [0, )
 [0, )
 [0, )
 [0, )
 [0, )
 [0, )
 [0, )
 [0, )
 [0, )
 [0, )
 [0, )
 [0, )
 [0, )
 [0, )
 [0, )
 [0, )
 [0, )
 [0, )
 [0, )
 [0, )
 [0, )
 [0, )
 [0, )
 [0, )
 [0, )
 [0, )
 [0, )
 [0, )
 [0, )
 [0, )
 [0, )
 [0, )
 [0, )
 [0, )
 [0, )
 [0, )
 [0, )
 [0, )
 [0, )
 [0, )
 [0, )
 [0, )
 [0, )
 [0, )
 [0, )
 [0, )
 [0, )
 [0, )
 [0, )
 [0, )
 [0, )
 [0, )
 [0, )
 [0, )
 [0, )
 [0, )
 [0, )
 [0, )
 [0, )
 [0, )
 [0, )
 [0, )
 [0, )
 [0, )
 [0, )
 [0, )
 [0, )
 [0, )
 [0, )
 [0, )
 [0, )
 [0, )
 [0, )
 [0, )
 [0, )
 [0, )
 [0, )
 [0, )
 [0, )
 [0, )
 [0, )
 [0, )
 [0, )
 [0, )
 [0, )
 [0, )
 [0, )
 [0, )
 [0, )
 [0, )
 [0, )
 [0, )
 [0, )
 [0, )
 [0, )
 [0, )
 [0, )
 [0, )
 [0, )
 [0, )
 [0, )
 [0, )
 [0, )
 [0, )
 [0, )
 [0, )
 [0, )
 [0, )
 [0, )
 [0, )
 [0, )
 [0, )
 [0, )
 [0, )
 [0, )
 [0, )
 [0, )
 [0, )
 [0, )
 [0, )
 [0, )
 [0, )
 [0, )
 [0, )
 [0, )
 [0, )
 [0, )
 [0, )
 [0, )
 [0, )
 [0, )
 [0, )
 [0, )
 [0, )
 [0, )
 [0, )
 [0, )
 [0, )
 [0, )
 [0, )
 [0, )
 [0, )
 [0, )
 [0, )
 [0, )
 [0, )
 [0, )
 [0, )
 [0, )
 [0, )
 [0, )
 [0, )
 [0, )
 [0, )
 [0, )
 [0, )
 [0, )
 [0, )
 [0, )
 [0, )
 [0, )
 [0, )
 [0, )
 [0, )
 [0, )
 [0, )
 [0, )
 [0, )
 [0, )
 [0, )
 [0, )
 [0, )
 [0, )
 [0, )
 [0, )
 [0, )
 [0, )
 [0, )
 [0, )
 [0, )
 [0, )
 [0, )
 [0, )
 [0, )
 [0, )
 [0, )
 [0, )
 [0, )
 [0, )
 [0, )
 [0, )
 [0, )
 [0, )
 [0, )
 [0, )
 [0, )
 [0, )
 [0, )
 [0, )
 [0, )
 [0, )
 [0, )
 [0, )
 [0, )
 [0, )
 [0, )
 [0, )
 [0, )
 [0, )
 [0, )
 [0, )
 [0, )
 [0, )
 [0, )
 [0, )
 [0, )
 [0, )
 [0, )
 [0, )
 [0, )
 [0, )
 [0, )
 [0, )
 [0, )
 [0, )
 [0, )
 [0, )
 [0, )
 [0, )
 [0, )
 [0, )
 [0, )
 [0, )
 [0, )
 [0, )
 [0, )
 [0, )
 [0, )
 [0, )
 [0, )
 [0, )
 [0, )
 [0, )
 [0, )
 [0, )
 [0, )
 [0, )
 [0, )
 [0, )
 [0, )
 [0, )
 [0, )
 [0, )
 [0, )
 [0, )
 [0, )
 [0, )
 [0, )
 [0, )
 [0, )
 [0, )
 [0, )
 [0, )
 [0, )
 [0, )
 [0, )
 [0, )
 [0, )
 [0, )
 [0, )
 [0, )
 [0, )
 [0, )
 [0, )
 [0, )
 [0, )
 [0, )
 [0, )
 [0, )
 [0, )
 [0, )
 [0, )
 [0, )
 [0, )
 [0, )
 [0, )
 [0, )
 [0, )
 [0, )
 [0, )
 [0, )
 [0, )
 [0, )
 [0, )
 [0, )
 [0, )
 [0, )
 [0, )
 [0, )
 [0, )
 [0, )
 [0, )
 [0, )
 [0, )
 [0, )
 [0, )
 [0, )
 [0, )
 [0, )
 [0, )
 [0, )
 [0, )
 [0, )
 [0, )
 [0, )
 [0, )
 [0, )
 [0, )
 [0, )
 [0, )
 [0, )
 [0, )
 [0, )
 [0, )
 [0, )
 [0, )
 [0, )
 [0, )
 [0, )
 [0, )
 [0, )
 [0, )
 [0, )
 [0, )
 [0, )
 [0, )
 [0, )
 [0, )
 [0, )
 [0, )
 [0, )
 [0, )
 [0, )
 [0, )
 [0, )
 [0, )
 [0, )
 [0, )
 [0, )
 [0, )
 [0, )
 [0, )
 [0, )
 [0, )
 [0, )
 [0, )
 [0, )
 [0, )
 [0, )
 [0, )
 [0, )
 [0, )
 [0, )
 [0, )
 [0, )
 [0, )
 [0, )
 [0, )
 [0, )
 [0, )
 [0, )
 [0, )
 [0, )
 [0, )
 [0, )
 [0, )
 [0, )
 [0, )
 [0, )
 [0, )
 [0, )
 [0, )
 [0, )
 [0, )
 [0, )
 [0, )
 [0, )
 [0, )
 [0, )
 [0, )
 [0, )
 [0, )
 [0, )
 [0, )
 [0, )
 [0, )
 [0, )
 [0, )
 [0, )
 [0, )
 [0, )
 [0, )
 [0, )
 [0, )
 [0, )
 [0, )
 [0, )
 [0, )
 [0, )
 [0, )
 [0, )
 [0, )
 [0, )
 [0, )
 [0, )
 [0, )
 [0, )
 [0, )
 [0, )
 [0, )
 [0, )
 [0, )
 [0, )
 [0, )
 [0, )
 [0, )
 [0, )
 [0, )
 [0, )
 [0, )
 [0, )
 [0, )
 [0, )
 [0, )
 [0, )
 [0, )
 [0, )
 [0, )
 [0, )
 [0, )
 [0, )
 [0, )
 [0, )
 [0, )
 [0, )
 [0, )
 [0, )
 [0, )
 [0, )
 [0, )
 [0, )
 [0, )
 [0, )
 [0, )
 [0, )
 [0, )
 [0, )
 [0, )
 [0, )
 [0, )
 [0, )
 [0, )
 [0, )
 [0, )
 [0, )
 [0, )
 [0, )
 [0, )
 [0, )
 [0, )
 [0, )
 [0, )
 [0, )
 [0, )
 [0, )
 [0, )
 [0, )
 [0, )
 [0, )
 [0, )
 [0, )
 [0, )
 [0, )
 [0, )
 [0, )
 [0, )
 [0, )
 [0, )
 [0, )
 [0, )
 [0, )
 [0, )
 [0, )
 [0, )
 [0, )
 [0, )
 [0, )
 [0, )
 [0, )
 [0, )
 [0, )
 [0, )
 [0, )
 [0, )
 [0, )
 [0, )
 [0, )
 [0, )
 [0, )
 [0, )
 [0, )
 [0, )
 [0, )
 [0, )
 [0, )
 [0, )
 [0, )
 [0, )
 [0, )
 [0, )
 [0, )
 [0, )
 [0, )
 [0, )
 [0, )
 [0, )
 [0, )
 [0, )
 [0, )
 [0, )
 [0, )
 [0, )
 [0, )
 [0, )
 [0, )
 [0, )
 [0, )
 [0, )
 [0, )
 [0, )
 [0, )
 [0, )
 [0, )
 [0, )
 [0, )
 [0, )
 [0, )
 [0, )
 [0, )
 [0, )
 [0, )
 [0, )
 [0, )
 [0, )
 [0, )
 [0, )
 [0, )
 [0, )
 [0, )
 [0, )
 [0, )
 [0, )
 [0, )
 [0, )
 [0, )
 [0, )
 [0, )
 [0, )
 [0, )
 [0, )
 [0, )
 [0, )
 [0, )
 [0, )
 [0, )
 [0, )
 [0, )
 [0, )
 [0, )
 [0, )
 [0, )
 [0, )
 [0, )
 [0, )
 [0, )
 [0, )
 [0, )
 [0, )
 [0, )
 [0, )
 [0, )
 [0, )
 [0, )
 [0, )
 [0, )
 [0, )
 [0, )
 [0, )
 [0, )
 [0, )
 [0, )
 [0, )
 [0, )
 [0, )
 [0, )
 [0, )
 [0, )
 [0, )
 [0, )
 [0, )
 [0, )
 [0, )
 [0, )
 [0, )
 [0, )
 [0, )
 [0, )
 [0, )
 [0, )
 [0, )
 [0, )
 [0, )
 [0, )
 [0, )
 [0, )
 [0, )
 [0, )
 [0, )
 [0, )
 [0, )
 [0, )
 [0, )
 [0, )
 [0, )
 [0, )
 [0, )
 [0, )
 [0, )
 [0, )
 [0, )
 [0, )
 [0, )
 [0, )
 [0, )
 [0, )
 [0, )
 [0, )
 [0, )
 [0, )
 [0, )
 [0, )
 [0, )
 [0, )
 [0, )
 [0, )
 [0, )
 [0, )
 [0, )
 [0, )
 [0, )
 [0, )
 [0, )
 [0, )
 [0, )
 [0, )
 [0, )
 [0, )
 [0, )
 [0, )
 [0, )
 [0, )
 [0, )
 [0, )
 [0, )
 [0, )
 [0, )
 [0, )
 [0, )
 [0, )
 [0, )
 [0, )
 [0, )
 [0, )
 [0, )
 [0, )
 [0, )
 [0, )
 [0, )
 [0, )
 [0, )
 [0, )
 [0, )
 [0, )
 [0, )
 [0, )
 [0, )
 [0, )
 [0, )
 [0, )
 [0, )
 [0, )
 [0, )
 [0, )
 [0, )
 [0, )
 [0, )
 [0, )
 [0, )
 [0, )
 [0, )
 [0, )
 [0, )
 [0, )
 [0, )
 [0, )
 [0, )
 [0, )
 [0, )
 [0, )
 [0, )
 [0, )
 [0, )
 [0, )
 [0, )
 [0, )
 [0, )
 [0, )
 [0, )
 [0, )
 [0, )
 [0, )
 [0, )
 [0, )
 [0, )
 [0, )
 [0, )
 [0, )
 [0, )
 [0, )
 [0, )
 [0, )
 [0, )
 [0, )
 [0, )
 [0, )
 [0, )
 [0, )
 [0, )
 [0, )
 [0, )
 [0, )
 [0, )
 [0, )
 [0, )
 [0, )
 [0, )
 [0, )
 [0, )
 [0, )
 [0, )
 [0, )
 [0, )
 [0, )
 [0, )
 [0, )
 [0, )
 [0, )
 [0, )
 [0, )
 [0, )
 [0, )
 [0, )
 [0, )
 [0, )
 [0, )
 [0, )
 [0, )
 [0, )
 [0, )
 [0, )
 [0, )
 [0, )
 [0, )
 [0, )
 [0, )
 [0, )
 [0, )
 [0, )
 [0, )
 [0, )
 [0, )
 [0, )
 [0, )
 [0, )
 [0, )
 [0, )
 [0, )
 [0, )
 [0, )
 [0, )
 [0, )
 [0, )
 [0, )
 [0, )
 [0, )
 [0, )
 [0, )
 [0, )
 [0, )
 [0, )
 [0, )
 [0, )
 [0, )
 [0, )
 [0, )
 [0, )
 [0, )
 [0, )
 [0, )
 [0, )
 [0, )
 [0, )
 [0, )
 [0, )
 [0, )
 [0, )
 [0, )
 [0, )
 [0, )
 [0, )
 [0, )
 [0, )
 [0, )
 [0, )
 [0, )
 [0, )
 [0, )
 [0, )
 [0, )
 [0, )
 [0, )
 [0, )
 [0, )
 [0, )
 [0, )
 [0, )
 [0, )
 [0, )
 [0, )
 [0, )
 [0, )
 [0, )
 [0, )
 [0, )
 [0, )
 [0, )
 [0, )
 [0, )
 [0, )
 [0, )
 [0, )
 [0, )
 [0, )
 [0, )
 [0, )
 [0, )
 [0, )
 [0, )
 [0, )
 [0, )
 [0, )
 [0, )
 [0, )
 [0, )
 [0, )
 [0, )
 [0, )
 [0, )
 [0, )
 [0, )
 [0, )
 [0, )
 [0, )
 [0, )
 [0, )
 [0, )
 [0, )
 [0, )
 [0, )
 [0, )
 [0, )
 [0, )
 [0, )
 [0, )
 [0, )
 [0, )
 [0, )
 [0, )
 [0, )
 [0, )
 [0, )
 [0, )
 [0, )
 [0, )
 [0, )
 [0, )
 [0, )
 [0, )
 [0, )
 [0, )
 [0, )
 [0, )
 [0, )
 [0, )
 [0, )
 [0, )
 [0, )
 [0, )
 [0, )
 [0, )
 [0, )
 [0, )
 [0, )
 [0, )
 [0, )
 [0, )
 [0, )
 [0, )
 [0, )
 [0, )
 [0, )
 [0, )
 [0, )
 [0, )
 [0, )
 [0, )
 [0, )
 [0, )
 [0, )
 [0, )
 [0, )
 [0, )
 [0, )
 [0, )
 [0, )
 [0, )
 [0, )
 [0, )
 [0, )
 [0, )
 [0, )
 [0, )
 [0, )
 [0, )
 [0, )
 [0, )
 [0, )
 [0, )
 [0, )
 [0, )
 [0, )
 [0, )
 [0, )
 [0, )
 [0, )
 [0, )
 [0, )
 [0, )
 [0, )
 [0, )
 [0, )
 [0, )
 [0, )
 [0, )
 [0, )
 [0, )
 [0, )
 [0, )
 [0, )
 [0, )
 [0, )
 [0, )
 [0, )
 [0, )
 [0, )
 [0, )
 [0, )
 [0, )
 [0, )
 [0, )
 [0, )
 [0, )
 [0, )
 [0, )
 [0, )
 [0, )
 [0, )
 [0, )
 [0, )
 [0, )
 [0, )
 [0, )
 [0, )
 [0, )
 [0, )
 [0, )
 [0, )
 [0, )
 [0, )
 [0, )
 [0, )
 [0, )
 [0, )
 [0, )
 [0, )
 [0, )
 [0, )
 [0, )
 [0, )
 [0, )
 [0, )
 [0, )
 [0, )
 [0, )
 [0, )
 [0, )
 [0, )
 [0, )
 [0, )
 [0, )
 [0, )
 [0, )
 [0, )
 [0, )
 [0, )
 [0, )
 [0, )
 [0, )
 [0, )
 [0, )
 [0, )
 [0, )
 [0, )
 [0, )
 [0, )
 [0, )
 [0, )
 [0, )
 [0, )
 [0, )
 [0, )
 [0, )
 [0, )
 [0, )
 [0, )
 [0, )
 [0, )
 [0, )
 [0, )
 [0, )
 [0, )
 [0, )
 [0, )
 [0, )
 [0, )
 [0, )
 [0, )
 [0, )
 [0, )
 [0, )
 [0, )
 [0, )
 [0, )
 [0, )
 [0, )
 [0, )
 [0, )
 [0, )
 [0, )
 [0, )
 [0, )
 [0, )
 [0, )
 [0, )
 [0, )
 [0, )
 [0, )
 [0, )
 [0, )
 [0, )
 [0, )
 [0, )
 [0, )
 [0, )
 [0, )
 [0, )
 [0, )
 [0, )
 [0, )
 [0, )
 [0, )
 [0, )
 [0, )
 [0, )
 [0, )
 [0, )
 [0, )
 [0, )
 [0, )
 [0, )
 [0, )
 [0, )
 [0, )
 [0, )
 [0, )
 [0, )
 [0, )
 [0, )
 [0, )
 [0, )
 [0, )
 [0, )
 [0, )
 [0, )
 [0, )
 [0, )
 [0, )
 [0, )
 [0, )
 [0, )
 [0, )
 [0, )
 [0, )
 [0, )
 [0, )
 [0, )
 [0, )
 [0, )
 [0, )
 [0, )
 [0, )
 [0, )
 [0, )
 [0, )
 [0, )
 [0, )
 [0, )
 [0, )
 [0, )
 [0, )
 [0, )
 [0, )
 [0, )
 [0, )
 [0, )
 [0, )
 [0, )
 [0, )
 [0, )
 [0, )
 [0, )
 [0, )
 [0, )
 [0, )
 [0, )
 [0, )
 [0, )
 [0, )
 [0, )
 [0, )
 [0, )
 [0, )
 [0, )
 [0, )
 [0, )
 [0, )
 [0, )
 [0, )
 [0, )
 [0, )
 [0, )
 [0, )
 [0, )
 [0, )
 [0, )
 [0, )
 [0, )
 [0, )
 [0, )
 [0, )
 [0, )
 [0, )
 [0, )
 [0, )
 [0, )
 [0, )
 [0, )
 [0, )
 [0, )
 [0, )
 [0, )
 [0, )
 [0, )
 [0, )
 [0, )
 [0, )
 [0, )
 [0, )
 [0, )
 [0, )
 [0, )
 [0, )
 [0, )
 [0, )
 [0, )
 [0, )
 [0, )
 [0, )
 [0, )
 [0, )
 [0, )
 [0, )
 [0, )
 [0, )
 [0, )
 [0, )
 [0, )
 [0, )
 [0, )
 [0, )
 [0, )
 [0, )
 [0, )
 [0, )
 [0, )
 [0, )
 [0, )
 [0, )
 [0, )
 [0, )
 [0, )
 [0, )
 [0, )
 [0, )
 [0, )
 [0, )
 [0, )
 [0, )
 [0, )
 [0, )
 [0, )
 [0, )
 [0, )
 [0, )
 [0, )
 [0, )
 [0, )
 [0, )
 [0, )
 [0, )
 [0, )
 [0, )
 [0, )
 [0, )
 [0, )
 [0, )
 [0, )
 [0, )
 [0, )
 [0, )
 [0, )
 [0, )
 [0, )
 [0, )
 [0, )
 [0, )
 [0, )
 [0, )
 [0, )
 [0, )
 [0, )
 [0, )
 [0, )
 [0, )
 [0, )
 [0, )
 [0, )
 [0, )
 [0, )
 [0, )
 [0, )
 [0, )
 [0, )
 [0, )
 [0, )
 [0, )
 [0, )
 [0, )
 [0, )
 [0, )
 [0, )
 [0, )
 [0, )
 [0, )
 [0, )
 [0, )
 [0, )
 [0, )
 [0, )
 [0, )
 [0, )
 [0, )
 [0, )
 [0, )
 [0, )
 [0, )
 [0, )
 [0, )
 [0, )
 [0, )
 [0, )
 [0, )
 [0, )
 [0, )
 [0, )
 [0, )
 [0, )
 [0, )
 [0, )
 [0, )
 [0, )
 [0, )
 [0, )
 [0, )
 [0, )
 [0, )
 [0, )
 [0, )
 [0, )
 [0, )
 [0, )
 [0, )
 [0, )
 [0, )
 [0, )
 [0, )
 [0, )
 [0, )
 [0, )
 [0, )
 [0, )
 [0, )
 [0, )
 [0, )
 [0, )
 [0, )
 [0, )
 [0, )
 [0, )
 [0, )
 [0, )
 [0, )
 [0, )
 [0, )
 [0, )
 [0, )
 [0, )
 [0, )
 [0, )
 [0, )
 [0, )
 [0, )
 [0, )
 [0, )
 [0, )
 [0, )
 [0, )
 [0, )
 [0, )
 [0, )
 [0, )
 [0, )
 [0, )
 [0, )
 [0, )
 [0, )
 [0, )
 [0, )
 [0, )
 [0, )
 [0, )
 [0, )
 [0, )
 [0, )
 [0, )
 [0, )
 [0, )
 [0, )
 [0, )
 [0, )
 [0, )
 [0, )
 [0, )
 [0, )
 [0, )
 [0, )
 [0, )
 [0, )
 [0, )
 [0, )
 [0, )
 [0, )
 [0, )
 [0, )
 [0, )
 [0, )
 [0, )
 [0, )
 [0, )
 [0, )
 [0, )
 [0, )
 [0, )
 [0, )
 [0, )
 [0, )
 [0, )
 [0, )
 [0, )
 [0, )
 [0, )
 [0, )
 [0, )
 [0, )
 [0, )
 [0, )
 [0, )
 [0, )
 [0, )
 [0, )
 [0, )
 [0, )
 [0, )
 [0, )
 [0, )
 [0, )
 [0, )
 [0, )
 [0, )
 [0, )
 [0, )
 [0, )
 [0, )
 [0, )
 [0, )
 [0, )
 [0, )
 [0, )
 [0, )
 [0, )
 [0, )
 [0, )
 [0, )
 [0, )
 [0, )
 [0, )
 [0, )
 [0, )
 [0, )
 [0, )
 [0, )
 [0, )
 [0, )
 [0, )
 [0, )
 [0, )
 [0, )
 [0, )
 [0, )
 [0, )
 [0, )
 [0, )
 [0, )
 [0, )
 [0, )
 [0, )
 [0, )
 [0, )
 [0, )
 [0, )
 [0, )
 [0, )
 [0, )
 [0, )
 [0, )
 [0, )
 [0, )
 [0, )
 [0, )
 [0, )
 [0, )
 [0, )
 [0, )
 [0, )
 [0, )
 [0, )
 [0, )
 [0, )
 [0, )
 [0, )
 [0, )
 [0, )
 [0, )
 [0, )
 [0, )
 [0, )
 [0, )
 [0, )
 [0, )
 [0, )
 [0, )
 [0, )
 [0, )
 [0, )
 [0, )
 [0, )
 [0, )
 [0, )
 [0, )
 [0, )
 [0, )
 [0, )
 [0, )
 [0, )
 [0, )
 [0, )
 [0, )
 [0, )
 [0, )
 [0, )
 [0, )
 [0, )
 [0, )
 [0, )
 [0, )
 [0, )
 [0, )
 [0, )
 [0, )
 [0, )
 [0, )
 [0, )
 [0, )
 [0, )
 [0, )
 [0, )
 [0, )
 [0, )
 [0, )
 [0, )
 [0, )
 [0, )
 [0, )
 [0, )
 [0, )
 [0, )
 [0, )
 [0, )
 [0, )
 [0, )
 [0, )
 [0, )
 [0, )
 [0, )
 [0, )
 [0, )
 [0, )
 [0, )
 [0, )
 [0, )
 [0, )
 [0, )
 [0, )
 [0, )
 [0, )
 [0, )
 [0, )
 [0, )
 [0, )
 [0, )
 [0, )
 [0, )
 [0, )
 [0, )
 [0, )
 [0, )
 [0, )
 [0, )
 [0, )
 [0, )
 [0, )
 [0, )
 [0, )
 [0, )
 [0, )
 [0, )
 [0, )
 [0, )
 [0, )
 [0, )
 [0, )
 [0, )
 [0, )
 [0, )
 [0, )
 [0, )
 [0, )
 [0, )
 [0, )
 [0, )
 [0, )
 [0, )
 [0, )
 [0, )
 [0, )
 [0, )
 [0, )
 [0, )
 [0, )
 [0, )
 [0, )
 [0, )
 [0, )
 [0, )
 [0, )
 [0, )
 [0, )
 [0, )
 [0, )
 [0, )
 [0, )
 [0, )
 [0, )
 [0, )
 [0, )
 [0, )
 [0, )
 [0, )
 [0, )
 [0, )
 [0, )
 [0, )
 [0, )
 [0, )
 [0, )
 [0, )
 [0, )
 [0, )
 [0, )
 [0, )
 [0, )
 [0, )
 [0, )
 [0, )
 [0, )
 [0, )
 [0, )
 [0, )
 [0, )
 [0, )
 [0, )
 [0, )
 [0, )
 [0, )
 [0, )
 [0, )
 [0, )
 [0, )
 [0, )
 [0, )
 [0, )
 [0, )
 [0, )
 [0, )
 [0, )
 [0, )
 [0, )
 [0, )
 [0, )
 [0, )
 [0, )
 [0, )
 [0, )
 [0, )
 [0, )
 [0, )
 [0, )
 [0, )
 [0, )
 [0, )
 [0, )
 [0, )
 [0, )
 [0, )
 [0, )
 [0, )
 [0, )
 [0, )
 [0, )
 [0, )
 [0, )
 [0, )
 [0, )
 [0, )
 [0, )
 [0, )
 [0, )
 [0, )
 [0, )
 [0, )
 [0, )
 [0, )
 [0, )
 [0, )
 [0, )
 [0, )
 [0, )
 [0, )
 [0, )
 [0, )
 [0, )
 [0, )
 [0, )
 [0, )
 [0, )
 [0, )
 [0, )
 [0, )
 [0, )
 [0, )
 [0, )
 [0, )
 [0, )
 [0, )
 [0, )
 [0, )
 [0, )
 [0, )
 [0, )
 [0, )
 [0, )
 [0, )
 [0, )
 [0, )
 [0, )
 [0, )
 [0, )
 [0, )
 [0, )
 [0, )
 [0, )
 [0, )
 [0, )
 [0, )
 [0, )
 [0, )
 [0, )
 [0, )
 [0, )
 [0, )
 [0, )
 [0, )
 [0, )
 [0, )
 [0, )
 [0, )
 [0, )
 [0, )
 [0, )
 [0, )
 [0, )
 [0, )
 [0, )
 [0, )
 [0, )
 [0, )
 [0, )
 [0, )
 [0, )
 [0, )
 [0, )
 [0, )
 [0, )
 [0, )
 [0, )
 [0, )
 [0, )
 [0, )
 [0, )
 [0, )
 [0, )
 [0, )
 [0, )
 [0, )
 [0, )
 [0, )
 [0, )
 [0, )
 [0, )
 [0, )
 [0, )
 [0, )
 [0, )
 [0, )
 [0, )
 [0, )
 [0, )
 [0, )
 [0, )
 [0, )
 [0, )
 [0, )
 [0, )
 [0, )
 [0, )
 [0, )
 [0, )
 [0, )
 [0, )
 [0, )
 [0, )
 [0, )
 [0, )
 [0, )
 [0, )
 [0, )
 [0, )
 [0, )
 [0, )
 [0, )
 [0, )
 [0, )
 [0, )
 [0, )
 [0, )
 [0, )
 [0, )
 [0, )
 [0, )
 [0, )
 [0, )
 [0, )
 [0, )
 [0, )
 [0, )
 [0, )
 [0, )
 [0, )
 [0, )
 [0, )
 [0, )
 [0, )
 [0, )
 [0, )
 [0, )
 [0, )
 [0, )
 [0, )
 [0, )
 [0, )
 [0, )
 [0, )
 [0, )
 [0, )
 [0, )
 [0, )
 [0, )
 [0, )
 [0, )
 [0, )
 [0, )
 [0, )
 [0, )
 [0, )
 [0, )
 [0, )
 [0, )
 [0, )
 [0, )
 [0, )
 [0, )
 [0, )
 [0, )
 [0, )
 [0, )
 [0, )
 [0, )
 [0, )
 [0, )
 [0, )
 [0, )
 [0, )
 [0, )
 [0, )
 [0, )
 [0, )
 [0, )
 [0, )
 [0, )
 [0, )
 [0, )
 [0, )
 [0, )
 [0, )
 [0, )
 [0, )
 [0, )
 [0, )
 [0, )
 [0, )
 [0, )
 [0, )
 [0, )
 [0, )
 [0, )
 [0, )
 [0, )
 [0, )
 [0, )
 [0, )
 [0, )
 [0, )
 [0, )
 [0, )
 [0, )
 [0, )
 [0, )
 [0, )
 [0, )
 [0, )
 [0, )
 [0, )
 [0, )
 [0, )
 [0, )
 [0, )
 [0, )
 [0, )
 [0, )
 [0, )
 [0, )
 [0, )
 [0, )
 [0, )
 [0, )
 [0, )
 [0, )
 [0, )
 [0, )
 [0, )
 [0, )
 [0, )
 [0, )
 [0, )
 [0, )
 [0, )
 [0, )
 [0, )
 [0, )
 [0, )
 [0, )
 [0, )
 [0, )
 [0, )
 [0, )
 [0, )
 [0, )
 [0, )
 [0, )
 [0, )
 [0, )
 [0, )
 [0, )
 [0, )
 [0, )
 [0, )
 [0, )
 [0, )
 [0, )
 [0, )
 [0, )
 [0, )
 [0, )
 [0, )
 [0, )
 [0, )
 [0, )
 [0, )
 [0, )
 [0, )
 [0, )
 [0, )
 [0, )
 [0, )
 [0, )
 [0, )
 [0, )
 [0, )
 [0, )
 [0, )
 [0, )
 [0, )
 [0, )
 [0, )
 [0, )
 [0, )
 [0, )
 [0, )
 [0, )
 [0, )
 [0, )
 [0, )
 [0, )
 [0, )
 [0, )
 [0, )
 [0, )
 [0, )
 [0, )
 [0, )
 [0, )
 [0, )
 [0, )
 [0, )
 [0, )
 [0, )
 [0, )
 [0, )
 [0, )
 [0, )
 [0, )
 [0, )
 [0, )
 [0, )
 [0, )
 [0, )
 [0, )
 [0, )
 [0, )
 [0, )
 [0, )
 [0, )
 [0, )
 [0, )
 [0, )
 [0, )
 [0, )
 [0, )
 [0, )
 [0, )
 [0, )
 [0, )
 [0, )
 [0, )
 [0, )
 [0, )
 [0, )
 [0, )
 [0, )
 [0, )
 [0, )
 [0, )
 [0, )
 [0, )
 [0, )
 [0, )
 [0, )
 [0, )
 [0, )
 [0, )
 [0, )
 [0, )
 [0, )
 [0, )
 [0, )
 [0, )
 [0, )
 [0, )
 [0, )
 [0, )
 [0, )
 [0, )
 [0, )
 [0, )
 [0, )
 [0, )
 [0, )
 [0, )
 [0, )
 [0, )
 [0, )
 [0, )
 [0, )
 [0, )
 [0, )
 [0, )
 [0, )
 [0, )
 [0, )
 [0, )
 [0, )
 [0, )
 [0, )
 [0, )
 [0, )
 [0, )
 [0, )
 [0, )
 [0, )
 [0, )
 [0, )
 [0, )
 [0, )
 [0, )
 [0, )
 [0, )
 [0, )
 [0, )
 [0, )
 [0, )
 [0, )
 [0, )
 [0, )
 [0, )
 [0, )
 [0, )
 [0, )
 [0, )
 [0, )
 [0, )
 [0, )
 [0, )
 [0, )
 [0, )
 [0, )
 [0, )
 [0, )
 [0, )
 [0, )
 [0, )
 [0, )
 [0, )
 [0, )
 [0, )
 [0, )
 [0, )
 [0, )
 [0, )
 [0, )
 [0, )
 [0, )
 [0, )
 [0, )
 [0, )
 [0, )
 [0, )
 [0, )
 [0, )
 [0, )
 [0, )
 [0, )
 [0, )
 [0, )
 [0, )
 [0, )
 [0, )
 [0, )
 [0, )
 [0, )
 [0, )
 [0, )
 [0, )
 [0, )
 [0, )
 [0, )
 [0, )
 [0, )
 [0, )
 [0, )
 [0, )
 [0, )
 [0, )
 [0, )
 [0, )
 [0, )
 [0, )
 [0, )
 [0, )
 [0, )
 [0, )
 [0, )
 [0, )
 [0, )
 [0, )
 [0, )
 [0, )
 [0, )
 [0, )
 [0, )
 [0, )
 [0, )
 [0, )
 [0, )
 [0, )
 [0, )
 [0, )
 [0, )
 [0, )
 [0, )
 [0, )
 [0, )
 [0, )
 [0, )
 [0, )
 [0, )
 [0, )
 [0, )
 [0, )
 [0, )
 [0, )
 [0, )
 [0, )
 [0, )
 [0, )
 [0, )
 [0, )
 [0, )
 [0, )
 [0, )
 [0, )
 [0, )
 [0, )
 [0, )
 [0, )
 [0, )
 [0, )
 [0, )
 [0, )
 [0, )
 [0, )
 [0, )
 [0, )
 [0, )
 [0, )
 [0, )
 [0, )
 [0, )
 [0, )
 [0, )
 [0, )
 [0, )
 [0, )
 [0, )
 [0, )
 [0, )
 [0, )
 [0, )
 [0, )
 [0, )
 [0, )
 [0, )
 [0, )
 [0, )
 [0, )
 [0, )
 [0, )
 [0, )
 [0, )
 [0, )
 [0, )
 [0, )
 [0, )
 [0, )
 [0, )
 [0, )
 [0, )
 [0, )
 [0, )
 [0, )
 [0, )
 [0, )
 [0, )
 [0, )
 [0, )
 [0, )
 [0, )
 [0, )
 [0, )
 [0, )
 [0, )
 [0, )
 [0, )
 [0, )
 [0, )
 [0, )
 [0, )
 [0, )
 [0, )
 [0, )
 [0, )
 [0, )
 [0, )
 [0, )
 [0, )
 [0, )
 [0, )
 [0, )
 [0, )
 [0, )
 [0, )
 [0, )
 [0, )
 [0, )
 [0, )
 [0, )
 [0, )
 [0, )
 [0, )
 [0, )
 [0, )
 [0, )
 [0, )
 [0, )
 [0, )
 [0, )
 [0, )
 [0, )
 [0, )
 [0, )
 [0, )
 [0, )
 [0, )
 [0, )
 [0, )
 [0, )
 [0, )
 [0, )
 [0, )
 [0, )
 [0, )
 [0, )
 [0, )
 [0, )
 [0, )
 [0, )
 [0, )
 [0, )
 [0, )
 [0, )
 [0, )
 [0, )
 [0, )
 [0, )
 [0, )
 [0, )
 [0, )
 [0, )
 [0, )
 [0, )
 [0, )
 [0, )
 [0, )
 [0, )
 [0, )
 [0, )
 [0, )
 [0, )
 [0, )
 [0, )
 [0, )
 [0, )
 [0, )
 [0, )
 [0, )
 [0, )
 [0, )
 [0, )
 [0, )
 [0, )
 [0, )
 [0, )
 [0, )
 [0, )
 [0, )
 [0, )
 [0, )
 [0, )
 [0, )
 [0, )
 [0, )
 [0, )
 [0, )
 [0, )
 [0, )
 [0, )
 [0, )
 [0, )
 [0, )
 [0, )
 [0, )
 [0, )
 [0, )
 [0, )
 [0, )
 [0, )
 [0, )
 [0, )
 [0, )
 [0, )
