point cloud with 2551 points in dimension 3
value range: [0.286017,75.8215]
distance matrix with 2551 points, using threshold at enclosing radius 37.9842
persistence intervals in dim 0:
 [0,0.286017)
 [0,0.341873)
 [0,0.359643)
 [0,0.37274)
 [0,0.373091)
 [0,0.388411)
 [0,0.401292)
 [0,0.4056)
 [0,0.40694)
 [0,0.416496)
 [0,0.416985)
 [0,0.417956)
 [0,0.422727)
 [0,0.428569)
 [0,0.435155)
 [0,0.435543)
 [0,0.439391)
 [0,0.439918)
 [0,0.445592)
 [0,0.451698)
 [0,0.45182)
 [0,0.452414)
 [0,0.453601)
 [0,0.45384)
 [0,0.453901)
 [0,0.455886)
 [0,0.45631)
 [0,0.457177)
 [0,0.459142)
 [0,0.459741)
 [0,0.460071)
 [0,0.460203)
 [0,0.461803)
 [0,0.463552)
 [0,0.469228)
 [0,0.469622)
 [0,0.470146)
 [0,0.471027)
 [0,0.47332)
 [0,0.476287)
 [0,0.476979)
 [0,0.477214)
 [0,0.479032)
 [0,0.47922)
 [0,0.480244)
 [0,0.480406)
 [0,0.481461)
 [0,0.482348)
 [0,0.483164)
 [0,0.483354)
 [0,0.483357)
 [0,0.484077)
 [0,0.484445)
 [0,0.484447)
 [0,0.484917)
 [0,0.485214)
 [0,0.485468)
 [0,0.486735)
 [0,0.489068)
 [0,0.489108)
 [0,0.491577)
 [0,0.491969)
 [0,0.493288)
 [0,0.496596)
 [0,0.497451)
 [0,0.49832)
 [0,0.498657)
 [0,0.499387)
 [0,0.499482)
 [0,0.499965)
 [0,0.500177)
 [0,0.501145)
 [0,0.50158)
 [0,0.502023)
 [0,0.502378)
 [0,0.503137)
 [0,0.503764)
 [0,0.504249)
 [0,0.505154)
 [0,0.50523)
 [0,0.505375)
 [0,0.505679)
 [0,0.508082)
 [0,0.508796)
 [0,0.511396)
 [0,0.511793)
 [0,0.512311)
 [0,0.512525)
 [0,0.512681)
 [0,0.513762)
 [0,0.51452)
 [0,0.514881)
 [0,0.515846)
 [0,0.516723)
 [0,0.519124)
 [0,0.520009)
 [0,0.52013)
 [0,0.521707)
 [0,0.522431)
 [0,0.522507)
 [0,0.522736)
 [0,0.523285)
 [0,0.524508)
 [0,0.526438)
 [0,0.526903)
 [0,0.527185)
 [0,0.527329)
 [0,0.527873)
 [0,0.52896)
 [0,0.530561)
 [0,0.53092)
 [0,0.531009)
 [0,0.531214)
 [0,0.531817)
 [0,0.531942)
 [0,0.532497)
 [0,0.533208)
 [0,0.533879)
 [0,0.53467)
 [0,0.535299)
 [0,0.536501)
 [0,0.537084)
 [0,0.537089)
 [0,0.538055)
 [0,0.53833)
 [0,0.538718)
 [0,0.539337)
 [0,0.539501)
 [0,0.539777)
 [0,0.540638)
 [0,0.542921)
 [0,0.543039)
 [0,0.543193)
 [0,0.543889)
 [0,0.544538)
 [0,0.544963)
 [0,0.545217)
 [0,0.545469)
 [0,0.54579)
 [0,0.546912)
 [0,0.547269)
 [0,0.547306)
 [0,0.547452)
 [0,0.547533)
 [0,0.547606)
 [0,0.547926)
 [0,0.54853)
 [0,0.548538)
 [0,0.549055)
 [0,0.54939)
 [0,0.549445)
 [0,0.549479)
 [0,0.549688)
 [0,0.550149)
 [0,0.550296)
 [0,0.550809)
 [0,0.552106)
 [0,0.552333)
 [0,0.552928)
 [0,0.553834)
 [0,0.554846)
 [0,0.555335)
 [0,0.555597)
 [0,0.555742)
 [0,0.555882)
 [0,0.556708)
 [0,0.557276)
 [0,0.55805)
 [0,0.558217)
 [0,0.559148)
 [0,0.560304)
 [0,0.560974)
 [0,0.561887)
 [0,0.563066)
 [0,0.563068)
 [0,0.5636)
 [0,0.563605)
 [0,0.56469)
 [0,0.564817)
 [0,0.565313)
 [0,0.565905)
 [0,0.566332)
 [0,0.56671)
 [0,0.56682)
 [0,0.567346)
 [0,0.567853)
 [0,0.568295)
 [0,0.568306)
 [0,0.568507)
 [0,0.568971)
 [0,0.570029)
 [0,0.570395)
 [0,0.570504)
 [0,0.571172)
 [0,0.571786)
 [0,0.571998)
 [0,0.572076)
 [0,0.572189)
 [0,0.57245)
 [0,0.57246)
 [0,0.573346)
 [0,0.573933)
 [0,0.574633)
 [0,0.574787)
 [0,0.574861)
 [0,0.574992)
 [0,0.575041)
 [0,0.575702)
 [0,0.57596)
 [0,0.576231)
 [0,0.576607)
 [0,0.576639)
 [0,0.577103)
 [0,0.577124)
 [0,0.577225)
 [0,0.577262)
 [0,0.577747)
 [0,0.57777)
 [0,0.578293)
 [0,0.578785)
 [0,0.579254)
 [0,0.579413)
 [0,0.580138)
 [0,0.580529)
 [0,0.58145)
 [0,0.581504)
 [0,0.582266)
 [0,0.582303)
 [0,0.582715)
 [0,0.582777)
 [0,0.583139)
 [0,0.583282)
 [0,0.583474)
 [0,0.583529)
 [0,0.583559)
 [0,0.583589)
 [0,0.583678)
 [0,0.584286)
 [0,0.584481)
 [0,0.584561)
 [0,0.584608)
 [0,0.584629)
 [0,0.584741)
 [0,0.585182)
 [0,0.585492)
 [0,0.585789)
 [0,0.586105)
 [0,0.586261)
 [0,0.586657)
 [0,0.587011)
 [0,0.58717)
 [0,0.587413)
 [0,0.587684)
 [0,0.58803)
 [0,0.5882)
 [0,0.588308)
 [0,0.59009)
 [0,0.590194)
 [0,0.590469)
 [0,0.591068)
 [0,0.591316)
 [0,0.591407)
 [0,0.591658)
 [0,0.591884)
 [0,0.59224)
 [0,0.592778)
 [0,0.592992)
 [0,0.593473)
 [0,0.594026)
 [0,0.594173)
 [0,0.5942)
 [0,0.594252)
 [0,0.594504)
 [0,0.594628)
 [0,0.594813)
 [0,0.594901)
 [0,0.595535)
 [0,0.595659)
 [0,0.595679)
 [0,0.595791)
 [0,0.596007)
 [0,0.59636)
 [0,0.596365)
 [0,0.596678)
 [0,0.596892)
 [0,0.596958)
 [0,0.597088)
 [0,0.597191)
 [0,0.597449)
 [0,0.598216)
 [0,0.598277)
 [0,0.598393)
 [0,0.598522)
 [0,0.598535)
 [0,0.598669)
 [0,0.598992)
 [0,0.599026)
 [0,0.599571)
 [0,0.599995)
 [0,0.600098)
 [0,0.600149)
 [0,0.600339)
 [0,0.600944)
 [0,0.600957)
 [0,0.601246)
 [0,0.601312)
 [0,0.601734)
 [0,0.60185)
 [0,0.601882)
 [0,0.602186)
 [0,0.602224)
 [0,0.602516)
 [0,0.602955)
 [0,0.603354)
 [0,0.603472)
 [0,0.603797)
 [0,0.603855)
 [0,0.603952)
 [0,0.604037)
 [0,0.604243)
 [0,0.604643)
 [0,0.604793)
 [0,0.604869)
 [0,0.604911)
 [0,0.60492)
 [0,0.605124)
 [0,0.605339)
 [0,0.605571)
 [0,0.605583)
 [0,0.605667)
 [0,0.606007)
 [0,0.606063)
 [0,0.606399)
 [0,0.606545)
 [0,0.606585)
 [0,0.606585)
 [0,0.606644)
 [0,0.60667)
 [0,0.606735)
 [0,0.606867)
 [0,0.606991)
 [0,0.607211)
 [0,0.607258)
 [0,0.60745)
 [0,0.607523)
 [0,0.607694)
 [0,0.607906)
 [0,0.608094)
 [0,0.608431)
 [0,0.608543)
 [0,0.609043)
 [0,0.609044)
 [0,0.609289)
 [0,0.609791)
 [0,0.609971)
 [0,0.610019)
 [0,0.610475)
 [0,0.610658)
 [0,0.612497)
 [0,0.612773)
 [0,0.612903)
 [0,0.613146)
 [0,0.613252)
 [0,0.6134)
 [0,0.613633)
 [0,0.613761)
 [0,0.613828)
 [0,0.614299)
 [0,0.614347)
 [0,0.61453)
 [0,0.614766)
 [0,0.614833)
 [0,0.614888)
 [0,0.615041)
 [0,0.615241)
 [0,0.61525)
 [0,0.615386)
 [0,0.615429)
 [0,0.615661)
 [0,0.615752)
 [0,0.615754)
 [0,0.615766)
 [0,0.61607)
 [0,0.616371)
 [0,0.616643)
 [0,0.616897)
 [0,0.616988)
 [0,0.617082)
 [0,0.617292)
 [0,0.617314)
 [0,0.617579)
 [0,0.617823)
 [0,0.617891)
 [0,0.617911)
 [0,0.618498)
 [0,0.618771)
 [0,0.619076)
 [0,0.619132)
 [0,0.619407)
 [0,0.619504)
 [0,0.61955)
 [0,0.619563)
 [0,0.619649)
 [0,0.619741)
 [0,0.619791)
 [0,0.619882)
 [0,0.619926)
 [0,0.620154)
 [0,0.620335)
 [0,0.62053)
 [0,0.620661)
 [0,0.62069)
 [0,0.620724)
 [0,0.620835)
 [0,0.62085)
 [0,0.62085)
 [0,0.62085)
 [0,0.62118)
 [0,0.621192)
 [0,0.621417)
 [0,0.621433)
 [0,0.621565)
 [0,0.621631)
 [0,0.621684)
 [0,0.621858)
 [0,0.621882)
 [0,0.621891)
 [0,0.622084)
 [0,0.622088)
 [0,0.622303)
 [0,0.62265)
 [0,0.622678)
 [0,0.622884)
 [0,0.622952)
 [0,0.623208)
 [0,0.623608)
 [0,0.623662)
 [0,0.623771)
 [0,0.623788)
 [0,0.62379)
 [0,0.623878)
 [0,0.623903)
 [0,0.623968)
 [0,0.623975)
 [0,0.624359)
 [0,0.624482)
 [0,0.624514)
 [0,0.6246)
 [0,0.624605)
 [0,0.624637)
 [0,0.624819)
 [0,0.624821)
 [0,0.624876)
 [0,0.6249)
 [0,0.625285)
 [0,0.625374)
 [0,0.625488)
 [0,0.625638)
 [0,0.625676)
 [0,0.625728)
 [0,0.625801)
 [0,0.625886)
 [0,0.625887)
 [0,0.625998)
 [0,0.626032)
 [0,0.626143)
 [0,0.626233)
 [0,0.626725)
 [0,0.626731)
 [0,0.62693)
 [0,0.627128)
 [0,0.627258)
 [0,0.627379)
 [0,0.627419)
 [0,0.627656)
 [0,0.627671)
 [0,0.627672)
 [0,0.627719)
 [0,0.628068)
 [0,0.628082)
 [0,0.628592)
 [0,0.628906)
 [0,0.62905)
 [0,0.629119)
 [0,0.629287)
 [0,0.629393)
 [0,0.629467)
 [0,0.629488)
 [0,0.629623)
 [0,0.629759)
 [0,0.629923)
 [0,0.629934)
 [0,0.630036)
 [0,0.630137)
 [0,0.630221)
 [0,0.630221)
 [0,0.630303)
 [0,0.630334)
 [0,0.630351)
 [0,0.630479)
 [0,0.630535)
 [0,0.630754)
 [0,0.630943)
 [0,0.63108)
 [0,0.63116)
 [0,0.631444)
 [0,0.631765)
 [0,0.631802)
 [0,0.631839)
 [0,0.632149)
 [0,0.632295)
 [0,0.632374)
 [0,0.632512)
 [0,0.632579)
 [0,0.6326)
 [0,0.632656)
 [0,0.632673)
 [0,0.632754)
 [0,0.632859)
 [0,0.63292)
 [0,0.632951)
 [0,0.632967)
 [0,0.633015)
 [0,0.633025)
 [0,0.633219)
 [0,0.633361)
 [0,0.633384)
 [0,0.633453)
 [0,0.633578)
 [0,0.633773)
 [0,0.633784)
 [0,0.633801)
 [0,0.63396)
 [0,0.634406)
 [0,0.634619)
 [0,0.634743)
 [0,0.634819)
 [0,0.635101)
 [0,0.635143)
 [0,0.635237)
 [0,0.635237)
 [0,0.635409)
 [0,0.635547)
 [0,0.635683)
 [0,0.635807)
 [0,0.635819)
 [0,0.635834)
 [0,0.635957)
 [0,0.636124)
 [0,0.636263)
 [0,0.63634)
 [0,0.636485)
 [0,0.636495)
 [0,0.636729)
 [0,0.636758)
 [0,0.636819)
 [0,0.636913)
 [0,0.636944)
 [0,0.637312)
 [0,0.637605)
 [0,0.637669)
 [0,0.637704)
 [0,0.637715)
 [0,0.637718)
 [0,0.637775)
 [0,0.638006)
 [0,0.638014)
 [0,0.638058)
 [0,0.638079)
 [0,0.638146)
 [0,0.63817)
 [0,0.638249)
 [0,0.638488)
 [0,0.638541)
 [0,0.638584)
 [0,0.638655)
 [0,0.638913)
 [0,0.638936)
 [0,0.639063)
 [0,0.639091)
 [0,0.639225)
 [0,0.639319)
 [0,0.639324)
 [0,0.639451)
 [0,0.639466)
 [0,0.639843)
 [0,0.639906)
 [0,0.639908)
 [0,0.639943)
 [0,0.64002)
 [0,0.640219)
 [0,0.640236)
 [0,0.640528)
 [0,0.640658)
 [0,0.640802)
 [0,0.640811)
 [0,0.640818)
 [0,0.640937)
 [0,0.640937)
 [0,0.640948)
 [0,0.641021)
 [0,0.641049)
 [0,0.641061)
 [0,0.641095)
 [0,0.641124)
 [0,0.641133)
 [0,0.641456)
 [0,0.642032)
 [0,0.642193)
 [0,0.64225)
 [0,0.642357)
 [0,0.642373)
 [0,0.642457)
 [0,0.642648)
 [0,0.642689)
 [0,0.642792)
 [0,0.642939)
 [0,0.642985)
 [0,0.643345)
 [0,0.64342)
 [0,0.64342)
 [0,0.643514)
 [0,0.643679)
 [0,0.643742)
 [0,0.643805)
 [0,0.643832)
 [0,0.643911)
 [0,0.644068)
 [0,0.644078)
 [0,0.644111)
 [0,0.64425)
 [0,0.644383)
 [0,0.644509)
 [0,0.6447)
 [0,0.644765)
 [0,0.644979)
 [0,0.64508)
 [0,0.645169)
 [0,0.645192)
 [0,0.645308)
 [0,0.645412)
 [0,0.645448)
 [0,0.645463)
 [0,0.645556)
 [0,0.645683)
 [0,0.645706)
 [0,0.645713)
 [0,0.645739)
 [0,0.64589)
 [0,0.645915)
 [0,0.645934)
 [0,0.645978)
 [0,0.646059)
 [0,0.646104)
 [0,0.646352)
 [0,0.64643)
 [0,0.646468)
 [0,0.646959)
 [0,0.647091)
 [0,0.647135)
 [0,0.647197)
 [0,0.6473)
 [0,0.647368)
 [0,0.647393)
 [0,0.647506)
 [0,0.647626)
 [0,0.647671)
 [0,0.647804)
 [0,0.647872)
 [0,0.647874)
 [0,0.647974)
 [0,0.647981)
 [0,0.648082)
 [0,0.648092)
 [0,0.648119)
 [0,0.648786)
 [0,0.648991)
 [0,0.649049)
 [0,0.64917)
 [0,0.649189)
 [0,0.649234)
 [0,0.649286)
 [0,0.64934)
 [0,0.649475)
 [0,0.649479)
 [0,0.649593)
 [0,0.649626)
 [0,0.649771)
 [0,0.649852)
 [0,0.650327)
 [0,0.650442)
 [0,0.65056)
 [0,0.650665)
 [0,0.651069)
 [0,0.651116)
 [0,0.651151)
 [0,0.651264)
 [0,0.651296)
 [0,0.651321)
 [0,0.651346)
 [0,0.65158)
 [0,0.651619)
 [0,0.651681)
 [0,0.651792)
 [0,0.65181)
 [0,0.651983)
 [0,0.652031)
 [0,0.652037)
 [0,0.65215)
 [0,0.652157)
 [0,0.652195)
 [0,0.652225)
 [0,0.652229)
 [0,0.652272)
 [0,0.652292)
 [0,0.652386)
 [0,0.652653)
 [0,0.652743)
 [0,0.652872)
 [0,0.652883)
 [0,0.653034)
 [0,0.653102)
 [0,0.653123)
 [0,0.653202)
 [0,0.653251)
 [0,0.653287)
 [0,0.653305)
 [0,0.653323)
 [0,0.653323)
 [0,0.653325)
 [0,0.653668)
 [0,0.653839)
 [0,0.653893)
 [0,0.653918)
 [0,0.653921)
 [0,0.653954)
 [0,0.654476)
 [0,0.654609)
 [0,0.654695)
 [0,0.654782)
 [0,0.655017)
 [0,0.655216)
 [0,0.655243)
 [0,0.65541)
 [0,0.655414)
 [0,0.655492)
 [0,0.655581)
 [0,0.65559)
 [0,0.655633)
 [0,0.65566)
 [0,0.655701)
 [0,0.655911)
 [0,0.655935)
 [0,0.655974)
 [0,0.656051)
 [0,0.656057)
 [0,0.656208)
 [0,0.656314)
 [0,0.656396)
 [0,0.656495)
 [0,0.656646)
 [0,0.656662)
 [0,0.656833)
 [0,0.656963)
 [0,0.657057)
 [0,0.657167)
 [0,0.657323)
 [0,0.65741)
 [0,0.657479)
 [0,0.657722)
 [0,0.657745)
 [0,0.657855)
 [0,0.657912)
 [0,0.658088)
 [0,0.658119)
 [0,0.658165)
 [0,0.658223)
 [0,0.65823)
 [0,0.658454)
 [0,0.658482)
 [0,0.658562)
 [0,0.658613)
 [0,0.658685)
 [0,0.658747)
 [0,0.658761)
 [0,0.658873)
 [0,0.659111)
 [0,0.659275)
 [0,0.659344)
 [0,0.659568)
 [0,0.659649)
 [0,0.659657)
 [0,0.659777)
 [0,0.659862)
 [0,0.659916)
 [0,0.66009)
 [0,0.660228)
 [0,0.660367)
 [0,0.660391)
 [0,0.660412)
 [0,0.661034)
 [0,0.661243)
 [0,0.661257)
 [0,0.661295)
 [0,0.661357)
 [0,0.661357)
 [0,0.661488)
 [0,0.661622)
 [0,0.661651)
 [0,0.661705)
 [0,0.661851)
 [0,0.661951)
 [0,0.661985)
 [0,0.661996)
 [0,0.662047)
 [0,0.662135)
 [0,0.662267)
 [0,0.662272)
 [0,0.662486)
 [0,0.662536)
 [0,0.662541)
 [0,0.662569)
 [0,0.662582)
 [0,0.662666)
 [0,0.662685)
 [0,0.662785)
 [0,0.662808)
 [0,0.662832)
 [0,0.662842)
 [0,0.662926)
 [0,0.66295)
 [0,0.663047)
 [0,0.663354)
 [0,0.663547)
 [0,0.663576)
 [0,0.663647)
 [0,0.663654)
 [0,0.66367)
 [0,0.663686)
 [0,0.66385)
 [0,0.663865)
 [0,0.663869)
 [0,0.66392)
 [0,0.663926)
 [0,0.663926)
 [0,0.663983)
 [0,0.663994)
 [0,0.664002)
 [0,0.664051)
 [0,0.664208)
 [0,0.664339)
 [0,0.664782)
 [0,0.664849)
 [0,0.664948)
 [0,0.664963)
 [0,0.665037)
 [0,0.665081)
 [0,0.665169)
 [0,0.665298)
 [0,0.665371)
 [0,0.665548)
 [0,0.665555)
 [0,0.665637)
 [0,0.665787)
 [0,0.665881)
 [0,0.665999)
 [0,0.666023)
 [0,0.666163)
 [0,0.666204)
 [0,0.666459)
 [0,0.666535)
 [0,0.666562)
 [0,0.666566)
 [0,0.666643)
 [0,0.66665)
 [0,0.666719)
 [0,0.666763)
 [0,0.666785)
 [0,0.666865)
 [0,0.666951)
 [0,0.666971)
 [0,0.667033)
 [0,0.667093)
 [0,0.6671)
 [0,0.66719)
 [0,0.667208)
 [0,0.667355)
 [0,0.66746)
 [0,0.667471)
 [0,0.667563)
 [0,0.667709)
 [0,0.667756)
 [0,0.667764)
 [0,0.667989)
 [0,0.66801)
 [0,0.668066)
 [0,0.668096)
 [0,0.668185)
 [0,0.668343)
 [0,0.668393)
 [0,0.668414)
 [0,0.668422)
 [0,0.668442)
 [0,0.668532)
 [0,0.668556)
 [0,0.668664)
 [0,0.66882)
 [0,0.668848)
 [0,0.668944)
 [0,0.669044)
 [0,0.66921)
 [0,0.66922)
 [0,0.6693)
 [0,0.669374)
 [0,0.669398)
 [0,0.669624)
 [0,0.669675)
 [0,0.66995)
 [0,0.670009)
 [0,0.670011)
 [0,0.670033)
 [0,0.670051)
 [0,0.670141)
 [0,0.67017)
 [0,0.670315)
 [0,0.670485)
 [0,0.670565)
 [0,0.670579)
 [0,0.670648)
 [0,0.670726)
 [0,0.670783)
 [0,0.670804)
 [0,0.670895)
 [0,0.671105)
 [0,0.671278)
 [0,0.67142)
 [0,0.671433)
 [0,0.671441)
 [0,0.671501)
 [0,0.671691)
 [0,0.671874)
 [0,0.671938)
 [0,0.672114)
 [0,0.672243)
 [0,0.672254)
 [0,0.672396)
 [0,0.672424)
 [0,0.672455)
 [0,0.672474)
 [0,0.672541)
 [0,0.67257)
 [0,0.672707)
 [0,0.672842)
 [0,0.67287)
 [0,0.67288)
 [0,0.672917)
 [0,0.672954)
 [0,0.673055)
 [0,0.673223)
 [0,0.673411)
 [0,0.673423)
 [0,0.673462)
 [0,0.673471)
 [0,0.673474)
 [0,0.673542)
 [0,0.673657)
 [0,0.673879)
 [0,0.674036)
 [0,0.67413)
 [0,0.674198)
 [0,0.674269)
 [0,0.674369)
 [0,0.674458)
 [0,0.674481)
 [0,0.674522)
 [0,0.674742)
 [0,0.674787)
 [0,0.674804)
 [0,0.674851)
 [0,0.674934)
 [0,0.675038)
 [0,0.675124)
 [0,0.675131)
 [0,0.675269)
 [0,0.675281)
 [0,0.67561)
 [0,0.675824)
 [0,0.675923)
 [0,0.675962)
 [0,0.676189)
 [0,0.6762)
 [0,0.676246)
 [0,0.676297)
 [0,0.676323)
 [0,0.676366)
 [0,0.676429)
 [0,0.676436)
 [0,0.676495)
 [0,0.676521)
 [0,0.676562)
 [0,0.677073)
 [0,0.677092)
 [0,0.677107)
 [0,0.677164)
 [0,0.67724)
 [0,0.677328)
 [0,0.677331)
 [0,0.677355)
 [0,0.677408)
 [0,0.677466)
 [0,0.677501)
 [0,0.67757)
 [0,0.677655)
 [0,0.677671)
 [0,0.677671)
 [0,0.677732)
 [0,0.67779)
 [0,0.677798)
 [0,0.677879)
 [0,0.677978)
 [0,0.678015)
 [0,0.67806)
 [0,0.678064)
 [0,0.678166)
 [0,0.678168)
 [0,0.678343)
 [0,0.678383)
 [0,0.678432)
 [0,0.678544)
 [0,0.678737)
 [0,0.678753)
 [0,0.678859)
 [0,0.678898)
 [0,0.678942)
 [0,0.678982)
 [0,0.679335)
 [0,0.679411)
 [0,0.679414)
 [0,0.679417)
 [0,0.679421)
 [0,0.679438)
 [0,0.679441)
 [0,0.67946)
 [0,0.679521)
 [0,0.679549)
 [0,0.679744)
 [0,0.679771)
 [0,0.679777)
 [0,0.679787)
 [0,0.679801)
 [0,0.679803)
 [0,0.679872)
 [0,0.679873)
 [0,0.67988)
 [0,0.679913)
 [0,0.679945)
 [0,0.679968)
 [0,0.680002)
 [0,0.680039)
 [0,0.680127)
 [0,0.68014)
 [0,0.680151)
 [0,0.680177)
 [0,0.680248)
 [0,0.680318)
 [0,0.680456)
 [0,0.680474)
 [0,0.680523)
 [0,0.680602)
 [0,0.680616)
 [0,0.680639)
 [0,0.68066)
 [0,0.680768)
 [0,0.680799)
 [0,0.680895)
 [0,0.680915)
 [0,0.680929)
 [0,0.681002)
 [0,0.681004)
 [0,0.681058)
 [0,0.681078)
 [0,0.68115)
 [0,0.681171)
 [0,0.681173)
 [0,0.681203)
 [0,0.68122)
 [0,0.681265)
 [0,0.681277)
 [0,0.681281)
 [0,0.681305)
 [0,0.681395)
 [0,0.681448)
 [0,0.681521)
 [0,0.68159)
 [0,0.681593)
 [0,0.681619)
 [0,0.681771)
 [0,0.681844)
 [0,0.682071)
 [0,0.682131)
 [0,0.682179)
 [0,0.682227)
 [0,0.682239)
 [0,0.682316)
 [0,0.682472)
 [0,0.682506)
 [0,0.682513)
 [0,0.682555)
 [0,0.682568)
 [0,0.682653)
 [0,0.682658)
 [0,0.682693)
 [0,0.682695)
 [0,0.682718)
 [0,0.682729)
 [0,0.682733)
 [0,0.682743)
 [0,0.682753)
 [0,0.682786)
 [0,0.682787)
 [0,0.683023)
 [0,0.683067)
 [0,0.683106)
 [0,0.683133)
 [0,0.683203)
 [0,0.683215)
 [0,0.683234)
 [0,0.683269)
 [0,0.683271)
 [0,0.683333)
 [0,0.683777)
 [0,0.683822)
 [0,0.683859)
 [0,0.683947)
 [0,0.684016)
 [0,0.684039)
 [0,0.684047)
 [0,0.684068)
 [0,0.684126)
 [0,0.684159)
 [0,0.684362)
 [0,0.684394)
 [0,0.684395)
 [0,0.684501)
 [0,0.684513)
 [0,0.684515)
 [0,0.684577)
 [0,0.684595)
 [0,0.684609)
 [0,0.684711)
 [0,0.684828)
 [0,0.684899)
 [0,0.684914)
 [0,0.684978)
 [0,0.685036)
 [0,0.685059)
 [0,0.685063)
 [0,0.685064)
 [0,0.685202)
 [0,0.685343)
 [0,0.68535)
 [0,0.685351)
 [0,0.685384)
 [0,0.685538)
 [0,0.685541)
 [0,0.685547)
 [0,0.685601)
 [0,0.685641)
 [0,0.685745)
 [0,0.686065)
 [0,0.686178)
 [0,0.686195)
 [0,0.686256)
 [0,0.686313)
 [0,0.686357)
 [0,0.686436)
 [0,0.686501)
 [0,0.686505)
 [0,0.686612)
 [0,0.686626)
 [0,0.68667)
 [0,0.686771)
 [0,0.686776)
 [0,0.686859)
 [0,0.686884)
 [0,0.686894)
 [0,0.686907)
 [0,0.686957)
 [0,0.686975)
 [0,0.687122)
 [0,0.687158)
 [0,0.687427)
 [0,0.687438)
 [0,0.687443)
 [0,0.687515)
 [0,0.687538)
 [0,0.687539)
 [0,0.687545)
 [0,0.687563)
 [0,0.687573)
 [0,0.687681)
 [0,0.687708)
 [0,0.687796)
 [0,0.687808)
 [0,0.687818)
 [0,0.687899)
 [0,0.687996)
 [0,0.688003)
 [0,0.688008)
 [0,0.68801)
 [0,0.688032)
 [0,0.68809)
 [0,0.688278)
 [0,0.688286)
 [0,0.688431)
 [0,0.688469)
 [0,0.688481)
 [0,0.688495)
 [0,0.688521)
 [0,0.68854)
 [0,0.688593)
 [0,0.688607)
 [0,0.688715)
 [0,0.688758)
 [0,0.68883)
 [0,0.688856)
 [0,0.688936)
 [0,0.689019)
 [0,0.689032)
 [0,0.689039)
 [0,0.689093)
 [0,0.68911)
 [0,0.689121)
 [0,0.689178)
 [0,0.689187)
 [0,0.689188)
 [0,0.689283)
 [0,0.689338)
 [0,0.689435)
 [0,0.689531)
 [0,0.689539)
 [0,0.689586)
 [0,0.689619)
 [0,0.689655)
 [0,0.689819)
 [0,0.689934)
 [0,0.690133)
 [0,0.690163)
 [0,0.690208)
 [0,0.690238)
 [0,0.69024)
 [0,0.690338)
 [0,0.69036)
 [0,0.690495)
 [0,0.690639)
 [0,0.690643)
 [0,0.690802)
 [0,0.690851)
 [0,0.691062)
 [0,0.691063)
 [0,0.6911)
 [0,0.691198)
 [0,0.691229)
 [0,0.691251)
 [0,0.691258)
 [0,0.691285)
 [0,0.691298)
 [0,0.691336)
 [0,0.691357)
 [0,0.691368)
 [0,0.691438)
 [0,0.691468)
 [0,0.691556)
 [0,0.691642)
 [0,0.691664)
 [0,0.691715)
 [0,0.691743)
 [0,0.691855)
 [0,0.692007)
 [0,0.692049)
 [0,0.692122)
 [0,0.692124)
 [0,0.692222)
 [0,0.692297)
 [0,0.692341)
 [0,0.692442)
 [0,0.69247)
 [0,0.692494)
 [0,0.69261)
 [0,0.692618)
 [0,0.692657)
 [0,0.692662)
 [0,0.692678)
 [0,0.692745)
 [0,0.692969)
 [0,0.693022)
 [0,0.693056)
 [0,0.69308)
 [0,0.693104)
 [0,0.693129)
 [0,0.693245)
 [0,0.693282)
 [0,0.693303)
 [0,0.693315)
 [0,0.693321)
 [0,0.693428)
 [0,0.693449)
 [0,0.693467)
 [0,0.693647)
 [0,0.693679)
 [0,0.693684)
 [0,0.6937)
 [0,0.6937)
 [0,0.693731)
 [0,0.693751)
 [0,0.69381)
 [0,0.693844)
 [0,0.693849)
 [0,0.693862)
 [0,0.693931)
 [0,0.693948)
 [0,0.694079)
 [0,0.694193)
 [0,0.694318)
 [0,0.694466)
 [0,0.69463)
 [0,0.694695)
 [0,0.694911)
 [0,0.695131)
 [0,0.695137)
 [0,0.695158)
 [0,0.695168)
 [0,0.69518)
 [0,0.695221)
 [0,0.695371)
 [0,0.695399)
 [0,0.695464)
 [0,0.695476)
 [0,0.695508)
 [0,0.695625)
 [0,0.695664)
 [0,0.69573)
 [0,0.695734)
 [0,0.695821)
 [0,0.695822)
 [0,0.695927)
 [0,0.695953)
 [0,0.69605)
 [0,0.696058)
 [0,0.696106)
 [0,0.696185)
 [0,0.696316)
 [0,0.696532)
 [0,0.696592)
 [0,0.696628)
 [0,0.696653)
 [0,0.696768)
 [0,0.697048)
 [0,0.697183)
 [0,0.697228)
 [0,0.697244)
 [0,0.697257)
 [0,0.697367)
 [0,0.697386)
 [0,0.697476)
 [0,0.697498)
 [0,0.697709)
 [0,0.697731)
 [0,0.697762)
 [0,0.697834)
 [0,0.697861)
 [0,0.697898)
 [0,0.698202)
 [0,0.698301)
 [0,0.698412)
 [0,0.698431)
 [0,0.698439)
 [0,0.698524)
 [0,0.698717)
 [0,0.698776)
 [0,0.698809)
 [0,0.698823)
 [0,0.698889)
 [0,0.699051)
 [0,0.699116)
 [0,0.699146)
 [0,0.699179)
 [0,0.699422)
 [0,0.69957)
 [0,0.699675)
 [0,0.699739)
 [0,0.699747)
 [0,0.699808)
 [0,0.699816)
 [0,0.699839)
 [0,0.699852)
 [0,0.699955)
 [0,0.699966)
 [0,0.699968)
 [0,0.700005)
 [0,0.700057)
 [0,0.700217)
 [0,0.700219)
 [0,0.700233)
 [0,0.700309)
 [0,0.70031)
 [0,0.700382)
 [0,0.700383)
 [0,0.700393)
 [0,0.700482)
 [0,0.700519)
 [0,0.700526)
 [0,0.700586)
 [0,0.700616)
 [0,0.700618)
 [0,0.700639)
 [0,0.700717)
 [0,0.700833)
 [0,0.700839)
 [0,0.700883)
 [0,0.700907)
 [0,0.700908)
 [0,0.700921)
 [0,0.70095)
 [0,0.701026)
 [0,0.701105)
 [0,0.701265)
 [0,0.701459)
 [0,0.701464)
 [0,0.701624)
 [0,0.701648)
 [0,0.70186)
 [0,0.701864)
 [0,0.701876)
 [0,0.701887)
 [0,0.701942)
 [0,0.701975)
 [0,0.702008)
 [0,0.702082)
 [0,0.702291)
 [0,0.702293)
 [0,0.70233)
 [0,0.70233)
 [0,0.702601)
 [0,0.702617)
 [0,0.702712)
 [0,0.702845)
 [0,0.702861)
 [0,0.702874)
 [0,0.702947)
 [0,0.702995)
 [0,0.70304)
 [0,0.703064)
 [0,0.70307)
 [0,0.703154)
 [0,0.703167)
 [0,0.703172)
 [0,0.70324)
 [0,0.703375)
 [0,0.703409)
 [0,0.70355)
 [0,0.703718)
 [0,0.703734)
 [0,0.703752)
 [0,0.703775)
 [0,0.703899)
 [0,0.704001)
 [0,0.704012)
 [0,0.704091)
 [0,0.704094)
 [0,0.704208)
 [0,0.704382)
 [0,0.704403)
 [0,0.704412)
 [0,0.704421)
 [0,0.70443)
 [0,0.704458)
 [0,0.704567)
 [0,0.704702)
 [0,0.704889)
 [0,0.704903)
 [0,0.704993)
 [0,0.705029)
 [0,0.705082)
 [0,0.705163)
 [0,0.705241)
 [0,0.705244)
 [0,0.705309)
 [0,0.705318)
 [0,0.705339)
 [0,0.705498)
 [0,0.705535)
 [0,0.705536)
 [0,0.705806)
 [0,0.705808)
 [0,0.705887)
 [0,0.705912)
 [0,0.705914)
 [0,0.705943)
 [0,0.70596)
 [0,0.706025)
 [0,0.706113)
 [0,0.706125)
 [0,0.706171)
 [0,0.706209)
 [0,0.706228)
 [0,0.706298)
 [0,0.706312)
 [0,0.706321)
 [0,0.706333)
 [0,0.706358)
 [0,0.70646)
 [0,0.706477)
 [0,0.706524)
 [0,0.706525)
 [0,0.706542)
 [0,0.706544)
 [0,0.706577)
 [0,0.706696)
 [0,0.706714)
 [0,0.706873)
 [0,0.706895)
 [0,0.706949)
 [0,0.707012)
 [0,0.707018)
 [0,0.707048)
 [0,0.70708)
 [0,0.707146)
 [0,0.707159)
 [0,0.707195)
 [0,0.707228)
 [0,0.707258)
 [0,0.707349)
 [0,0.707469)
 [0,0.707568)
 [0,0.707695)
 [0,0.707838)
 [0,0.707839)
 [0,0.707897)
 [0,0.707933)
 [0,0.707971)
 [0,0.708067)
 [0,0.708162)
 [0,0.708167)
 [0,0.708233)
 [0,0.708248)
 [0,0.708283)
 [0,0.708451)
 [0,0.708458)
 [0,0.708463)
 [0,0.708485)
 [0,0.708671)
 [0,0.708745)
 [0,0.708835)
 [0,0.708856)
 [0,0.70902)
 [0,0.70902)
 [0,0.709246)
 [0,0.709268)
 [0,0.709454)
 [0,0.709572)
 [0,0.709592)
 [0,0.709601)
 [0,0.709601)
 [0,0.709731)
 [0,0.709818)
 [0,0.710035)
 [0,0.710042)
 [0,0.710047)
 [0,0.710056)
 [0,0.710133)
 [0,0.71014)
 [0,0.710164)
 [0,0.710208)
 [0,0.710278)
 [0,0.710346)
 [0,0.710402)
 [0,0.710406)
 [0,0.71041)
 [0,0.710608)
 [0,0.710616)
 [0,0.710662)
 [0,0.710745)
 [0,0.710798)
 [0,0.710825)
 [0,0.710835)
 [0,0.710844)
 [0,0.710933)
 [0,0.710942)
 [0,0.711042)
 [0,0.711166)
 [0,0.711231)
 [0,0.711387)
 [0,0.711399)
 [0,0.711435)
 [0,0.71147)
 [0,0.711639)
 [0,0.711659)
 [0,0.71167)
 [0,0.711911)
 [0,0.712108)
 [0,0.712192)
 [0,0.712215)
 [0,0.712243)
 [0,0.712303)
 [0,0.712517)
 [0,0.712687)
 [0,0.712717)
 [0,0.712729)
 [0,0.712761)
 [0,0.712768)
 [0,0.712777)
 [0,0.712806)
 [0,0.712859)
 [0,0.71288)
 [0,0.7129)
 [0,0.712926)
 [0,0.713087)
 [0,0.713102)
 [0,0.713276)
 [0,0.713355)
 [0,0.71339)
 [0,0.713396)
 [0,0.713479)
 [0,0.713517)
 [0,0.71352)
 [0,0.713677)
 [0,0.713697)
 [0,0.713916)
 [0,0.713951)
 [0,0.713964)
 [0,0.714091)
 [0,0.714149)
 [0,0.714292)
 [0,0.714467)
 [0,0.714512)
 [0,0.714684)
 [0,0.714763)
 [0,0.714872)
 [0,0.714886)
 [0,0.71495)
 [0,0.71502)
 [0,0.715256)
 [0,0.715349)
 [0,0.715394)
 [0,0.715425)
 [0,0.715553)
 [0,0.71562)
 [0,0.715656)
 [0,0.715777)
 [0,0.715808)
 [0,0.715848)
 [0,0.715876)
 [0,0.715918)
 [0,0.715988)
 [0,0.716003)
 [0,0.716118)
 [0,0.716122)
 [0,0.716123)
 [0,0.716209)
 [0,0.716246)
 [0,0.716583)
 [0,0.716716)
 [0,0.716728)
 [0,0.716777)
 [0,0.716902)
 [0,0.716927)
 [0,0.716935)
 [0,0.716973)
 [0,0.716976)
 [0,0.717148)
 [0,0.717248)
 [0,0.717293)
 [0,0.717476)
 [0,0.717481)
 [0,0.717521)
 [0,0.717554)
 [0,0.717684)
 [0,0.717697)
 [0,0.71784)
 [0,0.717853)
 [0,0.717856)
 [0,0.717868)
 [0,0.717873)
 [0,0.717889)
 [0,0.717926)
 [0,0.718035)
 [0,0.71804)
 [0,0.718055)
 [0,0.718121)
 [0,0.718146)
 [0,0.718206)
 [0,0.718341)
 [0,0.718376)
 [0,0.718376)
 [0,0.718453)
 [0,0.718781)
 [0,0.718807)
 [0,0.718882)
 [0,0.718916)
 [0,0.718917)
 [0,0.718918)
 [0,0.718927)
 [0,0.718939)
 [0,0.718998)
 [0,0.719042)
 [0,0.719152)
 [0,0.71918)
 [0,0.719197)
 [0,0.719231)
 [0,0.719236)
 [0,0.719276)
 [0,0.719304)
 [0,0.719319)
 [0,0.719484)
 [0,0.719629)
 [0,0.719853)
 [0,0.719967)
 [0,0.720078)
 [0,0.720079)
 [0,0.720127)
 [0,0.720197)
 [0,0.720231)
 [0,0.720583)
 [0,0.720668)
 [0,0.720709)
 [0,0.720963)
 [0,0.72099)
 [0,0.721043)
 [0,0.721073)
 [0,0.72108)
 [0,0.721123)
 [0,0.721356)
 [0,0.721445)
 [0,0.721467)
 [0,0.721542)
 [0,0.721556)
 [0,0.721604)
 [0,0.721614)
 [0,0.721642)
 [0,0.721787)
 [0,0.721864)
 [0,0.721911)
 [0,0.722211)
 [0,0.722305)
 [0,0.722357)
 [0,0.7224)
 [0,0.722417)
 [0,0.722424)
 [0,0.722511)
 [0,0.722532)
 [0,0.722546)
 [0,0.72261)
 [0,0.722726)
 [0,0.722928)
 [0,0.722956)
 [0,0.722958)
 [0,0.722962)
 [0,0.72304)
 [0,0.72307)
 [0,0.723122)
 [0,0.723472)
 [0,0.72349)
 [0,0.723518)
 [0,0.723524)
 [0,0.723637)
 [0,0.723645)
 [0,0.723667)
 [0,0.723735)
 [0,0.723781)
 [0,0.723858)
 [0,0.723908)
 [0,0.723947)
 [0,0.723961)
 [0,0.724039)
 [0,0.724201)
 [0,0.724334)
 [0,0.724597)
 [0,0.724622)
 [0,0.724782)
 [0,0.72493)
 [0,0.725136)
 [0,0.725296)
 [0,0.725392)
 [0,0.725499)
 [0,0.725501)
 [0,0.725567)
 [0,0.725612)
 [0,0.725702)
 [0,0.725819)
 [0,0.725978)
 [0,0.72615)
 [0,0.726215)
 [0,0.726407)
 [0,0.726413)
 [0,0.72643)
 [0,0.726594)
 [0,0.726689)
 [0,0.726793)
 [0,0.726846)
 [0,0.726931)
 [0,0.727049)
 [0,0.727055)
 [0,0.727072)
 [0,0.727122)
 [0,0.727216)
 [0,0.727216)
 [0,0.727298)
 [0,0.727445)
 [0,0.727652)
 [0,0.727711)
 [0,0.727753)
 [0,0.727891)
 [0,0.727945)
 [0,0.727973)
 [0,0.727991)
 [0,0.728217)
 [0,0.728271)
 [0,0.728292)
 [0,0.728412)
 [0,0.728537)
 [0,0.728718)
 [0,0.728782)
 [0,0.728792)
 [0,0.728809)
 [0,0.728835)
 [0,0.728995)
 [0,0.72903)
 [0,0.729258)
 [0,0.729275)
 [0,0.729309)
 [0,0.72938)
 [0,0.729403)
 [0,0.729497)
 [0,0.729498)
 [0,0.7295)
 [0,0.729508)
 [0,0.729553)
 [0,0.729613)
 [0,0.729872)
 [0,0.72999)
 [0,0.730139)
 [0,0.730155)
 [0,0.730202)
 [0,0.73022)
 [0,0.730277)
 [0,0.730292)
 [0,0.730364)
 [0,0.730372)
 [0,0.730442)
 [0,0.730444)
 [0,0.730451)
 [0,0.730564)
 [0,0.730574)
 [0,0.730618)
 [0,0.730634)
 [0,0.730997)
 [0,0.731264)
 [0,0.731325)
 [0,0.731375)
 [0,0.731589)
 [0,0.731599)
 [0,0.731675)
 [0,0.731689)
 [0,0.731708)
 [0,0.731721)
 [0,0.731799)
 [0,0.731862)
 [0,0.731933)
 [0,0.732019)
 [0,0.732028)
 [0,0.732049)
 [0,0.732095)
 [0,0.732282)
 [0,0.732306)
 [0,0.732506)
 [0,0.732526)
 [0,0.732554)
 [0,0.732714)
 [0,0.732744)
 [0,0.732746)
 [0,0.732905)
 [0,0.732949)
 [0,0.733003)
 [0,0.733035)
 [0,0.733054)
 [0,0.733055)
 [0,0.73314)
 [0,0.733198)
 [0,0.73323)
 [0,0.733354)
 [0,0.733455)
 [0,0.73381)
 [0,0.733817)
 [0,0.73388)
 [0,0.733923)
 [0,0.734059)
 [0,0.734083)
 [0,0.734123)
 [0,0.734133)
 [0,0.734222)
 [0,0.734224)
 [0,0.734522)
 [0,0.7346)
 [0,0.734611)
 [0,0.734635)
 [0,0.734662)
 [0,0.734755)
 [0,0.734829)
 [0,0.734853)
 [0,0.734896)
 [0,0.734912)
 [0,0.73498)
 [0,0.735099)
 [0,0.735232)
 [0,0.735242)
 [0,0.735273)
 [0,0.73532)
 [0,0.735388)
 [0,0.735409)
 [0,0.735526)
 [0,0.735551)
 [0,0.735737)
 [0,0.735771)
 [0,0.735939)
 [0,0.735957)
 [0,0.736077)
 [0,0.736199)
 [0,0.736382)
 [0,0.736601)
 [0,0.73662)
 [0,0.73666)
 [0,0.736791)
 [0,0.736791)
 [0,0.73684)
 [0,0.736858)
 [0,0.736893)
 [0,0.736944)
 [0,0.737168)
 [0,0.737315)
 [0,0.737454)
 [0,0.73755)
 [0,0.737705)
 [0,0.737857)
 [0,0.738128)
 [0,0.738182)
 [0,0.738258)
 [0,0.73831)
 [0,0.738344)
 [0,0.73836)
 [0,0.738463)
 [0,0.738469)
 [0,0.73852)
 [0,0.738704)
 [0,0.738705)
 [0,0.73871)
 [0,0.739125)
 [0,0.739162)
 [0,0.739469)
 [0,0.739474)
 [0,0.739515)
 [0,0.739519)
 [0,0.739538)
 [0,0.739608)
 [0,0.739745)
 [0,0.73984)
 [0,0.739911)
 [0,0.73999)
 [0,0.740019)
 [0,0.740432)
 [0,0.740541)
 [0,0.740829)
 [0,0.740838)
 [0,0.741069)
 [0,0.741071)
 [0,0.741261)
 [0,0.741294)
 [0,0.741297)
 [0,0.741434)
 [0,0.741475)
 [0,0.741806)
 [0,0.74197)
 [0,0.742211)
 [0,0.742232)
 [0,0.742344)
 [0,0.742447)
 [0,0.742463)
 [0,0.74253)
 [0,0.742604)
 [0,0.742631)
 [0,0.742658)
 [0,0.742702)
 [0,0.743234)
 [0,0.743279)
 [0,0.743447)
 [0,0.743521)
 [0,0.743535)
 [0,0.74361)
 [0,0.743666)
 [0,0.743791)
 [0,0.743872)
 [0,0.743933)
 [0,0.743945)
 [0,0.744044)
 [0,0.744202)
 [0,0.744244)
 [0,0.74425)
 [0,0.744375)
 [0,0.744439)
 [0,0.744613)
 [0,0.744705)
 [0,0.744801)
 [0,0.744919)
 [0,0.744925)
 [0,0.744934)
 [0,0.745006)
 [0,0.74507)
 [0,0.745262)
 [0,0.745457)
 [0,0.745463)
 [0,0.745517)
 [0,0.745531)
 [0,0.745646)
 [0,0.745726)
 [0,0.745755)
 [0,0.7458)
 [0,0.745852)
 [0,0.745986)
 [0,0.746082)
 [0,0.746232)
 [0,0.746241)
 [0,0.746273)
 [0,0.746288)
 [0,0.74656)
 [0,0.746714)
 [0,0.746767)
 [0,0.74678)
 [0,0.746787)
 [0,0.746884)
 [0,0.747064)
 [0,0.747126)
 [0,0.74728)
 [0,0.747292)
 [0,0.747651)
 [0,0.747885)
 [0,0.747913)
 [0,0.747969)
 [0,0.747984)
 [0,0.748035)
 [0,0.7481)
 [0,0.748558)
 [0,0.748671)
 [0,0.74874)
 [0,0.749392)
 [0,0.749425)
 [0,0.749649)
 [0,0.74975)
 [0,0.749945)
 [0,0.750067)
 [0,0.750099)
 [0,0.750112)
 [0,0.750136)
 [0,0.750182)
 [0,0.750207)
 [0,0.750282)
 [0,0.750325)
 [0,0.750498)
 [0,0.7505)
 [0,0.750738)
 [0,0.750805)
 [0,0.750816)
 [0,0.750869)
 [0,0.750925)
 [0,0.750977)
 [0,0.751004)
 [0,0.751208)
 [0,0.751307)
 [0,0.751436)
 [0,0.751446)
 [0,0.751459)
 [0,0.751858)
 [0,0.751891)
 [0,0.751967)
 [0,0.752114)
 [0,0.752125)
 [0,0.752203)
 [0,0.752231)
 [0,0.75234)
 [0,0.752426)
 [0,0.752517)
 [0,0.752548)
 [0,0.752882)
 [0,0.753021)
 [0,0.753035)
 [0,0.753242)
 [0,0.75369)
 [0,0.754086)
 [0,0.754101)
 [0,0.754104)
 [0,0.754438)
 [0,0.754519)
 [0,0.754713)
 [0,0.754754)
 [0,0.754917)
 [0,0.755088)
 [0,0.755244)
 [0,0.755387)
 [0,0.755414)
 [0,0.755439)
 [0,0.755776)
 [0,0.755916)
 [0,0.755957)
 [0,0.75597)
 [0,0.756024)
 [0,0.756081)
 [0,0.756108)
 [0,0.756191)
 [0,0.756364)
 [0,0.756508)
 [0,0.756824)
 [0,0.756846)
 [0,0.756862)
 [0,0.75691)
 [0,0.757265)
 [0,0.757295)
 [0,0.757692)
 [0,0.757804)
 [0,0.757849)
 [0,0.758117)
 [0,0.758121)
 [0,0.758417)
 [0,0.758684)
 [0,0.758868)
 [0,0.759004)
 [0,0.759048)
 [0,0.75914)
 [0,0.759141)
 [0,0.759195)
 [0,0.759241)
 [0,0.759315)
 [0,0.759525)
 [0,0.759526)
 [0,0.759836)
 [0,0.759909)
 [0,0.759936)
 [0,0.760277)
 [0,0.760345)
 [0,0.760738)
 [0,0.760798)
 [0,0.761011)
 [0,0.761022)
 [0,0.761133)
 [0,0.761236)
 [0,0.761297)
 [0,0.761302)
 [0,0.761316)
 [0,0.761341)
 [0,0.761423)
 [0,0.761442)
 [0,0.761721)
 [0,0.761973)
 [0,0.761992)
 [0,0.761996)
 [0,0.76222)
 [0,0.762285)
 [0,0.762378)
 [0,0.762453)
 [0,0.762465)
 [0,0.762752)
 [0,0.762871)
 [0,0.763243)
 [0,0.763395)
 [0,0.763484)
 [0,0.76352)
 [0,0.763531)
 [0,0.763606)
 [0,0.763633)
 [0,0.763756)
 [0,0.763967)
 [0,0.76408)
 [0,0.764293)
 [0,0.764369)
 [0,0.764619)
 [0,0.764625)
 [0,0.764719)
 [0,0.764797)
 [0,0.764846)
 [0,0.765043)
 [0,0.765049)
 [0,0.76517)
 [0,0.765332)
 [0,0.765705)
 [0,0.765708)
 [0,0.766328)
 [0,0.766772)
 [0,0.766952)
 [0,0.767139)
 [0,0.76715)
 [0,0.767286)
 [0,0.767373)
 [0,0.767416)
 [0,0.76779)
 [0,0.767855)
 [0,0.768328)
 [0,0.76836)
 [0,0.768458)
 [0,0.769003)
 [0,0.769065)
 [0,0.769107)
 [0,0.769166)
 [0,0.769868)
 [0,0.769886)
 [0,0.770062)
 [0,0.770093)
 [0,0.770207)
 [0,0.770484)
 [0,0.770561)
 [0,0.771031)
 [0,0.771101)
 [0,0.771137)
 [0,0.771259)
 [0,0.771694)
 [0,0.771792)
 [0,0.771943)
 [0,0.77195)
 [0,0.772532)
 [0,0.772548)
 [0,0.772658)
 [0,0.772699)
 [0,0.772703)
 [0,0.772718)
 [0,0.772762)
 [0,0.772918)
 [0,0.772936)
 [0,0.773013)
 [0,0.773245)
 [0,0.773263)
 [0,0.773311)
 [0,0.773539)
 [0,0.773644)
 [0,0.773995)
 [0,0.774013)
 [0,0.774123)
 [0,0.774627)
 [0,0.774731)
 [0,0.774802)
 [0,0.774912)
 [0,0.774995)
 [0,0.775319)
 [0,0.775353)
 [0,0.775557)
 [0,0.775569)
 [0,0.775922)
 [0,0.776087)
 [0,0.776227)
 [0,0.776343)
 [0,0.776438)
 [0,0.776631)
 [0,0.776783)
 [0,0.776875)
 [0,0.776932)
 [0,0.776947)
 [0,0.776951)
 [0,0.777068)
 [0,0.777148)
 [0,0.777177)
 [0,0.777295)
 [0,0.77737)
 [0,0.777749)
 [0,0.778185)
 [0,0.778266)
 [0,0.778313)
 [0,0.778428)
 [0,0.778565)
 [0,0.778624)
 [0,0.778713)
 [0,0.778802)
 [0,0.778875)
 [0,0.779088)
 [0,0.779118)
 [0,0.779409)
 [0,0.779533)
 [0,0.779698)
 [0,0.779707)
 [0,0.77982)
 [0,0.779897)
 [0,0.780005)
 [0,0.780019)
 [0,0.780058)
 [0,0.780191)
 [0,0.780192)
 [0,0.780374)
 [0,0.780701)
 [0,0.780836)
 [0,0.780881)
 [0,0.781024)
 [0,0.78178)
 [0,0.781908)
 [0,0.782194)
 [0,0.782285)
 [0,0.782564)
 [0,0.782728)
 [0,0.78323)
 [0,0.783291)
 [0,0.783643)
 [0,0.783885)
 [0,0.784192)
 [0,0.784973)
 [0,0.785172)
 [0,0.785371)
 [0,0.785544)
 [0,0.785722)
 [0,0.785877)
 [0,0.786093)
 [0,0.786154)
 [0,0.786265)
 [0,0.787065)
 [0,0.787117)
 [0,0.787469)
 [0,0.787609)
 [0,0.787844)
 [0,0.788058)
 [0,0.788134)
 [0,0.788331)
 [0,0.788944)
 [0,0.789296)
 [0,0.789345)
 [0,0.789496)
 [0,0.789731)
 [0,0.789848)
 [0,0.789927)
 [0,0.789999)
 [0,0.790292)
 [0,0.790374)
 [0,0.790535)
 [0,0.790836)
 [0,0.791095)
 [0,0.791295)
 [0,0.792107)
 [0,0.792312)
 [0,0.792626)
 [0,0.792766)
 [0,0.792819)
 [0,0.792932)
 [0,0.793914)
 [0,0.794324)
 [0,0.79466)
 [0,0.794936)
 [0,0.795661)
 [0,0.795766)
 [0,0.797316)
 [0,0.79738)
 [0,0.797457)
 [0,0.797616)
 [0,0.797932)
 [0,0.798031)
 [0,0.79834)
 [0,0.798356)
 [0,0.798546)
 [0,0.79857)
 [0,0.799873)
 [0,0.799956)
 [0,0.800402)
 [0,0.800407)
 [0,0.800695)
 [0,0.800723)
 [0,0.800948)
 [0,0.801221)
 [0,0.801438)
 [0,0.801693)
 [0,0.802042)
 [0,0.802327)
 [0,0.802497)
 [0,0.802953)
 [0,0.803008)
 [0,0.803132)
 [0,0.803172)
 [0,0.803976)
 [0,0.804053)
 [0,0.804306)
 [0,0.804692)
 [0,0.805368)
 [0,0.806407)
 [0,0.806689)
 [0,0.806697)
 [0,0.806781)
 [0,0.80714)
 [0,0.807221)
 [0,0.807253)
 [0,0.807485)
 [0,0.80751)
 [0,0.809074)
 [0,0.809279)
 [0,0.810091)
 [0,0.810822)
 [0,0.811459)
 [0,0.811719)
 [0,0.812494)
 [0,0.812977)
 [0,0.813348)
 [0,0.815755)
 [0,0.816202)
 [0,0.816561)
 [0,0.81663)
 [0,0.817087)
 [0,0.817201)
 [0,0.817457)
 [0,0.817767)
 [0,0.818069)
 [0,0.819334)
 [0,0.819532)
 [0,0.820752)
 [0,0.821215)
 [0,0.821362)
 [0,0.821369)
 [0,0.821554)
 [0,0.821662)
 [0,0.821855)
 [0,0.821899)
 [0,0.822268)
 [0,0.822896)
 [0,0.823338)
 [0,0.823366)
 [0,0.823419)
 [0,0.825646)
 [0,0.82677)
 [0,0.827142)
 [0,0.827287)
 [0,0.827743)
 [0,0.827912)
 [0,0.828513)
 [0,0.829427)
 [0,0.831137)
 [0,0.831227)
 [0,0.831455)
 [0,0.831531)
 [0,0.832235)
 [0,0.832656)
 [0,0.832797)
 [0,0.832807)
 [0,0.83285)
 [0,0.833193)
 [0,0.83329)
 [0,0.833935)
 [0,0.834913)
 [0,0.840634)
 [0,0.841738)
 [0,0.841901)
 [0,0.841917)
 [0,0.841985)
 [0,0.843606)
 [0,0.843812)
 [0,0.843915)
 [0,0.844406)
 [0,0.844844)
 [0,0.847157)
 [0,0.849795)
 [0,0.85025)
 [0,0.852948)
 [0,0.856301)
 [0,0.858454)
 [0,0.858579)
 [0,0.85865)
 [0,0.859102)
 [0,0.859579)
 [0,0.859595)
 [0,0.860276)
 [0,0.862257)
 [0,0.86249)
 [0,0.8635)
 [0,0.863791)
 [0,0.864417)
 [0,0.864753)
 [0,0.868595)
 [0,0.871127)
 [0,0.871321)
 [0,0.871449)
 [0,0.872026)
 [0,0.872095)
 [0,0.872267)
 [0,0.872462)
 [0,0.873208)
 [0,0.87387)
 [0,0.874286)
 [0,0.877779)
 [0,0.879804)
 [0,0.88119)
 [0,0.883344)
 [0,0.88365)
 [0,0.884207)
 [0,0.88732)
 [0,0.888359)
 [0,0.889009)
 [0,0.892232)
 [0,0.892551)
 [0,0.893857)
 [0,0.899156)
 [0,0.899574)
 [0,0.900371)
 [0,0.901406)
 [0,0.904661)
 [0,0.904911)
 [0,0.906123)
 [0,0.907075)
 [0,0.907743)
 [0,0.921786)
 [0,0.928658)
 [0,0.931059)
 [0,0.934494)
 [0,0.93534)
 [0,0.937481)
 [0,0.940393)
 [0,0.941145)
 [0,0.942686)
 [0,0.945892)
 [0,0.951676)
 [0,0.954142)
 [0,0.9571)
 [0,0.968488)
 [0,0.972839)
 [0,0.978469)
 [0,0.982248)
 [0,0.982257)
 [0,0.992132)
 [0,1.01746)
 [0,1.01753)
 [0,1.06148)
 [0,1.0627)
 [0,1.06799)
 [0,1.0781)
 [0,1.08627)
 [0,1.09169)
 [0,1.10003)
 [0,1.10498)
 [0,1.11259)
 [0,1.12759)
 [0,1.12954)
 [0,1.13758)
 [0,1.1572)
 [0,1.19729)
 [0,1.24114)
 [0,1.24967)
 [0,1.28383)
 [0,1.29711)
 [0,1.34878)
 [0,1.40348)
 [0,1.4802)
 [0,1.48455)
 [0,1.72266)
 [0,2.40106)
 [0, )
