point cloud with 2947 points in dimension 2
value range: [0,0.848323]
distance matrix with 2947 points, using threshold at enclosing radius 0.426509
persistence intervals in dim 0:
 [0,8.9407e-07)
 [0,8.9407e-07)
 [0,8.9407e-07)
 [0,1.72853e-06)
 [0,1.78814e-06)
 [0,2.5034e-06)
 [0,2.5034e-06)
 [0,2.5034e-06)
 [0,2.6226e-06)
 [0,2.80142e-06)
 [0,2.86102e-06)
 [0,3.06964e-06)
 [0,3.33786e-06)
 [0,3.33786e-06)
 [0,3.33786e-06)
 [0,3.33786e-06)
 [0,3.39746e-06)
 [0,3.39746e-06)
 [0,3.51667e-06)
 [0,3.57628e-06)
 [0,3.57628e-06)
 [0,3.57628e-06)
 [0,4.05312e-06)
 [0,4.17232e-06)
 [0,4.35114e-06)
 [0,4.41074e-06)
 [0,4.47035e-06)
 [0,4.52995e-06)
 [0,4.52995e-06)
 [0,4.58956e-06)
 [0,4.76837e-06)
 [0,5.00679e-06)
 [0,5.06639e-06)
 [0,5.54323e-06)
 [0,5.54323e-06)
 [0,5.78165e-06)
 [0,6.02007e-06)
 [0,6.02007e-06)
 [0,6.13928e-06)
 [0,6.13928e-06)
 [0,6.4373e-06)
 [0,6.67572e-06)
 [0,6.73532e-06)
 [0,6.73532e-06)
 [0,6.79493e-06)
 [0,6.91414e-06)
 [0,6.91414e-06)
 [0,6.91414e-06)
 [0,6.97374e-06)
 [0,7.03335e-06)
 [0,7.33137e-06)
 [0,7.45058e-06)
 [0,7.62939e-06)
 [0,7.7486e-06)
 [0,7.80821e-06)
 [0,8.16584e-06)
 [0,8.28505e-06)
 [0,8.82149e-06)
 [0,9.41753e-06)
 [0,9.59635e-06)
 [0,1.00136e-05)
 [0,1.01328e-05)
 [0,1.01924e-05)
 [0,1.03712e-05)
 [0,1.04308e-05)
 [0,1.06096e-05)
 [0,1.06692e-05)
 [0,1.07288e-05)
 [0,1.10269e-05)
 [0,1.12057e-05)
 [0,1.15037e-05)
 [0,1.23382e-05)
 [0,1.2815e-05)
 [0,1.28746e-05)
 [0,1.29938e-05)
 [0,1.29938e-05)
 [0,1.29938e-05)
 [0,1.3411e-05)
 [0,1.34706e-05)
 [0,1.38283e-05)
 [0,1.39475e-05)
 [0,1.40071e-05)
 [0,1.40667e-05)
 [0,1.40667e-05)
 [0,1.40667e-05)
 [0,1.41859e-05)
 [0,1.41859e-05)
 [0,1.43051e-05)
 [0,1.43647e-05)
 [0,1.43647e-05)
 [0,1.44243e-05)
 [0,1.44839e-05)
 [0,1.44839e-05)
 [0,1.48416e-05)
 [0,1.48416e-05)
 [0,1.49012e-05)
 [0,1.50204e-05)
 [0,1.508e-05)
 [0,1.53184e-05)
 [0,1.54376e-05)
 [0,1.56164e-05)
 [0,1.57952e-05)
 [0,1.59144e-05)
 [0,1.59144e-05)
 [0,1.5974e-05)
 [0,1.62125e-05)
 [0,1.62125e-05)
 [0,1.64509e-05)
 [0,1.68085e-05)
 [0,1.68681e-05)
 [0,1.70469e-05)
 [0,1.71661e-05)
 [0,1.71661e-05)
 [0,1.74046e-05)
 [0,1.78218e-05)
 [0,1.80006e-05)
 [0,1.80006e-05)
 [0,1.81794e-05)
 [0,1.83582e-05)
 [0,1.84178e-05)
 [0,1.85966e-05)
 [0,1.89543e-05)
 [0,1.94311e-05)
 [0,1.95503e-05)
 [0,1.96695e-05)
 [0,1.97291e-05)
 [0,2.00272e-05)
 [0,2.00868e-05)
 [0,2.0206e-05)
 [0,2.02656e-05)
 [0,2.03252e-05)
 [0,2.04444e-05)
 [0,2.04444e-05)
 [0,2.0504e-05)
 [0,2.05636e-05)
 [0,2.09212e-05)
 [0,2.11596e-05)
 [0,2.12193e-05)
 [0,2.12789e-05)
 [0,2.13385e-05)
 [0,2.18153e-05)
 [0,2.19941e-05)
 [0,2.19941e-05)
 [0,2.21729e-05)
 [0,2.25306e-05)
 [0,2.25306e-05)
 [0,2.25604e-05)
 [0,2.25902e-05)
 [0,2.27094e-05)
 [0,2.28286e-05)
 [0,2.3365e-05)
 [0,2.3365e-05)
 [0,2.34842e-05)
 [0,2.40207e-05)
 [0,2.43187e-05)
 [0,2.43783e-05)
 [0,2.44975e-05)
 [0,2.46763e-05)
 [0,2.48551e-05)
 [0,2.48551e-05)
 [0,2.48551e-05)
 [0,2.48551e-05)
 [0,2.49147e-05)
 [0,2.54214e-05)
 [0,2.55704e-05)
 [0,2.55704e-05)
 [0,2.56896e-05)
 [0,2.58684e-05)
 [0,2.58684e-05)
 [0,2.61664e-05)
 [0,2.61664e-05)
 [0,2.65837e-05)
 [0,2.65837e-05)
 [0,2.71201e-05)
 [0,2.72989e-05)
 [0,2.73585e-05)
 [0,2.77162e-05)
 [0,2.78354e-05)
 [0,2.83122e-05)
 [0,2.83718e-05)
 [0,2.84314e-05)
 [0,2.86102e-05)
 [0,2.86698e-05)
 [0,2.8789e-05)
 [0,2.8789e-05)
 [0,2.88486e-05)
 [0,2.88486e-05)
 [0,2.89083e-05)
 [0,2.93255e-05)
 [0,2.93255e-05)
 [0,2.96235e-05)
 [0,2.99215e-05)
 [0,2.99215e-05)
 [0,3.01003e-05)
 [0,3.01003e-05)
 [0,3.01003e-05)
 [0,3.016e-05)
 [0,3.02792e-05)
 [0,3.05772e-05)
 [0,3.06964e-05)
 [0,3.09348e-05)
 [0,3.09348e-05)
 [0,3.1054e-05)
 [0,3.11732e-05)
 [0,3.12328e-05)
 [0,3.1352e-05)
 [0,3.14116e-05)
 [0,3.14116e-05)
 [0,3.15905e-05)
 [0,3.16501e-05)
 [0,3.17693e-05)
 [0,3.17693e-05)
 [0,3.18885e-05)
 [0,3.20077e-05)
 [0,3.20077e-05)
 [0,3.24845e-05)
 [0,3.25441e-05)
 [0,3.26633e-05)
 [0,3.27229e-05)
 [0,3.3021e-05)
 [0,3.3021e-05)
 [0,3.32594e-05)
 [0,3.34978e-05)
 [0,3.34978e-05)
 [0,3.40939e-05)
 [0,3.40939e-05)
 [0,3.42727e-05)
 [0,3.42727e-05)
 [0,3.45707e-05)
 [0,3.45707e-05)
 [0,3.46303e-05)
 [0,3.46899e-05)
 [0,3.46899e-05)
 [0,3.51667e-05)
 [0,3.54648e-05)
 [0,3.57628e-05)
 [0,3.5882e-05)
 [0,3.63588e-05)
 [0,3.66569e-05)
 [0,3.66569e-05)
 [0,3.68357e-05)
 [0,3.70741e-05)
 [0,3.72529e-05)
 [0,3.74317e-05)
 [0,3.75509e-05)
 [0,3.77297e-05)
 [0,3.77595e-05)
 [0,3.78489e-05)
 [0,3.80278e-05)
 [0,3.80278e-05)
 [0,3.82662e-05)
 [0,3.84748e-05)
 [0,3.86238e-05)
 [0,3.8743e-05)
 [0,3.88026e-05)
 [0,3.88026e-05)
 [0,3.91006e-05)
 [0,3.93987e-05)
 [0,3.99947e-05)
 [0,4.01735e-05)
 [0,4.03523e-05)
 [0,4.04119e-05)
 [0,4.071e-05)
 [0,4.09484e-05)
 [0,4.09484e-05)
 [0,4.11868e-05)
 [0,4.11868e-05)
 [0,4.11868e-05)
 [0,4.12464e-05)
 [0,4.13656e-05)
 [0,4.14252e-05)
 [0,4.14252e-05)
 [0,4.20213e-05)
 [0,4.20809e-05)
 [0,4.22001e-05)
 [0,4.22001e-05)
 [0,4.26769e-05)
 [0,4.29749e-05)
 [0,4.29749e-05)
 [0,4.30346e-05)
 [0,4.31538e-05)
 [0,4.32134e-05)
 [0,4.3273e-05)
 [0,4.3422e-05)
 [0,4.37498e-05)
 [0,4.37498e-05)
 [0,4.3869e-05)
 [0,4.49419e-05)
 [0,4.50015e-05)
 [0,4.51803e-05)
 [0,4.53591e-05)
 [0,4.56572e-05)
 [0,4.57168e-05)
 [0,4.57764e-05)
 [0,4.5836e-05)
 [0,4.61936e-05)
 [0,4.63724e-05)
 [0,4.6432e-05)
 [0,4.68493e-05)
 [0,4.72665e-05)
 [0,4.73261e-05)
 [0,4.73261e-05)
 [0,4.73261e-05)
 [0,4.75049e-05)
 [0,4.75645e-05)
 [0,4.78029e-05)
 [0,4.78625e-05)
 [0,4.81606e-05)
 [0,4.94123e-05)
 [0,4.95315e-05)
 [0,4.98295e-05)
 [0,5.01871e-05)
 [0,5.01871e-05)
 [0,5.01871e-05)
 [0,5.03063e-05)
 [0,5.04255e-05)
 [0,5.06639e-05)
 [0,5.06639e-05)
 [0,5.08428e-05)
 [0,5.14984e-05)
 [0,5.14984e-05)
 [0,5.16176e-05)
 [0,5.19752e-05)
 [0,5.23627e-05)
 [0,5.23925e-05)
 [0,5.23925e-05)
 [0,5.26309e-05)
 [0,5.3525e-05)
 [0,5.3525e-05)
 [0,5.36442e-05)
 [0,5.42402e-05)
 [0,5.45382e-05)
 [0,5.50151e-05)
 [0,5.57899e-05)
 [0,5.62072e-05)
 [0,5.65946e-05)
 [0,5.67436e-05)
 [0,5.68628e-05)
 [0,5.71012e-05)
 [0,5.72205e-05)
 [0,5.76377e-05)
 [0,5.79357e-05)
 [0,5.79357e-05)
 [0,5.80549e-05)
 [0,5.84722e-05)
 [0,5.85318e-05)
 [0,5.85914e-05)
 [0,5.88298e-05)
 [0,5.88298e-05)
 [0,5.9247e-05)
 [0,5.9247e-05)
 [0,5.97835e-05)
 [0,5.98431e-05)
 [0,5.99027e-05)
 [0,5.99623e-05)
 [0,5.99623e-05)
 [0,5.99623e-05)
 [0,6.00219e-05)
 [0,6.03795e-05)
 [0,6.07967e-05)
 [0,6.08563e-05)
 [0,6.09756e-05)
 [0,6.10352e-05)
 [0,6.16312e-05)
 [0,6.16908e-05)
 [0,6.22869e-05)
 [0,6.27041e-05)
 [0,6.31213e-05)
 [0,6.31809e-05)
 [0,6.32405e-05)
 [0,6.32703e-05)
 [0,6.35982e-05)
 [0,6.35982e-05)
 [0,6.36578e-05)
 [0,6.37174e-05)
 [0,6.38366e-05)
 [0,6.39558e-05)
 [0,6.39558e-05)
 [0,6.40154e-05)
 [0,6.44922e-05)
 [0,6.44922e-05)
 [0,6.45518e-05)
 [0,6.46114e-05)
 [0,6.52671e-05)
 [0,6.52671e-05)
 [0,6.53267e-05)
 [0,6.55651e-05)
 [0,6.56247e-05)
 [0,6.59227e-05)
 [0,6.59227e-05)
 [0,6.59823e-05)
 [0,6.63996e-05)
 [0,6.64592e-05)
 [0,6.70552e-05)
 [0,6.71744e-05)
 [0,6.76513e-05)
 [0,6.77705e-05)
 [0,6.81877e-05)
 [0,6.83665e-05)
 [0,6.87838e-05)
 [0,6.89626e-05)
 [0,6.96182e-05)
 [0,6.99758e-05)
 [0,7.02739e-05)
 [0,7.03931e-05)
 [0,7.06315e-05)
 [0,7.07507e-05)
 [0,7.08103e-05)
 [0,7.09891e-05)
 [0,7.09891e-05)
 [0,7.10487e-05)
 [0,7.13468e-05)
 [0,7.1466e-05)
 [0,7.1466e-05)
 [0,7.20024e-05)
 [0,7.21812e-05)
 [0,7.21812e-05)
 [0,7.236e-05)
 [0,7.25389e-05)
 [0,7.28965e-05)
 [0,7.30753e-05)
 [0,7.30753e-05)
 [0,7.31945e-05)
 [0,7.32839e-05)
 [0,7.35521e-05)
 [0,7.36117e-05)
 [0,7.38204e-05)
 [0,7.41482e-05)
 [0,7.42674e-05)
 [0,7.4327e-05)
 [0,7.45654e-05)
 [0,7.4923e-05)
 [0,7.55787e-05)
 [0,7.56979e-05)
 [0,7.58767e-05)
 [0,7.61151e-05)
 [0,7.64728e-05)
 [0,7.65324e-05)
 [0,7.6592e-05)
 [0,7.689e-05)
 [0,7.71284e-05)
 [0,7.76649e-05)
 [0,7.79331e-05)
 [0,7.83801e-05)
 [0,7.9453e-05)
 [0,7.99894e-05)
 [0,8.0049e-05)
 [0,8.04067e-05)
 [0,8.07047e-05)
 [0,8.10027e-05)
 [0,8.18968e-05)
 [0,8.23736e-05)
 [0,8.27312e-05)
 [0,8.30889e-05)
 [0,8.30889e-05)
 [0,8.30889e-05)
 [0,8.32081e-05)
 [0,8.33869e-05)
 [0,8.35061e-05)
 [0,8.36253e-05)
 [0,8.38041e-05)
 [0,8.38637e-05)
 [0,8.39829e-05)
 [0,8.41618e-05)
 [0,8.42214e-05)
 [0,8.48174e-05)
 [0,8.5175e-05)
 [0,8.53836e-05)
 [0,8.55923e-05)
 [0,8.59499e-05)
 [0,8.64267e-05)
 [0,8.66055e-05)
 [0,8.66652e-05)
 [0,8.66652e-05)
 [0,8.67248e-05)
 [0,8.70228e-05)
 [0,8.70824e-05)
 [0,8.73804e-05)
 [0,8.77976e-05)
 [0,8.81553e-05)
 [0,8.82149e-05)
 [0,8.83937e-05)
 [0,8.87513e-05)
 [0,8.89301e-05)
 [0,8.89301e-05)
 [0,8.90493e-05)
 [0,8.93474e-05)
 [0,8.9407e-05)
 [0,8.9556e-05)
 [0,8.9705e-05)
 [0,8.99434e-05)
 [0,9.0003e-05)
 [0,9.0003e-05)
 [0,9.01818e-05)
 [0,9.03606e-05)
 [0,9.09567e-05)
 [0,9.13739e-05)
 [0,9.13739e-05)
 [0,9.20892e-05)
 [0,9.21786e-05)
 [0,9.23276e-05)
 [0,9.23872e-05)
 [0,9.31621e-05)
 [0,9.32813e-05)
 [0,9.35197e-05)
 [0,9.35793e-05)
 [0,9.35793e-05)
 [0,9.42349e-05)
 [0,9.47714e-05)
 [0,9.49502e-05)
 [0,9.50694e-05)
 [0,9.5129e-05)
 [0,9.51886e-05)
 [0,9.52482e-05)
 [0,9.52482e-05)
 [0,9.53078e-05)
 [0,9.53078e-05)
 [0,9.55462e-05)
 [0,9.57847e-05)
 [0,9.59635e-05)
 [0,9.65595e-05)
 [0,9.70364e-05)
 [0,9.74536e-05)
 [0,9.76324e-05)
 [0,9.7692e-05)
 [0,9.77516e-05)
 [0,9.78708e-05)
 [0,9.799e-05)
 [0,9.88841e-05)
 [0,9.94205e-05)
 [0,9.94801e-05)
 [0,9.9659e-05)
 [0,0.000100076)
 [0,0.000100315)
 [0,0.000100374)
 [0,0.000100493)
 [0,0.000100791)
 [0,0.000101089)
 [0,0.000101507)
 [0,0.000102103)
 [0,0.000102639)
 [0,0.000103325)
 [0,0.000103354)
 [0,0.000103652)
 [0,0.00010395)
 [0,0.00010407)
 [0,0.000104547)
 [0,0.000104845)
 [0,0.000104904)
 [0,0.000105083)
 [0,0.000105381)
 [0,0.0001055)
 [0,0.000106156)
 [0,0.000106633)
 [0,0.000106692)
 [0,0.000106752)
 [0,0.000106752)
 [0,0.000106871)
 [0,0.00010699)
 [0,0.00010711)
 [0,0.000107586)
 [0,0.000108063)
 [0,0.000108242)
 [0,0.000108242)
 [0,0.000108838)
 [0,0.000108957)
 [0,0.000109315)
 [0,0.000109732)
 [0,0.000109732)
 [0,0.00011009)
 [0,0.000110149)
 [0,0.000110149)
 [0,0.000110865)
 [0,0.000110865)
 [0,0.000110984)
 [0,0.000111103)
 [0,0.000111103)
 [0,0.000111103)
 [0,0.000111222)
 [0,0.00011152)
 [0,0.000112057)
 [0,0.000112176)
 [0,0.000112295)
 [0,0.000112832)
 [0,0.000112891)
 [0,0.000113189)
 [0,0.000113547)
 [0,0.000113666)
 [0,0.000113904)
 [0,0.000114113)
 [0,0.000114858)
 [0,0.000115156)
 [0,0.000115275)
 [0,0.000115633)
 [0,0.000115752)
 [0,0.000115991)
 [0,0.000116765)
 [0,0.000116885)
 [0,0.000116944)
 [0,0.000117421)
 [0,0.0001176)
 [0,0.000117838)
 [0,0.000118375)
 [0,0.000118911)
 [0,0.00011915)
 [0,0.000119567)
 [0,0.000120163)
 [0,0.00012058)
 [0,0.000120819)
 [0,0.000120878)
 [0,0.000120938)
 [0,0.000121474)
 [0,0.000121474)
 [0,0.000121713)
 [0,0.00012213)
 [0,0.000122249)
 [0,0.000122249)
 [0,0.000122368)
 [0,0.000122607)
 [0,0.000123024)
 [0,0.000123084)
 [0,0.000123382)
 [0,0.00012362)
 [0,0.00012362)
 [0,0.000123858)
 [0,0.000123948)
 [0,0.000124276)
 [0,0.000125051)
 [0,0.000125647)
 [0,0.000125647)
 [0,0.000126243)
 [0,0.000127137)
 [0,0.000127137)
 [0,0.000127256)
 [0,0.000127852)
 [0,0.00012815)
 [0,0.00012815)
 [0,0.000128895)
 [0,0.000129521)
 [0,0.00012964)
 [0,0.00012964)
 [0,0.00012964)
 [0,0.000129819)
 [0,0.000130236)
 [0,0.000130296)
 [0,0.000130296)
 [0,0.000130415)
 [0,0.000130594)
 [0,0.00013113)
 [0,0.000131547)
 [0,0.000131607)
 [0,0.000131667)
 [0,0.000131816)
 [0,0.000131845)
 [0,0.000132501)
 [0,0.00013262)
 [0,0.000132799)
 [0,0.000132829)
 [0,0.000132918)
 [0,0.000133336)
 [0,0.000133395)
 [0,0.000133455)
 [0,0.000133753)
 [0,0.000133753)
 [0,0.000133812)
 [0,0.000133932)
 [0,0.000133991)
 [0,0.00013423)
 [0,0.000134289)
 [0,0.000134468)
 [0,0.000135064)
 [0,0.000135481)
 [0,0.000135958)
 [0,0.000136614)
 [0,0.000136733)
 [0,0.000137627)
 [0,0.000137627)
 [0,0.000137687)
 [0,0.000137746)
 [0,0.000139534)
 [0,0.000139534)
 [0,0.000139832)
 [0,0.000140667)
 [0,0.000140965)
 [0,0.000141025)
 [0,0.000141323)
 [0,0.000141501)
 [0,0.000141561)
 [0,0.000141561)
 [0,0.000142515)
 [0,0.000143111)
 [0,0.000143111)
 [0,0.00014329)
 [0,0.000143409)
 [0,0.000144958)
 [0,0.000144958)
 [0,0.000145257)
 [0,0.000145435)
 [0,0.000146508)
 [0,0.000146806)
 [0,0.000147164)
 [0,0.000147641)
 [0,0.000148177)
 [0,0.000148296)
 [0,0.000148714)
 [0,0.000148833)
 [0,0.000148892)
 [0,0.000149071)
 [0,0.000149161)
 [0,0.000149488)
 [0,0.000149846)
 [0,0.000150204)
 [0,0.000150561)
 [0,0.000151038)
 [0,0.000151306)
 [0,0.000152111)
 [0,0.000152409)
 [0,0.000152647)
 [0,0.000153124)
 [0,0.00015378)
 [0,0.000153899)
 [0,0.000154078)
 [0,0.000154138)
 [0,0.000154972)
 [0,0.000156999)
 [0,0.000157237)
 [0,0.000157654)
 [0,0.000158429)
 [0,0.000158906)
 [0,0.000159204)
 [0,0.000159502)
 [0,0.000159621)
 [0,0.000160396)
 [0,0.000160992)
 [0,0.00016132)
 [0,0.00016135)
 [0,0.000161409)
 [0,0.000161558)
 [0,0.000161648)
 [0,0.000161886)
 [0,0.000162363)
 [0,0.000162363)
 [0,0.000162601)
 [0,0.00016284)
 [0,0.000163138)
 [0,0.000163972)
 [0,0.00016427)
 [0,0.000164509)
 [0,0.000164926)
 [0,0.000165343)
 [0,0.000165761)
 [0,0.000165999)
 [0,0.000167131)
 [0,0.00016731)
 [0,0.000167429)
 [0,0.000167608)
 [0,0.00016892)
 [0,0.000169694)
 [0,0.000169814)
 [0,0.00017029)
 [0,0.00017035)
 [0,0.000171125)
 [0,0.000171423)
 [0,0.000172555)
 [0,0.000172973)
 [0,0.00017339)
 [0,0.00017345)
 [0,0.000173628)
 [0,0.000173986)
 [0,0.000174046)
 [0,0.000174522)
 [0,0.000174642)
 [0,0.00017786)
 [0,0.000178277)
 [0,0.000178456)
 [0,0.000178814)
 [0,0.00017941)
 [0,0.000179648)
 [0,0.000179738)
 [0,0.000180483)
 [0,0.000180542)
 [0,0.000180602)
 [0,0.000180781)
 [0,0.000181675)
 [0,0.000181794)
 [0,0.000182331)
 [0,0.000182688)
 [0,0.000182927)
 [0,0.000182986)
 [0,0.000183046)
 [0,0.000183165)
 [0,0.000183642)
 [0,0.000184)
 [0,0.000184596)
 [0,0.000184953)
 [0,0.000185132)
 [0,0.000185609)
 [0,0.000185668)
 [0,0.000186443)
 [0,0.00018692)
 [0,0.000188172)
 [0,0.000188828)
 [0,0.00019002)
 [0,0.00019002)
 [0,0.000190079)
 [0,0.000190079)
 [0,0.000190377)
 [0,0.000191331)
 [0,0.000193417)
 [0,0.000193655)
 [0,0.000193715)
 [0,0.000194013)
 [0,0.000194788)
 [0,0.000195086)
 [0,0.000196755)
 [0,0.000197053)
 [0,0.000197113)
 [0,0.000197113)
 [0,0.000198245)
 [0,0.000199378)
 [0,0.000200093)
 [0,0.000200152)
 [0,0.000200212)
 [0,0.000200272)
 [0,0.000200331)
 [0,0.000200331)
 [0,0.000201136)
 [0,0.000201404)
 [0,0.000202715)
 [0,0.000203162)
 [0,0.000203371)
 [0,0.000203609)
 [0,0.000204265)
 [0,0.000205398)
 [0,0.000205457)
 [0,0.00020647)
 [0,0.000206888)
 [0,0.000207126)
 [0,0.000208557)
 [0,0.000209272)
 [0,0.000210285)
 [0,0.000210792)
 [0,0.000210822)
 [0,0.000210941)
 [0,0.000212014)
 [0,0.000212073)
 [0,0.000212312)
 [0,0.00021255)
 [0,0.000215471)
 [0,0.000215828)
 [0,0.000215948)
 [0,0.000216156)
 [0,0.000216722)
 [0,0.000217408)
 [0,0.000217676)
 [0,0.000217974)
 [0,0.000219047)
 [0,0.000219584)
 [0,0.000219882)
 [0,0.00022012)
 [0,0.000221133)
 [0,0.000221759)
 [0,0.000221848)
 [0,0.000222146)
 [0,0.000222206)
 [0,0.000222385)
 [0,0.000222504)
 [0,0.00022316)
 [0,0.000223696)
 [0,0.000224292)
 [0,0.00022459)
 [0,0.000224888)
 [0,0.000224948)
 [0,0.000226438)
 [0,0.000226468)
 [0,0.000226617)
 [0,0.000227213)
 [0,0.000228047)
 [0,0.000228405)
 [0,0.000228524)
 [0,0.000228703)
 [0,0.000228763)
 [0,0.000229001)
 [0,0.00022918)
 [0,0.000229597)
 [0,0.000229776)
 [0,0.000229835)
 [0,0.000230253)
 [0,0.000230432)
 [0,0.000230432)
 [0,0.000231385)
 [0,0.000233173)
 [0,0.000234306)
 [0,0.000234663)
 [0,0.000234663)
 [0,0.000235379)
 [0,0.000237048)
 [0,0.000237567)
 [0,0.000237942)
 [0,0.000237942)
 [0,0.000238359)
 [0,0.000238717)
 [0,0.000238836)
 [0,0.000239879)
 [0,0.000240445)
 [0,0.000240624)
 [0,0.000240982)
 [0,0.000241518)
 [0,0.000243008)
 [0,0.000243068)
 [0,0.000246048)
 [0,0.000246763)
 [0,0.000247002)
 [0,0.000247359)
 [0,0.000247478)
 [0,0.000247657)
 [0,0.000247776)
 [0,0.000248075)
 [0,0.000248253)
 [0,0.00024873)
 [0,0.00024879)
 [0,0.00024879)
 [0,0.000249863)
 [0,0.00025028)
 [0,0.000250518)
 [0,0.000250578)
 [0,0.000251114)
 [0,0.000251502)
 [0,0.00025171)
 [0,0.000252545)
 [0,0.000253797)
 [0,0.000253797)
 [0,0.000254333)
 [0,0.000254393)
 [0,0.00025475)
 [0,0.000255018)
 [0,0.000255346)
 [0,0.000255644)
 [0,0.000255883)
 [0,0.000256598)
 [0,0.000256956)
 [0,0.000257045)
 [0,0.000257313)
 [0,0.00025779)
 [0,0.000258028)
 [0,0.000258327)
 [0,0.000258446)
 [0,0.000258923)
 [0,0.000258923)
 [0,0.000259459)
 [0,0.000260234)
 [0,0.000260413)
 [0,0.000261426)
 [0,0.000261664)
 [0,0.000262827)
 [0,0.000263214)
 [0,0.000264466)
 [0,0.000265241)
 [0,0.000266075)
 [0,0.000266761)
 [0,0.000267327)
 [0,0.000267684)
 [0,0.000268042)
 [0,0.000268638)
 [0,0.000268668)
 [0,0.000268817)
 [0,0.000269413)
 [0,0.000269592)
 [0,0.000270009)
 [0,0.000270724)
 [0,0.000270784)
 [0,0.000270903)
 [0,0.000272214)
 [0,0.000273228)
 [0,0.000273406)
 [0,0.000274181)
 [0,0.000274181)
 [0,0.000274628)
 [0,0.000274658)
 [0,0.000274837)
 [0,0.000274956)
 [0,0.000275612)
 [0,0.000277936)
 [0,0.000278473)
 [0,0.00027889)
 [0,0.000280082)
 [0,0.000280261)
 [0,0.000280619)
 [0,0.000281215)
 [0,0.000282347)
 [0,0.000283062)
 [0,0.00028342)
 [0,0.000284076)
 [0,0.000284374)
 [0,0.000285363)
 [0,0.000285447)
 [0,0.000287265)
 [0,0.000289857)
 [0,0.000289857)
 [0,0.000289887)
 [0,0.000289977)
 [0,0.000290155)
 [0,0.000290215)
 [0,0.000290632)
 [0,0.000293434)
 [0,0.000294983)
 [0,0.000296056)
 [0,0.000296712)
 [0,0.000296712)
 [0,0.000297546)
 [0,0.000297666)
 [0,0.000298624)
 [0,0.000298738)
 [0,0.000298738)
 [0,0.000299752)
 [0,0.000299871)
 [0,0.000299931)
 [0,0.000301421)
 [0,0.000301421)
 [0,0.000305533)
 [0,0.000305563)
 [0,0.000305831)
 [0,0.000306606)
 [0,0.000306726)
 [0,0.000306785)
 [0,0.000307441)
 [0,0.000308394)
 [0,0.000309408)
 [0,0.000312448)
 [0,0.00031352)
 [0,0.00031364)
 [0,0.000315338)
 [0,0.00031603)
 [0,0.000316203)
 [0,0.000317812)
 [0,0.000318497)
 [0,0.000318885)
 [0,0.000319719)
 [0,0.000320911)
 [0,0.000322521)
 [0,0.000322521)
 [0,0.000323832)
 [0,0.000327349)
 [0,0.000329554)
 [0,0.000331223)
 [0,0.000333726)
 [0,0.000333726)
 [0,0.000333756)
 [0,0.000333786)
 [0,0.000336826)
 [0,0.000336945)
 [0,0.000338674)
 [0,0.000338733)
 [0,0.000340283)
 [0,0.000341535)
 [0,0.000345051)
 [0,0.00034523)
 [0,0.000345945)
 [0,0.000346959)
 [0,0.000347376)
 [0,0.000348151)
 [0,0.000350237)
 [0,0.000351131)
 [0,0.000352681)
 [0,0.000352979)
 [0,0.000353158)
 [0,0.000353456)
 [0,0.000353754)
 [0,0.000354648)
 [0,0.000355127)
 [0,0.00035572)
 [0,0.000356138)
 [0,0.000356466)
 [0,0.000357091)
 [0,0.000357151)
 [0,0.000357985)
 [0,0.000359535)
 [0,0.000361443)
 [0,0.0003618)
 [0,0.000362039)
 [0,0.000364602)
 [0,0.00036484)
 [0,0.000365198)
 [0,0.000365317)
 [0,0.000365496)
 [0,0.00036639)
 [0,0.000366449)
 [0,0.000368416)
 [0,0.000368595)
 [0,0.000370055)
 [0,0.000371145)
 [0,0.00037238)
 [0,0.000373214)
 [0,0.000373483)
 [0,0.000375092)
 [0,0.000375092)
 [0,0.000375092)
 [0,0.00037533)
 [0,0.000375718)
 [0,0.000376999)
 [0,0.000377476)
 [0,0.000378162)
 [0,0.000378549)
 [0,0.000379145)
 [0,0.000380784)
 [0,0.000381649)
 [0,0.000382364)
 [0,0.000382602)
 [0,0.000383675)
 [0,0.000386208)
 [0,0.000387907)
 [0,0.000389367)
 [0,0.000392199)
 [0,0.000394464)
 [0,0.000395119)
 [0,0.000397205)
 [0,0.000397265)
 [0,0.000397921)
 [0,0.000398576)
 [0,0.000401318)
 [0,0.000402689)
 [0,0.000403047)
 [0,0.000404596)
 [0,0.000407457)
 [0,0.000408471)
 [0,0.000409305)
 [0,0.000410855)
 [0,0.000421226)
 [0,0.000421654)
 [0,0.000422776)
 [0,0.000424945)
 [0,0.000425637)
 [0,0.000426203)
 [0,0.000426466)
 [0,0.000429273)
 [0,0.000429605)
 [0,0.00042969)
 [0,0.000430167)
 [0,0.000431657)
 [0,0.000432193)
 [0,0.000434995)
 [0,0.000435184)
 [0,0.000436246)
 [0,0.000436604)
 [0,0.000436962)
 [0,0.000438035)
 [0,0.000440687)
 [0,0.000441134)
 [0,0.000441243)
 [0,0.000446677)
 [0,0.000449836)
 [0,0.000449866)
 [0,0.000451028)
 [0,0.000451863)
 [0,0.000452161)
 [0,0.000455081)
 [0,0.000457168)
 [0,0.000458479)
 [0,0.000459671)
 [0,0.000460207)
 [0,0.00046131)
 [0,0.000462468)
 [0,0.000463903)
 [0,0.000464518)
 [0,0.000466168)
 [0,0.000466704)
 [0,0.000468016)
 [0,0.000471158)
 [0,0.000471711)
 [0,0.000472605)
 [0,0.000473499)
 [0,0.000477552)
 [0,0.000477731)
 [0,0.000478083)
 [0,0.000478566)
 [0,0.000479698)
 [0,0.000482336)
 [0,0.000483692)
 [0,0.000483815)
 [0,0.000485301)
 [0,0.000485837)
 [0,0.000486195)
 [0,0.000488545)
 [0,0.000488639)
 [0,0.000491023)
 [0,0.000491798)
 [0,0.000496983)
 [0,0.000498772)
 [0,0.00049907)
 [0,0.000499427)
 [0,0.000499547)
 [0,0.000500078)
 [0,0.000500619)
 [0,0.000500917)
 [0,0.000501096)
 [0,0.000501364)
 [0,0.000502944)
 [0,0.000503421)
 [0,0.000507295)
 [0,0.000507832)
 [0,0.000508308)
 [0,0.000513971)
 [0,0.000514388)
 [0,0.000514507)
 [0,0.000515044)
 [0,0.000518501)
 [0,0.000523984)
 [0,0.000525177)
 [0,0.000525326)
 [0,0.000527084)
 [0,0.000534117)
 [0,0.000535607)
 [0,0.000541866)
 [0,0.000541866)
 [0,0.000542104)
 [0,0.000542819)
 [0,0.00054446)
 [0,0.0005453)
 [0,0.000545382)
 [0,0.000546038)
 [0,0.000547111)
 [0,0.000547111)
 [0,0.000547945)
 [0,0.000548065)
 [0,0.000549316)
 [0,0.000549555)
 [0,0.00055021)
 [0,0.000550367)
 [0,0.000550687)
 [0,0.000555307)
 [0,0.000556171)
 [0,0.000557005)
 [0,0.000557303)
 [0,0.000558913)
 [0,0.000559032)
 [0,0.000565767)
 [0,0.000566334)
 [0,0.000567079)
 [0,0.000570476)
 [0,0.000570804)
 [0,0.000572383)
 [0,0.000573069)
 [0,0.00057584)
 [0,0.000576556)
 [0,0.000577867)
 [0,0.000578731)
 [0,0.000583231)
 [0,0.000588536)
 [0,0.000588804)
 [0,0.000591934)
 [0,0.000592113)
 [0,0.000593662)
 [0,0.000602901)
 [0,0.000603795)
 [0,0.000606477)
 [0,0.00061053)
 [0,0.000611014)
 [0,0.000613719)
 [0,0.000615299)
 [0,0.000616482)
 [0,0.000618994)
 [0,0.000627667)
 [0,0.000627756)
 [0,0.000628207)
 [0,0.000628261)
 [0,0.000629812)
 [0,0.000631392)
 [0,0.000634372)
 [0,0.000640035)
 [0,0.000643199)
 [0,0.000656307)
 [0,0.000656641)
 [0,0.000661575)
 [0,0.000665843)
 [0,0.000670055)
 [0,0.00067088)
 [0,0.000676036)
 [0,0.000682741)
 [0,0.00068351)
 [0,0.000684806)
 [0,0.000685338)
 [0,0.00068599)
 [0,0.000693023)
 [0,0.000697255)
 [0,0.000707577)
 [0,0.000710249)
 [0,0.000716388)
 [0,0.000716448)
 [0,0.000721441)
 [0,0.000722755)
 [0,0.000728816)
 [0,0.000732779)
 [0,0.000733222)
 [0,0.00073468)
 [0,0.000736028)
 [0,0.000746608)
 [0,0.000751823)
 [0,0.000753432)
 [0,0.000754833)
 [0,0.000754916)
 [0,0.000758707)
 [0,0.000759244)
 [0,0.000762264)
 [0,0.000775129)
 [0,0.000775635)
 [0,0.000777125)
 [0,0.000780016)
 [0,0.000780672)
 [0,0.000782996)
 [0,0.000783086)
 [0,0.000783801)
 [0,0.000791997)
 [0,0.000796139)
 [0,0.000798553)
 [0,0.000798629)
 [0,0.000805086)
 [0,0.000805554)
 [0,0.000805874)
 [0,0.00081116)
 [0,0.000811368)
 [0,0.00081414)
 [0,0.00082165)
 [0,0.000825763)
 [0,0.000837147)
 [0,0.000840843)
 [0,0.000851572)
 [0,0.00085398)
 [0,0.000854864)
 [0,0.000868618)
 [0,0.000870462)
 [0,0.000870924)
 [0,0.000874124)
 [0,0.000886858)
 [0,0.000886977)
 [0,0.000892943)
 [0,0.000896174)
 [0,0.000897383)
 [0,0.000897825)
 [0,0.000900747)
 [0,0.000911802)
 [0,0.000920414)
 [0,0.000920832)
 [0,0.000921875)
 [0,0.000926598)
 [0,0.000928433)
 [0,0.000935584)
 [0,0.000941828)
 [0,0.00094229)
 [0,0.00094527)
 [0,0.00094822)
 [0,0.000948266)
 [0,0.000954747)
 [0,0.000965953)
 [0,0.000966341)
 [0,0.000984698)
 [0,0.000985054)
 [0,0.000992243)
 [0,0.000996768)
 [0,0.0010047)
 [0,0.00101209)
 [0,0.00101433)
 [0,0.0010162)
 [0,0.00102446)
 [0,0.00103279)
 [0,0.00104129)
 [0,0.00105465)
 [0,0.00105646)
 [0,0.00105743)
 [0,0.00106314)
 [0,0.00106318)
 [0,0.00106997)
 [0,0.00107598)
 [0,0.00108199)
 [0,0.00109592)
 [0,0.00110245)
 [0,0.00110428)
 [0,0.001111)
 [0,0.00111515)
 [0,0.00111522)
 [0,0.00111979)
 [0,0.00112106)
 [0,0.00112343)
 [0,0.00113347)
 [0,0.0011401)
 [0,0.00114037)
 [0,0.00114276)
 [0,0.00114471)
 [0,0.00114841)
 [0,0.00114977)
 [0,0.00115304)
 [0,0.0011571)
 [0,0.0011574)
 [0,0.00116803)
 [0,0.00116846)
 [0,0.00116946)
 [0,0.00117586)
 [0,0.00117624)
 [0,0.00117666)
 [0,0.00117877)
 [0,0.00118039)
 [0,0.00118721)
 [0,0.00119245)
 [0,0.00119385)
 [0,0.00119688)
 [0,0.00120113)
 [0,0.00120242)
 [0,0.00120634)
 [0,0.0012134)
 [0,0.00121386)
 [0,0.00121536)
 [0,0.00122097)
 [0,0.00122128)
 [0,0.00122373)
 [0,0.00122458)
 [0,0.00122517)
 [0,0.00122726)
 [0,0.00122869)
 [0,0.00123579)
 [0,0.00123938)
 [0,0.00124352)
 [0,0.0012524)
 [0,0.00125504)
 [0,0.00125966)
 [0,0.00126082)
 [0,0.00126407)
 [0,0.00126535)
 [0,0.0012669)
 [0,0.00126707)
 [0,0.00127754)
 [0,0.00127969)
 [0,0.0012933)
 [0,0.00129635)
 [0,0.00129858)
 [0,0.00130096)
 [0,0.00133124)
 [0,0.0013406)
 [0,0.00134159)
 [0,0.00134618)
 [0,0.00134912)
 [0,0.00134933)
 [0,0.00134972)
 [0,0.00135449)
 [0,0.00135545)
 [0,0.00136248)
 [0,0.00136411)
 [0,0.00136493)
 [0,0.00137121)
 [0,0.00137264)
 [0,0.00137498)
 [0,0.00138387)
 [0,0.00138518)
 [0,0.00139005)
 [0,0.00139043)
 [0,0.00139291)
 [0,0.00140151)
 [0,0.001402)
 [0,0.00140621)
 [0,0.00141041)
 [0,0.0014159)
 [0,0.00141664)
 [0,0.00141991)
 [0,0.00142115)
 [0,0.00142331)
 [0,0.00142631)
 [0,0.00142816)
 [0,0.00143144)
 [0,0.0014352)
 [0,0.00143906)
 [0,0.00144266)
 [0,0.00144681)
 [0,0.00144693)
 [0,0.00145728)
 [0,0.00145835)
 [0,0.0014584)
 [0,0.00146592)
 [0,0.00147123)
 [0,0.00147179)
 [0,0.00147213)
 [0,0.00147636)
 [0,0.00148485)
 [0,0.00148509)
 [0,0.00148556)
 [0,0.00148565)
 [0,0.00148778)
 [0,0.00149262)
 [0,0.00149286)
 [0,0.00149608)
 [0,0.00149639)
 [0,0.00150409)
 [0,0.00150707)
 [0,0.00151067)
 [0,0.00151443)
 [0,0.00151577)
 [0,0.0015181)
 [0,0.00152194)
 [0,0.00153321)
 [0,0.00154261)
 [0,0.00154821)
 [0,0.0015589)
 [0,0.00156026)
 [0,0.00156335)
 [0,0.00157389)
 [0,0.00157669)
 [0,0.0015834)
 [0,0.0015848)
 [0,0.00158679)
 [0,0.00159712)
 [0,0.00159923)
 [0,0.00160548)
 [0,0.00160611)
 [0,0.00160984)
 [0,0.00161772)
 [0,0.00161785)
 [0,0.0016222)
 [0,0.00162234)
 [0,0.00162958)
 [0,0.00163175)
 [0,0.00164032)
 [0,0.00164716)
 [0,0.00164765)
 [0,0.00164774)
 [0,0.00164786)
 [0,0.00165305)
 [0,0.00165368)
 [0,0.00165789)
 [0,0.0016589)
 [0,0.00166107)
 [0,0.00166568)
 [0,0.00167027)
 [0,0.00167707)
 [0,0.00167726)
 [0,0.00168601)
 [0,0.00169195)
 [0,0.00169704)
 [0,0.00170079)
 [0,0.00170744)
 [0,0.00170918)
 [0,0.00171361)
 [0,0.00173057)
 [0,0.00173136)
 [0,0.00173296)
 [0,0.00173366)
 [0,0.00173461)
 [0,0.00173795)
 [0,0.00173799)
 [0,0.00173967)
 [0,0.0017475)
 [0,0.00175001)
 [0,0.0017532)
 [0,0.00175515)
 [0,0.00176965)
 [0,0.00177132)
 [0,0.00177753)
 [0,0.00178193)
 [0,0.00178328)
 [0,0.00178356)
 [0,0.00178771)
 [0,0.00179103)
 [0,0.00179161)
 [0,0.00179358)
 [0,0.0017993)
 [0,0.00180308)
 [0,0.00180379)
 [0,0.00180404)
 [0,0.00180736)
 [0,0.0018076)
 [0,0.00180778)
 [0,0.0018083)
 [0,0.00180908)
 [0,0.00181157)
 [0,0.00182055)
 [0,0.00182205)
 [0,0.00182507)
 [0,0.00182985)
 [0,0.00183089)
 [0,0.00183928)
 [0,0.00184303)
 [0,0.00185957)
 [0,0.00186272)
 [0,0.00186443)
 [0,0.0018728)
 [0,0.0018823)
 [0,0.00188548)
 [0,0.00188911)
 [0,0.00189336)
 [0,0.00189675)
 [0,0.00190082)
 [0,0.00190088)
 [0,0.00190089)
 [0,0.00190899)
 [0,0.00191391)
 [0,0.00192317)
 [0,0.00192787)
 [0,0.00193679)
 [0,0.00194003)
 [0,0.00194032)
 [0,0.00194589)
 [0,0.00195319)
 [0,0.00195363)
 [0,0.00195808)
 [0,0.00195822)
 [0,0.00196396)
 [0,0.00196543)
 [0,0.0019706)
 [0,0.0019715)
 [0,0.00197566)
 [0,0.00197715)
 [0,0.00197775)
 [0,0.00198219)
 [0,0.00198278)
 [0,0.0019877)
 [0,0.00198864)
 [0,0.00199388)
 [0,0.00199756)
 [0,0.00200498)
 [0,0.00200502)
 [0,0.00200717)
 [0,0.00201796)
 [0,0.00201888)
 [0,0.00202489)
 [0,0.00203586)
 [0,0.00203925)
 [0,0.00204347)
 [0,0.00204578)
 [0,0.0020476)
 [0,0.00205025)
 [0,0.00205275)
 [0,0.00205283)
 [0,0.0020623)
 [0,0.00206429)
 [0,0.00206469)
 [0,0.00207209)
 [0,0.00207574)
 [0,0.00207892)
 [0,0.00208424)
 [0,0.00208494)
 [0,0.00208804)
 [0,0.00208815)
 [0,0.00209078)
 [0,0.00209222)
 [0,0.00209814)
 [0,0.00210979)
 [0,0.00211197)
 [0,0.00211748)
 [0,0.00211899)
 [0,0.00211954)
 [0,0.00212076)
 [0,0.0021235)
 [0,0.00212425)
 [0,0.00212614)
 [0,0.00212648)
 [0,0.00213392)
 [0,0.00213503)
 [0,0.00213576)
 [0,0.00213651)
 [0,0.00213825)
 [0,0.00214084)
 [0,0.00214114)
 [0,0.00214319)
 [0,0.00214555)
 [0,0.00215036)
 [0,0.00215466)
 [0,0.00216022)
 [0,0.002169)
 [0,0.00217538)
 [0,0.00218009)
 [0,0.00218317)
 [0,0.00219191)
 [0,0.00219398)
 [0,0.00219682)
 [0,0.00220081)
 [0,0.00221227)
 [0,0.00221954)
 [0,0.00222148)
 [0,0.00222328)
 [0,0.00222557)
 [0,0.00222712)
 [0,0.00222738)
 [0,0.0022303)
 [0,0.00223174)
 [0,0.00223342)
 [0,0.00223966)
 [0,0.0022427)
 [0,0.00224469)
 [0,0.0022461)
 [0,0.0022481)
 [0,0.00224899)
 [0,0.00225152)
 [0,0.00225232)
 [0,0.0022533)
 [0,0.00225479)
 [0,0.00225717)
 [0,0.00225719)
 [0,0.00225853)
 [0,0.00225915)
 [0,0.00225919)
 [0,0.00225947)
 [0,0.00225987)
 [0,0.00226235)
 [0,0.00226488)
 [0,0.00226717)
 [0,0.00226728)
 [0,0.00227719)
 [0,0.00229018)
 [0,0.00229078)
 [0,0.00229855)
 [0,0.0023049)
 [0,0.00230529)
 [0,0.00230747)
 [0,0.00231284)
 [0,0.00231423)
 [0,0.00231452)
 [0,0.00232946)
 [0,0.00233172)
 [0,0.00233752)
 [0,0.00234176)
 [0,0.002345)
 [0,0.00234507)
 [0,0.00234672)
 [0,0.00234783)
 [0,0.00234965)
 [0,0.00235764)
 [0,0.0023605)
 [0,0.00236231)
 [0,0.00236409)
 [0,0.00236897)
 [0,0.00237702)
 [0,0.00237908)
 [0,0.00237941)
 [0,0.00238004)
 [0,0.0023829)
 [0,0.00238455)
 [0,0.00238971)
 [0,0.00239139)
 [0,0.00239152)
 [0,0.00239432)
 [0,0.00240298)
 [0,0.00240405)
 [0,0.00240533)
 [0,0.00240823)
 [0,0.00240921)
 [0,0.00241274)
 [0,0.00241288)
 [0,0.00241548)
 [0,0.00241707)
 [0,0.00242029)
 [0,0.00242079)
 [0,0.00242187)
 [0,0.00242327)
 [0,0.00242343)
 [0,0.00242479)
 [0,0.00242841)
 [0,0.00243362)
 [0,0.00243553)
 [0,0.00243932)
 [0,0.00244232)
 [0,0.00244281)
 [0,0.00244415)
 [0,0.00244468)
 [0,0.00244469)
 [0,0.00244517)
 [0,0.00244562)
 [0,0.00244782)
 [0,0.00244864)
 [0,0.00244875)
 [0,0.00245029)
 [0,0.00245099)
 [0,0.00246134)
 [0,0.00246626)
 [0,0.00246805)
 [0,0.00246842)
 [0,0.00246912)
 [0,0.00247538)
 [0,0.00247936)
 [0,0.00248327)
 [0,0.00248774)
 [0,0.00249724)
 [0,0.00250526)
 [0,0.00250788)
 [0,0.00251082)
 [0,0.00251293)
 [0,0.00251376)
 [0,0.00252201)
 [0,0.0025233)
 [0,0.00252491)
 [0,0.00252881)
 [0,0.00253136)
 [0,0.00253478)
 [0,0.00253602)
 [0,0.00253754)
 [0,0.00255077)
 [0,0.00255916)
 [0,0.00256739)
 [0,0.00257084)
 [0,0.00257509)
 [0,0.00257662)
 [0,0.0025774)
 [0,0.00257832)
 [0,0.00257907)
 [0,0.00257935)
 [0,0.00257945)
 [0,0.00258255)
 [0,0.0025848)
 [0,0.00259427)
 [0,0.00259612)
 [0,0.0025982)
 [0,0.00260706)
 [0,0.0026079)
 [0,0.00261438)
 [0,0.00262432)
 [0,0.00262812)
 [0,0.00263101)
 [0,0.0026342)
 [0,0.00263423)
 [0,0.00263835)
 [0,0.00263923)
 [0,0.00264743)
 [0,0.00265011)
 [0,0.00265183)
 [0,0.00265363)
 [0,0.00266043)
 [0,0.00266503)
 [0,0.00266902)
 [0,0.00267181)
 [0,0.00267693)
 [0,0.00268013)
 [0,0.00268071)
 [0,0.0026832)
 [0,0.00268364)
 [0,0.00268582)
 [0,0.00268963)
 [0,0.00269229)
 [0,0.00269621)
 [0,0.00269738)
 [0,0.0026977)
 [0,0.00270197)
 [0,0.00270391)
 [0,0.0027042)
 [0,0.00270441)
 [0,0.00270947)
 [0,0.002711)
 [0,0.00271584)
 [0,0.00272255)
 [0,0.00272522)
 [0,0.00272806)
 [0,0.00272862)
 [0,0.00272895)
 [0,0.00273376)
 [0,0.00273386)
 [0,0.00273575)
 [0,0.00273863)
 [0,0.00273957)
 [0,0.00274203)
 [0,0.00274453)
 [0,0.00274454)
 [0,0.00274489)
 [0,0.00274491)
 [0,0.00274792)
 [0,0.0027487)
 [0,0.0027489)
 [0,0.00275378)
 [0,0.00275799)
 [0,0.00275832)
 [0,0.00276176)
 [0,0.00276743)
 [0,0.00277266)
 [0,0.00277735)
 [0,0.00277758)
 [0,0.0027794)
 [0,0.00278734)
 [0,0.00278757)
 [0,0.00279219)
 [0,0.00279318)
 [0,0.00279537)
 [0,0.00279616)
 [0,0.00280592)
 [0,0.00280833)
 [0,0.00280968)
 [0,0.00281814)
 [0,0.00282019)
 [0,0.0028243)
 [0,0.00282614)
 [0,0.00283041)
 [0,0.00283821)
 [0,0.00284117)
 [0,0.00284216)
 [0,0.00284235)
 [0,0.00284503)
 [0,0.00284559)
 [0,0.00285251)
 [0,0.00286214)
 [0,0.00286316)
 [0,0.00286376)
 [0,0.00287659)
 [0,0.0028768)
 [0,0.00287981)
 [0,0.00288282)
 [0,0.00289329)
 [0,0.00289388)
 [0,0.00289401)
 [0,0.00289747)
 [0,0.00289908)
 [0,0.00291023)
 [0,0.00292039)
 [0,0.00292336)
 [0,0.0029273)
 [0,0.00292746)
 [0,0.00293306)
 [0,0.0029387)
 [0,0.00293941)
 [0,0.00294113)
 [0,0.00294288)
 [0,0.0029443)
 [0,0.00294731)
 [0,0.00294894)
 [0,0.00296633)
 [0,0.00297162)
 [0,0.00297432)
 [0,0.00297612)
 [0,0.00297932)
 [0,0.00298196)
 [0,0.00298359)
 [0,0.0029837)
 [0,0.00298467)
 [0,0.00298916)
 [0,0.00299603)
 [0,0.00299832)
 [0,0.00300059)
 [0,0.00300142)
 [0,0.00300385)
 [0,0.00300633)
 [0,0.00301073)
 [0,0.0030152)
 [0,0.00301604)
 [0,0.00301669)
 [0,0.00301878)
 [0,0.0030262)
 [0,0.00302701)
 [0,0.00303496)
 [0,0.00303706)
 [0,0.00303714)
 [0,0.0030401)
 [0,0.0030402)
 [0,0.00304283)
 [0,0.0030431)
 [0,0.00304379)
 [0,0.00304479)
 [0,0.0030475)
 [0,0.00304795)
 [0,0.00305708)
 [0,0.00306277)
 [0,0.0030655)
 [0,0.00306901)
 [0,0.00307095)
 [0,0.0030739)
 [0,0.00307453)
 [0,0.0030755)
 [0,0.00307643)
 [0,0.00308278)
 [0,0.00308949)
 [0,0.00309757)
 [0,0.00310001)
 [0,0.00310052)
 [0,0.00310238)
 [0,0.00310567)
 [0,0.00310623)
 [0,0.00310644)
 [0,0.00311285)
 [0,0.00311467)
 [0,0.00312132)
 [0,0.00312152)
 [0,0.00312202)
 [0,0.00312347)
 [0,0.00312456)
 [0,0.0031342)
 [0,0.00313771)
 [0,0.00314572)
 [0,0.00314837)
 [0,0.00315353)
 [0,0.0031547)
 [0,0.00316793)
 [0,0.00317506)
 [0,0.00318039)
 [0,0.00318389)
 [0,0.00318636)
 [0,0.00319286)
 [0,0.00319716)
 [0,0.00319929)
 [0,0.00320152)
 [0,0.00320397)
 [0,0.00320745)
 [0,0.00321324)
 [0,0.00321988)
 [0,0.00322469)
 [0,0.00322598)
 [0,0.00322661)
 [0,0.00323035)
 [0,0.00323153)
 [0,0.00323201)
 [0,0.00323844)
 [0,0.0032396)
 [0,0.00325292)
 [0,0.003256)
 [0,0.00326263)
 [0,0.00326663)
 [0,0.00327946)
 [0,0.00328081)
 [0,0.00328593)
 [0,0.00328755)
 [0,0.00328967)
 [0,0.00329434)
 [0,0.00329547)
 [0,0.00329549)
 [0,0.00330223)
 [0,0.00330464)
 [0,0.00330582)
 [0,0.00330612)
 [0,0.00330754)
 [0,0.00331549)
 [0,0.00331969)
 [0,0.00332409)
 [0,0.00332608)
 [0,0.00332806)
 [0,0.00333035)
 [0,0.00333213)
 [0,0.00333225)
 [0,0.00334007)
 [0,0.00335378)
 [0,0.00335943)
 [0,0.00336206)
 [0,0.00336567)
 [0,0.00336709)
 [0,0.00337164)
 [0,0.00337169)
 [0,0.00337265)
 [0,0.00337317)
 [0,0.0033748)
 [0,0.00337537)
 [0,0.00338481)
 [0,0.00338773)
 [0,0.00338896)
 [0,0.00338909)
 [0,0.00338983)
 [0,0.00339346)
 [0,0.00339539)
 [0,0.00339973)
 [0,0.00340806)
 [0,0.00342322)
 [0,0.00342813)
 [0,0.00342931)
 [0,0.00342958)
 [0,0.00343026)
 [0,0.00343057)
 [0,0.00343148)
 [0,0.00343418)
 [0,0.00343544)
 [0,0.0034361)
 [0,0.00343661)
 [0,0.0034437)
 [0,0.003447)
 [0,0.00344804)
 [0,0.00345119)
 [0,0.00345142)
 [0,0.00345206)
 [0,0.00345233)
 [0,0.00345628)
 [0,0.00345659)
 [0,0.00346046)
 [0,0.00346048)
 [0,0.00346714)
 [0,0.00346897)
 [0,0.00346966)
 [0,0.00347111)
 [0,0.00347486)
 [0,0.00347835)
 [0,0.00348099)
 [0,0.00348267)
 [0,0.00348435)
 [0,0.00349298)
 [0,0.00349607)
 [0,0.00349718)
 [0,0.00350044)
 [0,0.00350265)
 [0,0.00350814)
 [0,0.00351204)
 [0,0.00351679)
 [0,0.00352338)
 [0,0.00352729)
 [0,0.00352835)
 [0,0.00353739)
 [0,0.00353771)
 [0,0.00355293)
 [0,0.00355916)
 [0,0.00356033)
 [0,0.00356391)
 [0,0.00356616)
 [0,0.00357162)
 [0,0.00357503)
 [0,0.00358002)
 [0,0.00358594)
 [0,0.00358633)
 [0,0.00358956)
 [0,0.00359538)
 [0,0.00359644)
 [0,0.00360044)
 [0,0.00360289)
 [0,0.00360512)
 [0,0.00360569)
 [0,0.00361306)
 [0,0.00361599)
 [0,0.00361863)
 [0,0.0036226)
 [0,0.00362406)
 [0,0.00362563)
 [0,0.00362586)
 [0,0.00363219)
 [0,0.00364103)
 [0,0.00364876)
 [0,0.00365193)
 [0,0.00365676)
 [0,0.00366694)
 [0,0.00367381)
 [0,0.00367726)
 [0,0.00367755)
 [0,0.00368088)
 [0,0.00368091)
 [0,0.00368278)
 [0,0.00368568)
 [0,0.00370274)
 [0,0.00370461)
 [0,0.00371096)
 [0,0.00371197)
 [0,0.00371404)
 [0,0.00371667)
 [0,0.00372446)
 [0,0.00372994)
 [0,0.00373187)
 [0,0.00374214)
 [0,0.00374258)
 [0,0.00374864)
 [0,0.00375328)
 [0,0.00375627)
 [0,0.00375741)
 [0,0.00376496)
 [0,0.00378737)
 [0,0.0037878)
 [0,0.00378987)
 [0,0.00379274)
 [0,0.00379627)
 [0,0.00379671)
 [0,0.00379683)
 [0,0.0037976)
 [0,0.00380046)
 [0,0.00380232)
 [0,0.00380566)
 [0,0.00380877)
 [0,0.00383596)
 [0,0.00383993)
 [0,0.0038564)
 [0,0.0038565)
 [0,0.00386164)
 [0,0.00386427)
 [0,0.00386914)
 [0,0.00387208)
 [0,0.00387365)
 [0,0.00387473)
 [0,0.0038823)
 [0,0.00388291)
 [0,0.00388294)
 [0,0.0038845)
 [0,0.00389187)
 [0,0.00389359)
 [0,0.00389391)
 [0,0.00389398)
 [0,0.00389976)
 [0,0.00391083)
 [0,0.00391383)
 [0,0.00391454)
 [0,0.00391552)
 [0,0.00391718)
 [0,0.00392238)
 [0,0.00392307)
 [0,0.00392657)
 [0,0.00392764)
 [0,0.00392883)
 [0,0.00393604)
 [0,0.00394079)
 [0,0.00394249)
 [0,0.00394457)
 [0,0.00394501)
 [0,0.00394585)
 [0,0.00394948)
 [0,0.00395004)
 [0,0.00395263)
 [0,0.00395671)
 [0,0.00396276)
 [0,0.00396466)
 [0,0.00396467)
 [0,0.00396502)
 [0,0.00396655)
 [0,0.0039712)
 [0,0.00397183)
 [0,0.00397194)
 [0,0.00397285)
 [0,0.00397951)
 [0,0.00398629)
 [0,0.00398767)
 [0,0.00399041)
 [0,0.00399924)
 [0,0.00400277)
 [0,0.00400552)
 [0,0.00401477)
 [0,0.00401693)
 [0,0.00401734)
 [0,0.00401832)
 [0,0.0040232)
 [0,0.0040248)
 [0,0.00404063)
 [0,0.00404565)
 [0,0.00404886)
 [0,0.0040497)
 [0,0.00406002)
 [0,0.00407323)
 [0,0.0040756)
 [0,0.00407704)
 [0,0.00408079)
 [0,0.00408681)
 [0,0.00410453)
 [0,0.00410861)
 [0,0.00411059)
 [0,0.00411111)
 [0,0.00411611)
 [0,0.00411935)
 [0,0.00412019)
 [0,0.0041305)
 [0,0.00413228)
 [0,0.00413677)
 [0,0.0041392)
 [0,0.00414287)
 [0,0.00414517)
 [0,0.00415286)
 [0,0.00415546)
 [0,0.0041574)
 [0,0.00417636)
 [0,0.00417746)
 [0,0.00418267)
 [0,0.00418488)
 [0,0.00421022)
 [0,0.00421481)
 [0,0.00421582)
 [0,0.00421735)
 [0,0.00423572)
 [0,0.00424119)
 [0,0.00424763)
 [0,0.00424921)
 [0,0.00425139)
 [0,0.00425738)
 [0,0.00427031)
 [0,0.00427426)
 [0,0.00427431)
 [0,0.0042744)
 [0,0.0042798)
 [0,0.00429311)
 [0,0.00429346)
 [0,0.00430087)
 [0,0.00431504)
 [0,0.00431656)
 [0,0.00432552)
 [0,0.00433874)
 [0,0.0043388)
 [0,0.00434261)
 [0,0.00434815)
 [0,0.00435365)
 [0,0.00435391)
 [0,0.0043643)
 [0,0.00436604)
 [0,0.00437085)
 [0,0.00437245)
 [0,0.0043814)
 [0,0.00438192)
 [0,0.00438471)
 [0,0.00438925)
 [0,0.00439141)
 [0,0.00439728)
 [0,0.00439945)
 [0,0.00440614)
 [0,0.0044075)
 [0,0.00440847)
 [0,0.00441004)
 [0,0.00442062)
 [0,0.00442118)
 [0,0.00442686)
 [0,0.00442941)
 [0,0.00443121)
 [0,0.00443328)
 [0,0.00443339)
 [0,0.00444039)
 [0,0.00444204)
 [0,0.00445235)
 [0,0.00445377)
 [0,0.00445817)
 [0,0.00446303)
 [0,0.00447037)
 [0,0.00447411)
 [0,0.00447708)
 [0,0.00447806)
 [0,0.00447997)
 [0,0.00448208)
 [0,0.00448281)
 [0,0.00448463)
 [0,0.00448529)
 [0,0.004489)
 [0,0.00449071)
 [0,0.00449178)
 [0,0.00449418)
 [0,0.00449769)
 [0,0.00450184)
 [0,0.00450329)
 [0,0.0045042)
 [0,0.0045049)
 [0,0.00450634)
 [0,0.00451149)
 [0,0.00451388)
 [0,0.00451592)
 [0,0.00451595)
 [0,0.00452299)
 [0,0.00453928)
 [0,0.00454092)
 [0,0.00454672)
 [0,0.00454726)
 [0,0.00455617)
 [0,0.00455634)
 [0,0.00455911)
 [0,0.0045612)
 [0,0.00456323)
 [0,0.00457087)
 [0,0.0045763)
 [0,0.00458628)
 [0,0.00459272)
 [0,0.00459736)
 [0,0.00459995)
 [0,0.00460196)
 [0,0.00461645)
 [0,0.00462618)
 [0,0.00462957)
 [0,0.00463308)
 [0,0.00463771)
 [0,0.0046505)
 [0,0.00465122)
 [0,0.00465458)
 [0,0.00465868)
 [0,0.00465877)
 [0,0.00467204)
 [0,0.00467543)
 [0,0.00468702)
 [0,0.00469096)
 [0,0.00469311)
 [0,0.00469659)
 [0,0.00470427)
 [0,0.00470623)
 [0,0.00471121)
 [0,0.00471525)
 [0,0.00471571)
 [0,0.00472501)
 [0,0.00472846)
 [0,0.0047287)
 [0,0.00473132)
 [0,0.00473477)
 [0,0.0047389)
 [0,0.00474654)
 [0,0.0047477)
 [0,0.00474788)
 [0,0.00475087)
 [0,0.00475296)
 [0,0.00475754)
 [0,0.00476952)
 [0,0.00476957)
 [0,0.00477686)
 [0,0.00478868)
 [0,0.00480158)
 [0,0.00480586)
 [0,0.00480759)
 [0,0.00481346)
 [0,0.00483199)
 [0,0.00483662)
 [0,0.00483888)
 [0,0.00484044)
 [0,0.00485065)
 [0,0.00485718)
 [0,0.00485794)
 [0,0.00487282)
 [0,0.0048771)
 [0,0.00488425)
 [0,0.00489373)
 [0,0.00489549)
 [0,0.00489592)
 [0,0.0049035)
 [0,0.00491448)
 [0,0.00492158)
 [0,0.00492812)
 [0,0.00492938)
 [0,0.00493831)
 [0,0.00494088)
 [0,0.00494552)
 [0,0.00496095)
 [0,0.00496308)
 [0,0.0049653)
 [0,0.00496692)
 [0,0.00496733)
 [0,0.00496776)
 [0,0.00497288)
 [0,0.00497318)
 [0,0.0049815)
 [0,0.00498331)
 [0,0.00498596)
 [0,0.0049888)
 [0,0.00499302)
 [0,0.00499569)
 [0,0.00499837)
 [0,0.00499901)
 [0,0.00500328)
 [0,0.00500721)
 [0,0.00500886)
 [0,0.00501372)
 [0,0.00503853)
 [0,0.00505703)
 [0,0.00505873)
 [0,0.00505993)
 [0,0.00506487)
 [0,0.0050659)
 [0,0.00506607)
 [0,0.00507264)
 [0,0.00507863)
 [0,0.00508431)
 [0,0.00510163)
 [0,0.0051018)
 [0,0.00510423)
 [0,0.00510964)
 [0,0.00510969)
 [0,0.00512044)
 [0,0.00512473)
 [0,0.00514156)
 [0,0.00515049)
 [0,0.00515883)
 [0,0.00516174)
 [0,0.00516186)
 [0,0.00516338)
 [0,0.00518026)
 [0,0.00518061)
 [0,0.00519008)
 [0,0.00519693)
 [0,0.00520057)
 [0,0.00520181)
 [0,0.00520439)
 [0,0.00520678)
 [0,0.00521285)
 [0,0.00521782)
 [0,0.00522059)
 [0,0.00522089)
 [0,0.00522585)
 [0,0.00522654)
 [0,0.00522671)
 [0,0.00523285)
 [0,0.00523553)
 [0,0.00524397)
 [0,0.00525016)
 [0,0.00527033)
 [0,0.00527365)
 [0,0.005279)
 [0,0.00528403)
 [0,0.00528442)
 [0,0.00529968)
 [0,0.00530599)
 [0,0.00530639)
 [0,0.00531087)
 [0,0.00532293)
 [0,0.00532951)
 [0,0.00534186)
 [0,0.00534664)
 [0,0.005362)
 [0,0.0053648)
 [0,0.00537077)
 [0,0.0053843)
 [0,0.00538656)
 [0,0.00539063)
 [0,0.00539162)
 [0,0.00539604)
 [0,0.00541606)
 [0,0.00541664)
 [0,0.00541713)
 [0,0.00541757)
 [0,0.00542337)
 [0,0.00542371)
 [0,0.00543254)
 [0,0.00544869)
 [0,0.00545037)
 [0,0.00545369)
 [0,0.00545606)
 [0,0.0054573)
 [0,0.00546085)
 [0,0.00546362)
 [0,0.00546545)
 [0,0.00547107)
 [0,0.00549214)
 [0,0.00549303)
 [0,0.00550095)
 [0,0.00550414)
 [0,0.00552059)
 [0,0.0055441)
 [0,0.00557151)
 [0,0.00557206)
 [0,0.00557501)
 [0,0.00557957)
 [0,0.00558679)
 [0,0.00559401)
 [0,0.00559977)
 [0,0.00560404)
 [0,0.0056192)
 [0,0.00562364)
 [0,0.00562847)
 [0,0.00563558)
 [0,0.00563732)
 [0,0.00564107)
 [0,0.00564351)
 [0,0.00564417)
 [0,0.00565265)
 [0,0.00566673)
 [0,0.00566991)
 [0,0.00567622)
 [0,0.00567685)
 [0,0.00567686)
 [0,0.00568917)
 [0,0.00570447)
 [0,0.00570516)
 [0,0.0057182)
 [0,0.00573766)
 [0,0.00574163)
 [0,0.00575679)
 [0,0.00576709)
 [0,0.0057715)
 [0,0.00578197)
 [0,0.00579496)
 [0,0.0057964)
 [0,0.00579816)
 [0,0.00580903)
 [0,0.0058099)
 [0,0.00582598)
 [0,0.00584129)
 [0,0.0058639)
 [0,0.00586439)
 [0,0.00587367)
 [0,0.00588084)
 [0,0.0058923)
 [0,0.00590439)
 [0,0.00591738)
 [0,0.00592399)
 [0,0.00593825)
 [0,0.00594172)
 [0,0.00595507)
 [0,0.00595562)
 [0,0.00596424)
 [0,0.00596798)
 [0,0.00597727)
 [0,0.00598072)
 [0,0.00598323)
 [0,0.00598671)
 [0,0.00599519)
 [0,0.00600847)
 [0,0.00601451)
 [0,0.00602325)
 [0,0.00603567)
 [0,0.0060626)
 [0,0.00606441)
 [0,0.00606473)
 [0,0.00606707)
 [0,0.00607452)
 [0,0.00607804)
 [0,0.00609602)
 [0,0.00612513)
 [0,0.00612629)
 [0,0.006142)
 [0,0.00614595)
 [0,0.00615071)
 [0,0.00615213)
 [0,0.00615424)
 [0,0.00616971)
 [0,0.00618497)
 [0,0.00621485)
 [0,0.00623235)
 [0,0.00623514)
 [0,0.00624986)
 [0,0.00626014)
 [0,0.00626831)
 [0,0.00627129)
 [0,0.00627399)
 [0,0.00627889)
 [0,0.00628754)
 [0,0.00629433)
 [0,0.00630581)
 [0,0.00630695)
 [0,0.00632988)
 [0,0.00635089)
 [0,0.00635129)
 [0,0.00635264)
 [0,0.00635927)
 [0,0.00636287)
 [0,0.00636386)
 [0,0.00637042)
 [0,0.0063717)
 [0,0.00640462)
 [0,0.00641072)
 [0,0.006416)
 [0,0.00642325)
 [0,0.00643774)
 [0,0.00644198)
 [0,0.00645458)
 [0,0.00648949)
 [0,0.00649003)
 [0,0.00649324)
 [0,0.00651547)
 [0,0.00653977)
 [0,0.00654502)
 [0,0.00656828)
 [0,0.00657886)
 [0,0.00657959)
 [0,0.00658306)
 [0,0.00659173)
 [0,0.0065919)
 [0,0.00659651)
 [0,0.00660966)
 [0,0.00661738)
 [0,0.00662489)
 [0,0.00663038)
 [0,0.00663924)
 [0,0.00664193)
 [0,0.00664278)
 [0,0.00664286)
 [0,0.0066586)
 [0,0.00666155)
 [0,0.00666326)
 [0,0.00666499)
 [0,0.00666854)
 [0,0.00667066)
 [0,0.00667768)
 [0,0.0066846)
 [0,0.00674376)
 [0,0.0067531)
 [0,0.00677358)
 [0,0.00677821)
 [0,0.0067816)
 [0,0.00683554)
 [0,0.00685034)
 [0,0.00688471)
 [0,0.00688996)
 [0,0.00689675)
 [0,0.00692423)
 [0,0.00694789)
 [0,0.00695107)
 [0,0.00695215)
 [0,0.00695752)
 [0,0.0069596)
 [0,0.00697576)
 [0,0.00698212)
 [0,0.0070144)
 [0,0.00703525)
 [0,0.00703726)
 [0,0.00703996)
 [0,0.00704321)
 [0,0.00707223)
 [0,0.00708601)
 [0,0.0070919)
 [0,0.00711354)
 [0,0.00712219)
 [0,0.00713007)
 [0,0.00713815)
 [0,0.00716478)
 [0,0.0071657)
 [0,0.00716751)
 [0,0.00717689)
 [0,0.00717829)
 [0,0.00720421)
 [0,0.00720481)
 [0,0.00720771)
 [0,0.00725124)
 [0,0.00726153)
 [0,0.00730498)
 [0,0.00731306)
 [0,0.00734598)
 [0,0.00742831)
 [0,0.00743055)
 [0,0.00743597)
 [0,0.00743918)
 [0,0.00743974)
 [0,0.00745582)
 [0,0.00746209)
 [0,0.0074702)
 [0,0.00747488)
 [0,0.0074778)
 [0,0.00749996)
 [0,0.0075335)
 [0,0.00754537)
 [0,0.00756119)
 [0,0.00761836)
 [0,0.0076207)
 [0,0.00763908)
 [0,0.00765196)
 [0,0.00766039)
 [0,0.00766551)
 [0,0.00767399)
 [0,0.00767408)
 [0,0.00769451)
 [0,0.0077199)
 [0,0.00772566)
 [0,0.00772765)
 [0,0.00775387)
 [0,0.00776007)
 [0,0.00780527)
 [0,0.00780667)
 [0,0.00780693)
 [0,0.00782206)
 [0,0.00783972)
 [0,0.00784468)
 [0,0.00787595)
 [0,0.00789533)
 [0,0.00791471)
 [0,0.00791779)
 [0,0.00792613)
 [0,0.00793677)
 [0,0.00795218)
 [0,0.0079675)
 [0,0.00797643)
 [0,0.00797708)
 [0,0.00798571)
 [0,0.00799395)
 [0,0.0079954)
 [0,0.00800308)
 [0,0.00801857)
 [0,0.00802051)
 [0,0.00805212)
 [0,0.00811437)
 [0,0.00812516)
 [0,0.00812849)
 [0,0.00818757)
 [0,0.00820327)
 [0,0.0082145)
 [0,0.00821694)
 [0,0.00823288)
 [0,0.00824504)
 [0,0.0082694)
 [0,0.00830865)
 [0,0.00831238)
 [0,0.00831443)
 [0,0.0083323)
 [0,0.0083746)
 [0,0.00845903)
 [0,0.00847691)
 [0,0.00849705)
 [0,0.00850007)
 [0,0.00852034)
 [0,0.00861639)
 [0,0.00861942)
 [0,0.00866343)
 [0,0.0087066)
 [0,0.00874347)
 [0,0.0087461)
 [0,0.00875671)
 [0,0.00883756)
 [0,0.00884028)
 [0,0.00886061)
 [0,0.00888306)
 [0,0.00888876)
 [0,0.00889279)
 [0,0.00892407)
 [0,0.00901698)
 [0,0.00902176)
 [0,0.0090709)
 [0,0.00915895)
 [0,0.00917458)
 [0,0.00918474)
 [0,0.0091942)
 [0,0.00919889)
 [0,0.00921751)
 [0,0.00923724)
 [0,0.00931318)
 [0,0.0093561)
 [0,0.00936298)
 [0,0.00939157)
 [0,0.00941128)
 [0,0.00941853)
 [0,0.00947592)
 [0,0.00949403)
 [0,0.0095223)
 [0,0.00966615)
 [0,0.00981481)
 [0,0.00996548)
 [0,0.0100212)
 [0,0.0100369)
 [0,0.0100594)
 [0,0.0100952)
 [0,0.0101055)
 [0,0.0101264)
 [0,0.0101307)
 [0,0.0101502)
 [0,0.0101593)
 [0,0.0101745)
 [0,0.0102625)
 [0,0.0102875)
 [0,0.0103457)
 [0,0.0103993)
 [0,0.0104143)
 [0,0.0105782)
 [0,0.0107148)
 [0,0.0107234)
 [0,0.0108127)
 [0,0.0108498)
 [0,0.010911)
 [0,0.0110037)
 [0,0.011188)
 [0,0.0112019)
 [0,0.0112526)
 [0,0.0112563)
 [0,0.0113089)
 [0,0.0113513)
 [0,0.0114496)
 [0,0.0114918)
 [0,0.0115378)
 [0,0.0115703)
 [0,0.0115844)
 [0,0.0116103)
 [0,0.0116682)
 [0,0.0117241)
 [0,0.0118459)
 [0,0.0119514)
 [0,0.0120317)
 [0,0.0120641)
 [0,0.0121456)
 [0,0.0121575)
 [0,0.0122471)
 [0,0.0122983)
 [0,0.0123445)
 [0,0.0125514)
 [0,0.0125537)
 [0,0.0125779)
 [0,0.0126834)
 [0,0.0128208)
 [0,0.0130356)
 [0,0.0130409)
 [0,0.0131668)
 [0,0.0132131)
 [0,0.0132978)
 [0,0.0134093)
 [0,0.0134548)
 [0,0.0137111)
 [0,0.0138015)
 [0,0.0139169)
 [0,0.0139614)
 [0,0.0139887)
 [0,0.0141024)
 [0,0.0141297)
 [0,0.0141854)
 [0,0.0142785)
 [0,0.0145968)
 [0,0.0147456)
 [0,0.015458)
 [0,0.015466)
 [0,0.0156759)
 [0,0.0161165)
 [0,0.0161286)
 [0,0.0162451)
 [0,0.0162748)
 [0,0.0164655)
 [0,0.016732)
 [0,0.0169834)
 [0,0.0170721)
 [0,0.0170867)
 [0,0.0173633)
 [0,0.0181396)
 [0,0.0182095)
 [0,0.0182707)
 [0,0.0184187)
 [0,0.0185669)
 [0,0.0187707)
 [0,0.0187976)
 [0,0.0189989)
 [0,0.0195327)
 [0,0.0195795)
 [0,0.0198548)
 [0,0.0200276)
 [0,0.0208166)
 [0,0.0210358)
 [0,0.0221722)
 [0,0.0224208)
 [0,0.0226163)
 [0,0.0226197)
 [0,0.0227696)
 [0,0.0235333)
 [0,0.0236604)
 [0,0.0240627)
 [0,0.0247068)
 [0,0.0249585)
 [0,0.0267153)
 [0,0.0276284)
 [0,0.0289712)
 [0,0.0308628)
 [0,0.0308689)
 [0,0.0348926)
 [0,0.0367314)
 [0,0.0372197)
 [0,0.0404149)
 [0,0.0439602)
 [0,0.0679023)
 [0,0.234252)
 [0,0.2596)
 [0, )
