point cloud with 4719 points in dimension 2
value range: [0,0.848378]
distance matrix with 4719 points, using threshold at enclosing radius 0.430794
persistence intervals in dim 0:
 [0,8.34465e-07)
 [0,8.34465e-07)
 [0,8.34465e-07)
 [0,8.34465e-07)
 [0,8.34465e-07)
 [0,8.9407e-07)
 [0,8.9407e-07)
 [0,8.9407e-07)
 [0,9.53674e-07)
 [0,9.53674e-07)
 [0,1.66893e-06)
 [0,1.66893e-06)
 [0,1.72853e-06)
 [0,1.90735e-06)
 [0,1.96695e-06)
 [0,1.96695e-06)
 [0,1.96695e-06)
 [0,2.17557e-06)
 [0,2.32458e-06)
 [0,2.5034e-06)
 [0,2.5034e-06)
 [0,2.563e-06)
 [0,2.563e-06)
 [0,2.563e-06)
 [0,2.68221e-06)
 [0,2.68221e-06)
 [0,2.68221e-06)
 [0,2.74181e-06)
 [0,2.80142e-06)
 [0,2.80142e-06)
 [0,3.01003e-06)
 [0,3.03984e-06)
 [0,3.39746e-06)
 [0,3.39746e-06)
 [0,3.39746e-06)
 [0,3.57628e-06)
 [0,3.63588e-06)
 [0,3.63588e-06)
 [0,3.69549e-06)
 [0,3.8147e-06)
 [0,3.8743e-06)
 [0,4.11272e-06)
 [0,4.23193e-06)
 [0,4.23193e-06)
 [0,4.23193e-06)
 [0,4.23193e-06)
 [0,4.29153e-06)
 [0,4.29153e-06)
 [0,4.35114e-06)
 [0,4.47035e-06)
 [0,4.64916e-06)
 [0,4.64916e-06)
 [0,4.76837e-06)
 [0,4.76837e-06)
 [0,4.82798e-06)
 [0,5.00679e-06)
 [0,5.03659e-06)
 [0,5.126e-06)
 [0,5.24521e-06)
 [0,5.30481e-06)
 [0,5.36442e-06)
 [0,5.45382e-06)
 [0,5.48363e-06)
 [0,5.60284e-06)
 [0,5.66244e-06)
 [0,5.84126e-06)
 [0,5.87106e-06)
 [0,5.90086e-06)
 [0,6.13928e-06)
 [0,6.13928e-06)
 [0,6.13928e-06)
 [0,6.19888e-06)
 [0,6.31809e-06)
 [0,6.3777e-06)
 [0,6.4373e-06)
 [0,6.49691e-06)
 [0,6.61612e-06)
 [0,6.73532e-06)
 [0,6.73532e-06)
 [0,6.73532e-06)
 [0,6.73532e-06)
 [0,6.79493e-06)
 [0,6.85453e-06)
 [0,6.85453e-06)
 [0,6.91414e-06)
 [0,6.91414e-06)
 [0,6.91414e-06)
 [0,6.91414e-06)
 [0,6.97374e-06)
 [0,7.00355e-06)
 [0,7.06315e-06)
 [0,7.09295e-06)
 [0,7.21216e-06)
 [0,7.21216e-06)
 [0,7.33137e-06)
 [0,7.45058e-06)
 [0,7.51019e-06)
 [0,7.62939e-06)
 [0,7.62939e-06)
 [0,7.62939e-06)
 [0,7.62939e-06)
 [0,7.92742e-06)
 [0,7.92742e-06)
 [0,7.98702e-06)
 [0,8.04663e-06)
 [0,8.10623e-06)
 [0,8.46386e-06)
 [0,8.70228e-06)
 [0,8.76188e-06)
 [0,8.82149e-06)
 [0,8.88109e-06)
 [0,8.88109e-06)
 [0,8.9407e-06)
 [0,9.11951e-06)
 [0,9.35793e-06)
 [0,9.47714e-06)
 [0,9.47714e-06)
 [0,9.59635e-06)
 [0,9.65595e-06)
 [0,9.71556e-06)
 [0,9.77516e-06)
 [0,9.95397e-06)
 [0,1.0252e-05)
 [0,1.0252e-05)
 [0,1.03712e-05)
 [0,1.04308e-05)
 [0,1.04308e-05)
 [0,1.04904e-05)
 [0,1.06096e-05)
 [0,1.06096e-05)
 [0,1.06692e-05)
 [0,1.06692e-05)
 [0,1.06692e-05)
 [0,1.06692e-05)
 [0,1.0848e-05)
 [0,1.0848e-05)
 [0,1.09673e-05)
 [0,1.10269e-05)
 [0,1.11461e-05)
 [0,1.13249e-05)
 [0,1.13845e-05)
 [0,1.13845e-05)
 [0,1.13845e-05)
 [0,1.13845e-05)
 [0,1.13845e-05)
 [0,1.15037e-05)
 [0,1.16229e-05)
 [0,1.16527e-05)
 [0,1.16825e-05)
 [0,1.17421e-05)
 [0,1.17421e-05)
 [0,1.17421e-05)
 [0,1.19209e-05)
 [0,1.19209e-05)
 [0,1.19805e-05)
 [0,1.19805e-05)
 [0,1.19805e-05)
 [0,1.23382e-05)
 [0,1.23978e-05)
 [0,1.24574e-05)
 [0,1.24574e-05)
 [0,1.24574e-05)
 [0,1.2517e-05)
 [0,1.2517e-05)
 [0,1.2517e-05)
 [0,1.25766e-05)
 [0,1.26362e-05)
 [0,1.27554e-05)
 [0,1.27554e-05)
 [0,1.2815e-05)
 [0,1.28746e-05)
 [0,1.29342e-05)
 [0,1.31428e-05)
 [0,1.32322e-05)
 [0,1.32918e-05)
 [0,1.33514e-05)
 [0,1.3411e-05)
 [0,1.3411e-05)
 [0,1.34706e-05)
 [0,1.34706e-05)
 [0,1.34706e-05)
 [0,1.35303e-05)
 [0,1.35899e-05)
 [0,1.37687e-05)
 [0,1.37687e-05)
 [0,1.38283e-05)
 [0,1.38879e-05)
 [0,1.38879e-05)
 [0,1.40071e-05)
 [0,1.41263e-05)
 [0,1.41859e-05)
 [0,1.42455e-05)
 [0,1.43647e-05)
 [0,1.46627e-05)
 [0,1.4782e-05)
 [0,1.48416e-05)
 [0,1.48416e-05)
 [0,1.50204e-05)
 [0,1.50502e-05)
 [0,1.508e-05)
 [0,1.51396e-05)
 [0,1.51992e-05)
 [0,1.53184e-05)
 [0,1.5378e-05)
 [0,1.55568e-05)
 [0,1.56462e-05)
 [0,1.5676e-05)
 [0,1.57356e-05)
 [0,1.57356e-05)
 [0,1.58548e-05)
 [0,1.61529e-05)
 [0,1.63317e-05)
 [0,1.63913e-05)
 [0,1.65403e-05)
 [0,1.65701e-05)
 [0,1.65701e-05)
 [0,1.66893e-05)
 [0,1.67489e-05)
 [0,1.67489e-05)
 [0,1.67489e-05)
 [0,1.68085e-05)
 [0,1.68085e-05)
 [0,1.68085e-05)
 [0,1.68681e-05)
 [0,1.70767e-05)
 [0,1.71661e-05)
 [0,1.72853e-05)
 [0,1.74046e-05)
 [0,1.74642e-05)
 [0,1.74642e-05)
 [0,1.75238e-05)
 [0,1.75238e-05)
 [0,1.75834e-05)
 [0,1.75834e-05)
 [0,1.7643e-05)
 [0,1.77622e-05)
 [0,1.7941e-05)
 [0,1.81198e-05)
 [0,1.85966e-05)
 [0,1.86563e-05)
 [0,1.86563e-05)
 [0,1.88947e-05)
 [0,1.89543e-05)
 [0,1.91331e-05)
 [0,1.92523e-05)
 [0,1.93119e-05)
 [0,1.93715e-05)
 [0,1.94311e-05)
 [0,1.95503e-05)
 [0,1.96099e-05)
 [0,1.97291e-05)
 [0,1.98483e-05)
 [0,1.99079e-05)
 [0,2.00868e-05)
 [0,2.00868e-05)
 [0,2.0206e-05)
 [0,2.0206e-05)
 [0,2.02656e-05)
 [0,2.02656e-05)
 [0,2.03848e-05)
 [0,2.04444e-05)
 [0,2.04444e-05)
 [0,2.0504e-05)
 [0,2.06232e-05)
 [0,2.06232e-05)
 [0,2.06232e-05)
 [0,2.06232e-05)
 [0,2.06828e-05)
 [0,2.07424e-05)
 [0,2.07424e-05)
 [0,2.07424e-05)
 [0,2.08318e-05)
 [0,2.09212e-05)
 [0,2.09212e-05)
 [0,2.09808e-05)
 [0,2.12193e-05)
 [0,2.12789e-05)
 [0,2.13087e-05)
 [0,2.13981e-05)
 [0,2.13987e-05)
 [0,2.15769e-05)
 [0,2.15769e-05)
 [0,2.17259e-05)
 [0,2.17557e-05)
 [0,2.18153e-05)
 [0,2.18153e-05)
 [0,2.18749e-05)
 [0,2.18749e-05)
 [0,2.19941e-05)
 [0,2.19941e-05)
 [0,2.19941e-05)
 [0,2.20537e-05)
 [0,2.20537e-05)
 [0,2.22325e-05)
 [0,2.22921e-05)
 [0,2.24113e-05)
 [0,2.24411e-05)
 [0,2.24709e-05)
 [0,2.25306e-05)
 [0,2.25902e-05)
 [0,2.25902e-05)
 [0,2.25902e-05)
 [0,2.26498e-05)
 [0,2.2769e-05)
 [0,2.28286e-05)
 [0,2.30074e-05)
 [0,2.3067e-05)
 [0,2.31862e-05)
 [0,2.32458e-05)
 [0,2.32458e-05)
 [0,2.34246e-05)
 [0,2.34842e-05)
 [0,2.35438e-05)
 [0,2.35438e-05)
 [0,2.35438e-05)
 [0,2.37226e-05)
 [0,2.37823e-05)
 [0,2.39015e-05)
 [0,2.39611e-05)
 [0,2.41399e-05)
 [0,2.41399e-05)
 [0,2.41995e-05)
 [0,2.41995e-05)
 [0,2.43187e-05)
 [0,2.43187e-05)
 [0,2.43783e-05)
 [0,2.43783e-05)
 [0,2.45571e-05)
 [0,2.46167e-05)
 [0,2.46465e-05)
 [0,2.46763e-05)
 [0,2.47359e-05)
 [0,2.47359e-05)
 [0,2.48253e-05)
 [0,2.48551e-05)
 [0,2.5034e-05)
 [0,2.51532e-05)
 [0,2.5332e-05)
 [0,2.5332e-05)
 [0,2.55108e-05)
 [0,2.56896e-05)
 [0,2.5928e-05)
 [0,2.59876e-05)
 [0,2.59876e-05)
 [0,2.59876e-05)
 [0,2.60472e-05)
 [0,2.60472e-05)
 [0,2.61068e-05)
 [0,2.61664e-05)
 [0,2.6226e-05)
 [0,2.64049e-05)
 [0,2.64049e-05)
 [0,2.66433e-05)
 [0,2.67029e-05)
 [0,2.68221e-05)
 [0,2.68817e-05)
 [0,2.69413e-05)
 [0,2.70605e-05)
 [0,2.71797e-05)
 [0,2.73585e-05)
 [0,2.75373e-05)
 [0,2.75373e-05)
 [0,2.75373e-05)
 [0,2.7597e-05)
 [0,2.7895e-05)
 [0,2.80142e-05)
 [0,2.80142e-05)
 [0,2.81036e-05)
 [0,2.81334e-05)
 [0,2.81632e-05)
 [0,2.8193e-05)
 [0,2.82228e-05)
 [0,2.82526e-05)
 [0,2.8491e-05)
 [0,2.85506e-05)
 [0,2.86102e-05)
 [0,2.86698e-05)
 [0,2.86698e-05)
 [0,2.8789e-05)
 [0,2.8789e-05)
 [0,2.88486e-05)
 [0,2.89083e-05)
 [0,2.89679e-05)
 [0,2.90871e-05)
 [0,2.90871e-05)
 [0,2.92063e-05)
 [0,2.92063e-05)
 [0,2.92063e-05)
 [0,2.92659e-05)
 [0,2.92957e-05)
 [0,2.93255e-05)
 [0,2.95341e-05)
 [0,2.96235e-05)
 [0,2.96831e-05)
 [0,2.97427e-05)
 [0,2.97725e-05)
 [0,2.98023e-05)
 [0,3.00407e-05)
 [0,3.01003e-05)
 [0,3.016e-05)
 [0,3.02196e-05)
 [0,3.03388e-05)
 [0,3.0458e-05)
 [0,3.06368e-05)
 [0,3.08156e-05)
 [0,3.08156e-05)
 [0,3.08752e-05)
 [0,3.08752e-05)
 [0,3.09348e-05)
 [0,3.09348e-05)
 [0,3.09348e-05)
 [0,3.09944e-05)
 [0,3.09944e-05)
 [0,3.09944e-05)
 [0,3.11136e-05)
 [0,3.11136e-05)
 [0,3.1352e-05)
 [0,3.1352e-05)
 [0,3.1352e-05)
 [0,3.14116e-05)
 [0,3.15607e-05)
 [0,3.15905e-05)
 [0,3.15905e-05)
 [0,3.16501e-05)
 [0,3.17097e-05)
 [0,3.17097e-05)
 [0,3.17395e-05)
 [0,3.18289e-05)
 [0,3.18885e-05)
 [0,3.18885e-05)
 [0,3.19481e-05)
 [0,3.20077e-05)
 [0,3.20077e-05)
 [0,3.21269e-05)
 [0,3.22461e-05)
 [0,3.23057e-05)
 [0,3.23355e-05)
 [0,3.23653e-05)
 [0,3.23653e-05)
 [0,3.23653e-05)
 [0,3.23951e-05)
 [0,3.24845e-05)
 [0,3.24845e-05)
 [0,3.26037e-05)
 [0,3.26335e-05)
 [0,3.26633e-05)
 [0,3.27826e-05)
 [0,3.29018e-05)
 [0,3.29018e-05)
 [0,3.29614e-05)
 [0,3.29614e-05)
 [0,3.31402e-05)
 [0,3.31402e-05)
 [0,3.32594e-05)
 [0,3.34382e-05)
 [0,3.34382e-05)
 [0,3.34382e-05)
 [0,3.34382e-05)
 [0,3.34978e-05)
 [0,3.34978e-05)
 [0,3.35574e-05)
 [0,3.3617e-05)
 [0,3.3617e-05)
 [0,3.3617e-05)
 [0,3.36766e-05)
 [0,3.37362e-05)
 [0,3.37362e-05)
 [0,3.37958e-05)
 [0,3.37958e-05)
 [0,3.38554e-05)
 [0,3.40939e-05)
 [0,3.41535e-05)
 [0,3.42131e-05)
 [0,3.42131e-05)
 [0,3.42727e-05)
 [0,3.43919e-05)
 [0,3.44515e-05)
 [0,3.44515e-05)
 [0,3.44515e-05)
 [0,3.45111e-05)
 [0,3.45707e-05)
 [0,3.45707e-05)
 [0,3.46303e-05)
 [0,3.46899e-05)
 [0,3.46899e-05)
 [0,3.47793e-05)
 [0,3.48091e-05)
 [0,3.48091e-05)
 [0,3.49283e-05)
 [0,3.49879e-05)
 [0,3.50177e-05)
 [0,3.50475e-05)
 [0,3.50475e-05)
 [0,3.51071e-05)
 [0,3.52263e-05)
 [0,3.52263e-05)
 [0,3.54052e-05)
 [0,3.54052e-05)
 [0,3.5584e-05)
 [0,3.5584e-05)
 [0,3.57628e-05)
 [0,3.59416e-05)
 [0,3.60012e-05)
 [0,3.60012e-05)
 [0,3.60608e-05)
 [0,3.60608e-05)
 [0,3.60906e-05)
 [0,3.618e-05)
 [0,3.62396e-05)
 [0,3.62992e-05)
 [0,3.62992e-05)
 [0,3.64184e-05)
 [0,3.65973e-05)
 [0,3.65973e-05)
 [0,3.67165e-05)
 [0,3.67761e-05)
 [0,3.68953e-05)
 [0,3.70145e-05)
 [0,3.70741e-05)
 [0,3.71337e-05)
 [0,3.71337e-05)
 [0,3.71933e-05)
 [0,3.71933e-05)
 [0,3.72529e-05)
 [0,3.74317e-05)
 [0,3.74317e-05)
 [0,3.74913e-05)
 [0,3.75509e-05)
 [0,3.76105e-05)
 [0,3.77297e-05)
 [0,3.77297e-05)
 [0,3.77893e-05)
 [0,3.77893e-05)
 [0,3.78489e-05)
 [0,3.79086e-05)
 [0,3.7998e-05)
 [0,3.80874e-05)
 [0,3.8147e-05)
 [0,3.82066e-05)
 [0,3.82662e-05)
 [0,3.82662e-05)
 [0,3.8445e-05)
 [0,3.86238e-05)
 [0,3.88622e-05)
 [0,3.89218e-05)
 [0,3.89218e-05)
 [0,3.89814e-05)
 [0,3.89814e-05)
 [0,3.90112e-05)
 [0,3.9041e-05)
 [0,3.91006e-05)
 [0,3.91304e-05)
 [0,3.92795e-05)
 [0,3.93689e-05)
 [0,3.95775e-05)
 [0,3.95775e-05)
 [0,3.96371e-05)
 [0,3.97563e-05)
 [0,3.97563e-05)
 [0,3.98159e-05)
 [0,3.98159e-05)
 [0,3.98755e-05)
 [0,3.99351e-05)
 [0,3.99947e-05)
 [0,4.00543e-05)
 [0,4.01139e-05)
 [0,4.01139e-05)
 [0,4.01735e-05)
 [0,4.01735e-05)
 [0,4.04119e-05)
 [0,4.04119e-05)
 [0,4.04119e-05)
 [0,4.06504e-05)
 [0,4.08292e-05)
 [0,4.08292e-05)
 [0,4.08888e-05)
 [0,4.09484e-05)
 [0,4.09484e-05)
 [0,4.1008e-05)
 [0,4.1306e-05)
 [0,4.13954e-05)
 [0,4.14848e-05)
 [0,4.17232e-05)
 [0,4.17232e-05)
 [0,4.19021e-05)
 [0,4.19617e-05)
 [0,4.19617e-05)
 [0,4.19617e-05)
 [0,4.20213e-05)
 [0,4.22001e-05)
 [0,4.22001e-05)
 [0,4.22001e-05)
 [0,4.22299e-05)
 [0,4.22597e-05)
 [0,4.23193e-05)
 [0,4.24385e-05)
 [0,4.24981e-05)
 [0,4.24981e-05)
 [0,4.26769e-05)
 [0,4.27365e-05)
 [0,4.27961e-05)
 [0,4.29153e-05)
 [0,4.29749e-05)
 [0,4.31538e-05)
 [0,4.32134e-05)
 [0,4.33922e-05)
 [0,4.33922e-05)
 [0,4.34518e-05)
 [0,4.35114e-05)
 [0,4.35114e-05)
 [0,4.37498e-05)
 [0,4.38094e-05)
 [0,4.38094e-05)
 [0,4.3869e-05)
 [0,4.4167e-05)
 [0,4.42266e-05)
 [0,4.43459e-05)
 [0,4.45247e-05)
 [0,4.45843e-05)
 [0,4.47035e-05)
 [0,4.48823e-05)
 [0,4.49419e-05)
 [0,4.50015e-05)
 [0,4.50015e-05)
 [0,4.50611e-05)
 [0,4.50611e-05)
 [0,4.50611e-05)
 [0,4.51803e-05)
 [0,4.52995e-05)
 [0,4.53591e-05)
 [0,4.53591e-05)
 [0,4.53591e-05)
 [0,4.53591e-05)
 [0,4.54187e-05)
 [0,4.54783e-05)
 [0,4.54783e-05)
 [0,4.55379e-05)
 [0,4.57764e-05)
 [0,4.57764e-05)
 [0,4.63128e-05)
 [0,4.63724e-05)
 [0,4.6432e-05)
 [0,4.64916e-05)
 [0,4.673e-05)
 [0,4.67896e-05)
 [0,4.67896e-05)
 [0,4.68493e-05)
 [0,4.69685e-05)
 [0,4.70877e-05)
 [0,4.70877e-05)
 [0,4.71473e-05)
 [0,4.72665e-05)
 [0,4.73261e-05)
 [0,4.73857e-05)
 [0,4.73857e-05)
 [0,4.75049e-05)
 [0,4.75645e-05)
 [0,4.76241e-05)
 [0,4.77433e-05)
 [0,4.78029e-05)
 [0,4.78029e-05)
 [0,4.78625e-05)
 [0,4.79221e-05)
 [0,4.81009e-05)
 [0,4.81606e-05)
 [0,4.82202e-05)
 [0,4.82202e-05)
 [0,4.82202e-05)
 [0,4.83096e-05)
 [0,4.83319e-05)
 [0,4.83394e-05)
 [0,4.8399e-05)
 [0,4.84288e-05)
 [0,4.84288e-05)
 [0,4.84586e-05)
 [0,4.85778e-05)
 [0,4.8697e-05)
 [0,4.88162e-05)
 [0,4.90546e-05)
 [0,4.9293e-05)
 [0,4.93526e-05)
 [0,4.94719e-05)
 [0,4.94719e-05)
 [0,4.94719e-05)
 [0,4.95017e-05)
 [0,4.95315e-05)
 [0,4.95911e-05)
 [0,4.97103e-05)
 [0,4.98891e-05)
 [0,4.98891e-05)
 [0,5.00679e-05)
 [0,5.00977e-05)
 [0,5.01275e-05)
 [0,5.02169e-05)
 [0,5.03659e-05)
 [0,5.03659e-05)
 [0,5.06043e-05)
 [0,5.06639e-05)
 [0,5.06639e-05)
 [0,5.06639e-05)
 [0,5.06639e-05)
 [0,5.06639e-05)
 [0,5.07236e-05)
 [0,5.07236e-05)
 [0,5.07832e-05)
 [0,5.10216e-05)
 [0,5.10812e-05)
 [0,5.126e-05)
 [0,5.126e-05)
 [0,5.126e-05)
 [0,5.13196e-05)
 [0,5.13196e-05)
 [0,5.13196e-05)
 [0,5.13792e-05)
 [0,5.14388e-05)
 [0,5.14984e-05)
 [0,5.1558e-05)
 [0,5.17368e-05)
 [0,5.19156e-05)
 [0,5.20945e-05)
 [0,5.22137e-05)
 [0,5.22733e-05)
 [0,5.22733e-05)
 [0,5.23925e-05)
 [0,5.24521e-05)
 [0,5.24521e-05)
 [0,5.25117e-05)
 [0,5.25117e-05)
 [0,5.25713e-05)
 [0,5.29885e-05)
 [0,5.30183e-05)
 [0,5.31077e-05)
 [0,5.31375e-05)
 [0,5.32269e-05)
 [0,5.32865e-05)
 [0,5.32865e-05)
 [0,5.35846e-05)
 [0,5.37038e-05)
 [0,5.37634e-05)
 [0,5.3823e-05)
 [0,5.38826e-05)
 [0,5.39422e-05)
 [0,5.3972e-05)
 [0,5.40018e-05)
 [0,5.40614e-05)
 [0,5.4121e-05)
 [0,5.41508e-05)
 [0,5.44786e-05)
 [0,5.45382e-05)
 [0,5.48363e-05)
 [0,5.52409e-05)
 [0,5.53131e-05)
 [0,5.54323e-05)
 [0,5.54919e-05)
 [0,5.57899e-05)
 [0,5.57899e-05)
 [0,5.59688e-05)
 [0,5.60284e-05)
 [0,5.60284e-05)
 [0,5.60284e-05)
 [0,5.62072e-05)
 [0,5.65052e-05)
 [0,5.65456e-05)
 [0,5.6684e-05)
 [0,5.68032e-05)
 [0,5.68628e-05)
 [0,5.68628e-05)
 [0,5.6982e-05)
 [0,5.78761e-05)
 [0,5.79357e-05)
 [0,5.79953e-05)
 [0,5.80549e-05)
 [0,5.80549e-05)
 [0,5.81741e-05)
 [0,5.81741e-05)
 [0,5.83529e-05)
 [0,5.87702e-05)
 [0,5.87702e-05)
 [0,5.90384e-05)
 [0,5.9247e-05)
 [0,5.9247e-05)
 [0,5.93066e-05)
 [0,5.94258e-05)
 [0,5.94854e-05)
 [0,5.96046e-05)
 [0,5.96642e-05)
 [0,5.97835e-05)
 [0,5.99623e-05)
 [0,6.00219e-05)
 [0,6.00815e-05)
 [0,6.01113e-05)
 [0,6.01411e-05)
 [0,6.02007e-05)
 [0,6.03795e-05)
 [0,6.04391e-05)
 [0,6.04987e-05)
 [0,6.05583e-05)
 [0,6.06179e-05)
 [0,6.06775e-05)
 [0,6.07371e-05)
 [0,6.10948e-05)
 [0,6.1214e-05)
 [0,6.12736e-05)
 [0,6.13332e-05)
 [0,6.13332e-05)
 [0,6.13928e-05)
 [0,6.14524e-05)
 [0,6.15716e-05)
 [0,6.16312e-05)
 [0,6.16908e-05)
 [0,6.17206e-05)
 [0,6.181e-05)
 [0,6.181e-05)
 [0,6.20484e-05)
 [0,6.20484e-05)
 [0,6.20484e-05)
 [0,6.21676e-05)
 [0,6.23465e-05)
 [0,6.25253e-05)
 [0,6.27637e-05)
 [0,6.28829e-05)
 [0,6.28829e-05)
 [0,6.29425e-05)
 [0,6.30021e-05)
 [0,6.31809e-05)
 [0,6.33001e-05)
 [0,6.34789e-05)
 [0,6.35982e-05)
 [0,6.38366e-05)
 [0,6.4075e-05)
 [0,6.41346e-05)
 [0,6.41942e-05)
 [0,6.41942e-05)
 [0,6.42538e-05)
 [0,6.43134e-05)
 [0,6.4373e-05)
 [0,6.45518e-05)
 [0,6.49095e-05)
 [0,6.49095e-05)
 [0,6.49691e-05)
 [0,6.50883e-05)
 [0,6.50883e-05)
 [0,6.55055e-05)
 [0,6.55651e-05)
 [0,6.55651e-05)
 [0,6.56247e-05)
 [0,6.56247e-05)
 [0,6.57439e-05)
 [0,6.60419e-05)
 [0,6.63996e-05)
 [0,6.64592e-05)
 [0,6.64592e-05)
 [0,6.65784e-05)
 [0,6.65784e-05)
 [0,6.6638e-05)
 [0,6.66976e-05)
 [0,6.66976e-05)
 [0,6.68168e-05)
 [0,6.69658e-05)
 [0,6.73532e-05)
 [0,6.73532e-05)
 [0,6.74725e-05)
 [0,6.74725e-05)
 [0,6.77109e-05)
 [0,6.77109e-05)
 [0,6.77109e-05)
 [0,6.79493e-05)
 [0,6.80089e-05)
 [0,6.81281e-05)
 [0,6.82771e-05)
 [0,6.84857e-05)
 [0,6.87838e-05)
 [0,6.88434e-05)
 [0,6.88434e-05)
 [0,6.90222e-05)
 [0,6.90818e-05)
 [0,6.91414e-05)
 [0,6.9201e-05)
 [0,6.9201e-05)
 [0,6.92904e-05)
 [0,6.95586e-05)
 [0,6.95586e-05)
 [0,6.99162e-05)
 [0,6.99758e-05)
 [0,7.04527e-05)
 [0,7.05719e-05)
 [0,7.08103e-05)
 [0,7.09295e-05)
 [0,7.09891e-05)
 [0,7.11083e-05)
 [0,7.12276e-05)
 [0,7.13468e-05)
 [0,7.13468e-05)
 [0,7.1466e-05)
 [0,7.15554e-05)
 [0,7.1764e-05)
 [0,7.1764e-05)
 [0,7.18236e-05)
 [0,7.18236e-05)
 [0,7.22706e-05)
 [0,7.24792e-05)
 [0,7.25389e-05)
 [0,7.26879e-05)
 [0,7.28369e-05)
 [0,7.28965e-05)
 [0,7.29561e-05)
 [0,7.31349e-05)
 [0,7.32541e-05)
 [0,7.36713e-05)
 [0,7.37906e-05)
 [0,7.37906e-05)
 [0,7.38502e-05)
 [0,7.4029e-05)
 [0,7.41482e-05)
 [0,7.42674e-05)
 [0,7.43866e-05)
 [0,7.44462e-05)
 [0,7.46548e-05)
 [0,7.46846e-05)
 [0,7.46846e-05)
 [0,7.49826e-05)
 [0,7.50124e-05)
 [0,7.51019e-05)
 [0,7.53403e-05)
 [0,7.53999e-05)
 [0,7.53999e-05)
 [0,7.54595e-05)
 [0,7.56979e-05)
 [0,7.57575e-05)
 [0,7.58171e-05)
 [0,7.64132e-05)
 [0,7.66516e-05)
 [0,7.689e-05)
 [0,7.70092e-05)
 [0,7.73072e-05)
 [0,7.73072e-05)
 [0,7.77245e-05)
 [0,7.80225e-05)
 [0,7.80821e-05)
 [0,7.83801e-05)
 [0,7.85589e-05)
 [0,7.87377e-05)
 [0,7.87973e-05)
 [0,7.88867e-05)
 [0,7.89165e-05)
 [0,7.89762e-05)
 [0,7.90954e-05)
 [0,7.9751e-05)
 [0,7.99298e-05)
 [0,8.0049e-05)
 [0,8.01086e-05)
 [0,8.01086e-05)
 [0,8.02279e-05)
 [0,8.04067e-05)
 [0,8.04663e-05)
 [0,8.05259e-05)
 [0,8.05557e-05)
 [0,8.05855e-05)
 [0,8.06749e-05)
 [0,8.08835e-05)
 [0,8.09729e-05)
 [0,8.10027e-05)
 [0,8.10027e-05)
 [0,8.10325e-05)
 [0,8.10623e-05)
 [0,8.11219e-05)
 [0,8.12411e-05)
 [0,8.14199e-05)
 [0,8.14795e-05)
 [0,8.16584e-05)
 [0,8.1718e-05)
 [0,8.1718e-05)
 [0,8.17776e-05)
 [0,8.18968e-05)
 [0,8.19564e-05)
 [0,8.20756e-05)
 [0,8.23736e-05)
 [0,8.2612e-05)
 [0,8.2612e-05)
 [0,8.26418e-05)
 [0,8.28207e-05)
 [0,8.29101e-05)
 [0,8.29101e-05)
 [0,8.29101e-05)
 [0,8.32677e-05)
 [0,8.32677e-05)
 [0,8.33869e-05)
 [0,8.33869e-05)
 [0,8.35657e-05)
 [0,8.36253e-05)
 [0,8.37445e-05)
 [0,8.38041e-05)
 [0,8.38637e-05)
 [0,8.38637e-05)
 [0,8.39829e-05)
 [0,8.41022e-05)
 [0,8.44002e-05)
 [0,8.4579e-05)
 [0,8.46982e-05)
 [0,8.46982e-05)
 [0,8.51154e-05)
 [0,8.52942e-05)
 [0,8.56519e-05)
 [0,8.60691e-05)
 [0,8.61287e-05)
 [0,8.61287e-05)
 [0,8.62479e-05)
 [0,8.66055e-05)
 [0,8.67248e-05)
 [0,8.67248e-05)
 [0,8.67844e-05)
 [0,8.67844e-05)
 [0,8.70824e-05)
 [0,8.72612e-05)
 [0,8.73208e-05)
 [0,8.74996e-05)
 [0,8.7589e-05)
 [0,8.7738e-05)
 [0,8.78274e-05)
 [0,8.80957e-05)
 [0,8.81553e-05)
 [0,8.81851e-05)
 [0,8.83341e-05)
 [0,8.83937e-05)
 [0,8.84533e-05)
 [0,8.85129e-05)
 [0,8.85725e-05)
 [0,8.86321e-05)
 [0,8.86917e-05)
 [0,8.88109e-05)
 [0,8.91685e-05)
 [0,8.93474e-05)
 [0,8.9407e-05)
 [0,8.9407e-05)
 [0,8.95858e-05)
 [0,8.98242e-05)
 [0,8.98242e-05)
 [0,8.98838e-05)
 [0,8.99434e-05)
 [0,9.02414e-05)
 [0,9.03606e-05)
 [0,9.05395e-05)
 [0,9.07183e-05)
 [0,9.07779e-05)
 [0,9.10163e-05)
 [0,9.12547e-05)
 [0,9.13143e-05)
 [0,9.16421e-05)
 [0,9.18508e-05)
 [0,9.18806e-05)
 [0,9.19104e-05)
 [0,9.20892e-05)
 [0,9.22084e-05)
 [0,9.2268e-05)
 [0,9.26554e-05)
 [0,9.26852e-05)
 [0,9.2864e-05)
 [0,9.2864e-05)
 [0,9.2864e-05)
 [0,9.29236e-05)
 [0,9.29236e-05)
 [0,9.30428e-05)
 [0,9.31621e-05)
 [0,9.37581e-05)
 [0,9.39667e-05)
 [0,9.39965e-05)
 [0,9.41157e-05)
 [0,9.44138e-05)
 [0,9.44734e-05)
 [0,9.4533e-05)
 [0,9.48906e-05)
 [0,9.49502e-05)
 [0,9.498e-05)
 [0,9.5129e-05)
 [0,9.52482e-05)
 [0,9.53674e-05)
 [0,9.53674e-05)
 [0,9.5427e-05)
 [0,9.54866e-05)
 [0,9.56058e-05)
 [0,9.57847e-05)
 [0,9.60231e-05)
 [0,9.61423e-05)
 [0,9.63744e-05)
 [0,9.65595e-05)
 [0,9.66191e-05)
 [0,9.69768e-05)
 [0,9.69768e-05)
 [0,9.73344e-05)
 [0,9.73344e-05)
 [0,9.74536e-05)
 [0,9.75728e-05)
 [0,9.78112e-05)
 [0,9.82284e-05)
 [0,9.82284e-05)
 [0,9.82284e-05)
 [0,9.84073e-05)
 [0,9.84967e-05)
 [0,9.86457e-05)
 [0,9.87053e-05)
 [0,9.87649e-05)
 [0,9.88841e-05)
 [0,9.90629e-05)
 [0,9.91225e-05)
 [0,9.93013e-05)
 [0,9.93907e-05)
 [0,9.94801e-05)
 [0,9.98378e-05)
 [0,0.000100076)
 [0,0.000100255)
 [0,0.000100434)
 [0,0.000100434)
 [0,0.000100493)
 [0,0.000100672)
 [0,0.000100851)
 [0,0.000100851)
 [0,0.00010097)
 [0,0.00010103)
 [0,0.00010103)
 [0,0.000101089)
 [0,0.000101268)
 [0,0.000101298)
 [0,0.000101388)
 [0,0.000101447)
 [0,0.000101507)
 [0,0.000101745)
 [0,0.000101924)
 [0,0.000102162)
 [0,0.000102222)
 [0,0.00010258)
 [0,0.000102609)
 [0,0.000102878)
 [0,0.000102997)
 [0,0.000103295)
 [0,0.000103414)
 [0,0.000103474)
 [0,0.000103593)
 [0,0.000103831)
 [0,0.00010395)
 [0,0.000104159)
 [0,0.000104189)
 [0,0.000104308)
 [0,0.000104427)
 [0,0.000104666)
 [0,0.000104785)
 [0,0.000105023)
 [0,0.000105083)
 [0,0.000105083)
 [0,0.000105381)
 [0,0.00010556)
 [0,0.000106096)
 [0,0.000106215)
 [0,0.000106692)
 [0,0.000106931)
 [0,0.000106961)
 [0,0.00010699)
 [0,0.00010711)
 [0,0.000107706)
 [0,0.000107765)
 [0,0.000107765)
 [0,0.000108063)
 [0,0.000108242)
 [0,0.000108331)
 [0,0.000108421)
 [0,0.00010848)
 [0,0.0001086)
 [0,0.000108898)
 [0,0.000108957)
 [0,0.000109255)
 [0,0.000109255)
 [0,0.000109315)
 [0,0.000109553)
 [0,0.00011009)
 [0,0.000110209)
 [0,0.000110447)
 [0,0.000110626)
 [0,0.000110686)
 [0,0.000110745)
 [0,0.000110984)
 [0,0.000110984)
 [0,0.000111043)
 [0,0.000111103)
 [0,0.000111163)
 [0,0.000111401)
 [0,0.00011149)
 [0,0.00011149)
 [0,0.000111938)
 [0,0.000111967)
 [0,0.000112236)
 [0,0.000112355)
 [0,0.000112414)
 [0,0.000112563)
 [0,0.000112593)
 [0,0.000112593)
 [0,0.000112653)
 [0,0.000112712)
 [0,0.000112832)
 [0,0.000112891)
 [0,0.00011304)
 [0,0.000113189)
 [0,0.000113368)
 [0,0.000113398)
 [0,0.000113398)
 [0,0.000113428)
 [0,0.000113606)
 [0,0.000113904)
 [0,0.000114143)
 [0,0.000114262)
 [0,0.000114262)
 [0,0.000114441)
 [0,0.000114739)
 [0,0.000115275)
 [0,0.000115305)
 [0,0.000115454)
 [0,0.000115633)
 [0,0.000115991)
 [0,0.000116587)
 [0,0.000116765)
 [0,0.000117034)
 [0,0.000117183)
 [0,0.000117481)
 [0,0.000117719)
 [0,0.000118017)
 [0,0.000118583)
 [0,0.000118971)
 [0,0.000119627)
 [0,0.000119686)
 [0,0.000119686)
 [0,0.000120163)
 [0,0.000120282)
 [0,0.000120342)
 [0,0.000120461)
 [0,0.000120521)
 [0,0.00012058)
 [0,0.00012058)
 [0,0.000120997)
 [0,0.000120997)
 [0,0.000121057)
 [0,0.000121117)
 [0,0.000121355)
 [0,0.000121891)
 [0,0.000121951)
 [0,0.00012207)
 [0,0.00012213)
 [0,0.00012213)
 [0,0.00012213)
 [0,0.00012213)
 [0,0.000122249)
 [0,0.000122249)
 [0,0.000122249)
 [0,0.000122309)
 [0,0.000122309)
 [0,0.000122309)
 [0,0.000122488)
 [0,0.000123024)
 [0,0.000123352)
 [0,0.000123441)
 [0,0.000123501)
 [0,0.00012362)
 [0,0.000123918)
 [0,0.000124037)
 [0,0.000124216)
 [0,0.000124753)
 [0,0.000124812)
 [0,0.000125289)
 [0,0.000125587)
 [0,0.000126272)
 [0,0.000126362)
 [0,0.000126481)
 [0,0.00012666)
 [0,0.000127256)
 [0,0.000127375)
 [0,0.000127494)
 [0,0.000127494)
 [0,0.00012815)
 [0,0.000128388)
 [0,0.000128508)
 [0,0.000128567)
 [0,0.000128925)
 [0,0.000128984)
 [0,0.000129163)
 [0,0.00012964)
 [0,0.00012973)
 [0,0.000129759)
 [0,0.000129789)
 [0,0.000129849)
 [0,0.000130355)
 [0,0.000130773)
 [0,0.000130892)
 [0,0.000130951)
 [0,0.000131369)
 [0,0.000131458)
 [0,0.000131488)
 [0,0.000131488)
 [0,0.000131547)
 [0,0.000131607)
 [0,0.000131637)
 [0,0.000131786)
 [0,0.000131965)
 [0,0.000132024)
 [0,0.000132084)
 [0,0.000132143)
 [0,0.00013262)
 [0,0.00013265)
 [0,0.000133097)
 [0,0.000133336)
 [0,0.000133634)
 [0,0.000133634)
 [0,0.000133753)
 [0,0.00013417)
 [0,0.000134468)
 [0,0.000134528)
 [0,0.000134647)
 [0,0.000134706)
 [0,0.000134736)
 [0,0.000134945)
 [0,0.000135005)
 [0,0.000135005)
 [0,0.000135124)
 [0,0.000135243)
 [0,0.000135362)
 [0,0.000135541)
 [0,0.00013566)
 [0,0.000136614)
 [0,0.000136763)
 [0,0.000136763)
 [0,0.000136793)
 [0,0.000136793)
 [0,0.000137031)
 [0,0.000137031)
 [0,0.000137091)
 [0,0.00013721)
 [0,0.00013721)
 [0,0.000137269)
 [0,0.000137269)
 [0,0.000137329)
 [0,0.000137448)
 [0,0.000137467)
 [0,0.000137627)
 [0,0.000137746)
 [0,0.000137806)
 [0,0.000137836)
 [0,0.000138223)
 [0,0.000138372)
 [0,0.000138402)
 [0,0.000138879)
 [0,0.000139296)
 [0,0.000139624)
 [0,0.000139773)
 [0,0.000140011)
 [0,0.000140071)
 [0,0.000140071)
 [0,0.000140131)
 [0,0.00014019)
 [0,0.000140309)
 [0,0.000140429)
 [0,0.000140667)
 [0,0.000140905)
 [0,0.000140905)
 [0,0.000141263)
 [0,0.000141442)
 [0,0.000141561)
 [0,0.000141919)
 [0,0.000142097)
 [0,0.000142217)
 [0,0.000142276)
 [0,0.000142306)
 [0,0.00014329)
 [0,0.000143349)
 [0,0.000143766)
 [0,0.000143886)
 [0,0.000144005)
 [0,0.000144243)
 [0,0.000144303)
 [0,0.000144303)
 [0,0.000144482)
 [0,0.000144541)
 [0,0.000145197)
 [0,0.000145495)
 [0,0.000145614)
 [0,0.000145912)
 [0,0.000146031)
 [0,0.000146389)
 [0,0.000146598)
 [0,0.000146806)
 [0,0.000146896)
 [0,0.000146955)
 [0,0.000147343)
 [0,0.000147402)
 [0,0.000147641)
 [0,0.000148535)
 [0,0.000148714)
 [0,0.000148714)
 [0,0.000148892)
 [0,0.00014919)
 [0,0.00014919)
 [0,0.000149399)
 [0,0.000149429)
 [0,0.000149548)
 [0,0.000150383)
 [0,0.000150502)
 [0,0.000150621)
 [0,0.000150859)
 [0,0.000150919)
 [0,0.000151277)
 [0,0.000151515)
 [0,0.000151992)
 [0,0.000152051)
 [0,0.00015229)
 [0,0.000152379)
 [0,0.000152469)
 [0,0.000152528)
 [0,0.000152588)
 [0,0.000153005)
 [0,0.000153005)
 [0,0.000153065)
 [0,0.000153124)
 [0,0.00015384)
 [0,0.000153899)
 [0,0.000154138)
 [0,0.000154197)
 [0,0.000154495)
 [0,0.000154555)
 [0,0.000154679)
 [0,0.000154734)
 [0,0.000155032)
 [0,0.000155091)
 [0,0.00015521)
 [0,0.00015524)
 [0,0.000155568)
 [0,0.000155628)
 [0,0.000155687)
 [0,0.000155777)
 [0,0.000155985)
 [0,0.000155985)
 [0,0.000156045)
 [0,0.000156105)
 [0,0.000156224)
 [0,0.000156552)
 [0,0.00015682)
 [0,0.000156879)
 [0,0.000157654)
 [0,0.000157744)
 [0,0.000157773)
 [0,0.00015831)
 [0,0.000158429)
 [0,0.000158548)
 [0,0.000159025)
 [0,0.000160217)
 [0,0.000160575)
 [0,0.000160873)
 [0,0.000160933)
 [0,0.000161409)
 [0,0.000161469)
 [0,0.000161529)
 [0,0.000161558)
 [0,0.000161767)
 [0,0.000162184)
 [0,0.000162393)
 [0,0.00016278)
 [0,0.000162899)
 [0,0.000163436)
 [0,0.000163615)
 [0,0.000163734)
 [0,0.000163794)
 [0,0.000163853)
 [0,0.000164151)
 [0,0.000164598)
 [0,0.000165105)
 [0,0.000165343)
 [0,0.00016588)
 [0,0.000166059)
 [0,0.000166178)
 [0,0.000166714)
 [0,0.00016731)
 [0,0.000167668)
 [0,0.000168383)
 [0,0.000168383)
 [0,0.000168562)
 [0,0.0001688)
 [0,0.0001688)
 [0,0.000169277)
 [0,0.000169277)
 [0,0.000169575)
 [0,0.000169694)
 [0,0.00017029)
 [0,0.00017035)
 [0,0.000170469)
 [0,0.000170588)
 [0,0.000170797)
 [0,0.000170946)
 [0,0.000171125)
 [0,0.000171602)
 [0,0.000171721)
 [0,0.000171721)
 [0,0.000171781)
 [0,0.000172019)
 [0,0.000172257)
 [0,0.000172496)
 [0,0.000172794)
 [0,0.000173211)
 [0,0.000173509)
 [0,0.000173748)
 [0,0.000173867)
 [0,0.000174105)
 [0,0.000174165)
 [0,0.000174403)
 [0,0.000175059)
 [0,0.000175416)
 [0,0.000175983)
 [0,0.000176072)
 [0,0.00017637)
 [0,0.000176668)
 [0,0.000177532)
 [0,0.000177562)
 [0,0.000177562)
 [0,0.000177622)
 [0,0.000177979)
 [0,0.000178218)
 [0,0.000178277)
 [0,0.000178337)
 [0,0.000178576)
 [0,0.000178695)
 [0,0.000179172)
 [0,0.000179529)
 [0,0.000179589)
 [0,0.000179589)
 [0,0.000179619)
 [0,0.000179946)
 [0,0.000180006)
 [0,0.000180185)
 [0,0.000180602)
 [0,0.000180781)
 [0,0.000180811)
 [0,0.00018096)
 [0,0.000182211)
 [0,0.000182211)
 [0,0.000182211)
 [0,0.00018245)
 [0,0.000182807)
 [0,0.000182927)
 [0,0.000182927)
 [0,0.000182986)
 [0,0.000183105)
 [0,0.000183463)
 [0,0.000183642)
 [0,0.000183761)
 [0,0.000184476)
 [0,0.000184596)
 [0,0.000184804)
 [0,0.000184953)
 [0,0.000184953)
 [0,0.000185043)
 [0,0.000185966)
 [0,0.000186682)
 [0,0.000187337)
 [0,0.000187814)
 [0,0.000187933)
 [0,0.00018841)
 [0,0.000188589)
 [0,0.000188828)
 [0,0.000189126)
 [0,0.000189185)
 [0,0.000189424)
 [0,0.000189841)
 [0,0.000190198)
 [0,0.000190377)
 [0,0.000191063)
 [0,0.000191152)
 [0,0.000191368)
 [0,0.000191391)
 [0,0.000191599)
 [0,0.000192046)
 [0,0.000192046)
 [0,0.000192225)
 [0,0.000192583)
 [0,0.000192642)
 [0,0.000192642)
 [0,0.000192702)
 [0,0.000193119)
 [0,0.000193179)
 [0,0.000193417)
 [0,0.000193417)
 [0,0.000193864)
 [0,0.00019452)
 [0,0.000194609)
 [0,0.000195146)
 [0,0.000195146)
 [0,0.000195146)
 [0,0.000195265)
 [0,0.000196218)
 [0,0.000196338)
 [0,0.000196725)
 [0,0.000196815)
 [0,0.000197232)
 [0,0.000197768)
 [0,0.000197768)
 [0,0.000197947)
 [0,0.000198185)
 [0,0.000198245)
 [0,0.00019905)
 [0,0.000199258)
 [0,0.000199378)
 [0,0.000199556)
 [0,0.000199556)
 [0,0.000199825)
 [0,0.000199854)
 [0,0.000199944)
 [0,0.000200391)
 [0,0.00020045)
 [0,0.000200918)
 [0,0.000201225)
 [0,0.000201225)
 [0,0.000201583)
 [0,0.000201642)
 [0,0.000202715)
 [0,0.000203073)
 [0,0.000203133)
 [0,0.000203371)
 [0,0.000203788)
 [0,0.000204563)
 [0,0.000204757)
 [0,0.000205457)
 [0,0.000205576)
 [0,0.000205904)
 [0,0.000207841)
 [0,0.000208706)
 [0,0.000209332)
 [0,0.00020951)
 [0,0.000209987)
 [0,0.000210255)
 [0,0.000210315)
 [0,0.000210881)
 [0,0.000210881)
 [0,0.000210881)
 [0,0.000211358)
 [0,0.000211358)
 [0,0.000211477)
 [0,0.000211537)
 [0,0.000211954)
 [0,0.000212342)
 [0,0.000212669)
 [0,0.000212908)
 [0,0.000213593)
 [0,0.00021404)
 [0,0.00021404)
 [0,0.000214219)
 [0,0.000214607)
 [0,0.000215113)
 [0,0.00021559)
 [0,0.00021565)
 [0,0.000215769)
 [0,0.000216067)
 [0,0.000216484)
 [0,0.000216484)
 [0,0.000217021)
 [0,0.000217319)
 [0,0.000218272)
 [0,0.000218987)
 [0,0.000219166)
 [0,0.000219405)
 [0,0.000219703)
 [0,0.000220269)
 [0,0.000220358)
 [0,0.000220537)
 [0,0.000220954)
 [0,0.000221908)
 [0,0.000222206)
 [0,0.000222683)
 [0,0.000222951)
 [0,0.000222981)
 [0,0.000224292)
 [0,0.000225246)
 [0,0.0002262)
 [0,0.000226676)
 [0,0.000226736)
 [0,0.000227213)
 [0,0.000227332)
 [0,0.000227451)
 [0,0.00022763)
 [0,0.000227988)
 [0,0.000228167)
 [0,0.000228167)
 [0,0.000228554)
 [0,0.000228703)
 [0,0.000229001)
 [0,0.00023061)
 [0,0.00023061)
 [0,0.000230789)
 [0,0.000230908)
 [0,0.000230908)
 [0,0.000231206)
 [0,0.000231326)
 [0,0.000231415)
 [0,0.000231922)
 [0,0.000232935)
 [0,0.000233024)
 [0,0.000233352)
 [0,0.000235319)
 [0,0.000235558)
 [0,0.000236034)
 [0,0.000236332)
 [0,0.000236571)
 [0,0.000238001)
 [0,0.000238448)
 [0,0.000239015)
 [0,0.000239134)
 [0,0.000239789)
 [0,0.000239849)
 [0,0.000239968)
 [0,0.000240028)
 [0,0.000241071)
 [0,0.000241339)
 [0,0.000242054)
 [0,0.000242293)
 [0,0.000242412)
 [0,0.000244317)
 [0,0.000244379)
 [0,0.000244498)
 [0,0.000244617)
 [0,0.000245064)
 [0,0.000245482)
 [0,0.00024581)
 [0,0.000247002)
 [0,0.00024718)
 [0,0.000247478)
 [0,0.000247478)
 [0,0.000247896)
 [0,0.000248492)
 [0,0.000248849)
 [0,0.000248909)
 [0,0.000249672)
 [0,0.000249922)
 [0,0.000250638)
 [0,0.000251055)
 [0,0.000253003)
 [0,0.000253737)
 [0,0.000253767)
 [0,0.000253767)
 [0,0.000254095)
 [0,0.000254095)
 [0,0.000254154)
 [0,0.000254333)
 [0,0.000254363)
 [0,0.000254512)
 [0,0.000254571)
 [0,0.00025475)
 [0,0.000255227)
 [0,0.000255466)
 [0,0.000255466)
 [0,0.000255525)
 [0,0.000255555)
 [0,0.000255585)
 [0,0.000255704)
 [0,0.000256062)
 [0,0.0002563)
 [0,0.000257134)
 [0,0.000257987)
 [0,0.000258207)
 [0,0.000258863)
 [0,0.000259042)
 [0,0.000259221)
 [0,0.000259399)
 [0,0.000259876)
 [0,0.000259995)
 [0,0.000259995)
 [0,0.000261426)
 [0,0.000261545)
 [0,0.000261962)
 [0,0.00026229)
 [0,0.000262678)
 [0,0.000262767)
 [0,0.000262797)
 [0,0.000262916)
 [0,0.000263065)
 [0,0.000263155)
 [0,0.000263581)
 [0,0.000263631)
 [0,0.000263751)
 [0,0.000263929)
 [0,0.000264525)
 [0,0.000265032)
 [0,0.000265121)
 [0,0.000265181)
 [0,0.000265241)
 [0,0.000265479)
 [0,0.000265956)
 [0,0.000266969)
 [0,0.000267208)
 [0,0.000267625)
 [0,0.000268042)
 [0,0.000268251)
 [0,0.000268489)
 [0,0.000269532)
 [0,0.000270963)
 [0,0.000271141)
 [0,0.000271141)
 [0,0.00027132)
 [0,0.000271708)
 [0,0.000272691)
 [0,0.00027287)
 [0,0.00027293)
 [0,0.000273108)
 [0,0.000273347)
 [0,0.00027352)
 [0,0.000274432)
 [0,0.000274539)
 [0,0.000275075)
 [0,0.000276327)
 [0,0.000276566)
 [0,0.000276983)
 [0,0.000276983)
 [0,0.000277102)
 [0,0.000277996)
 [0,0.000278264)
 [0,0.000278294)
 [0,0.000278533)
 [0,0.000279605)
 [0,0.000280082)
 [0,0.000280857)
 [0,0.000281334)
 [0,0.00028273)
 [0,0.000283718)
 [0,0.000284135)
 [0,0.000284851)
 [0,0.000285685)
 [0,0.000286341)
 [0,0.000286579)
 [0,0.000286818)
 [0,0.000289738)
 [0,0.000290319)
 [0,0.000290811)
 [0,0.000291884)
 [0,0.00029248)
 [0,0.000292748)
 [0,0.000292778)
 [0,0.000293046)
 [0,0.000293255)
 [0,0.000295788)
 [0,0.000297666)
 [0,0.000299156)
 [0,0.000299305)
 [0,0.000299782)
 [0,0.000300944)
 [0,0.00030151)
 [0,0.000301659)
 [0,0.000301719)
 [0,0.000302106)
 [0,0.000303328)
 [0,0.000303656)
 [0,0.000303656)
 [0,0.000303805)
 [0,0.00030455)
 [0,0.000305176)
 [0,0.000307441)
 [0,0.000308931)
 [0,0.00030911)
 [0,0.000309259)
 [0,0.000309825)
 [0,0.000309914)
 [0,0.000309944)
 [0,0.000310659)
 [0,0.000311375)
 [0,0.000311434)
 [0,0.000311971)
 [0,0.00031209)
 [0,0.000313461)
 [0,0.000314832)
 [0,0.000316671)
 [0,0.000317365)
 [0,0.000319332)
 [0,0.000319421)
 [0,0.000320554)
 [0,0.000321865)
 [0,0.000322789)
 [0,0.000323296)
 [0,0.000323594)
 [0,0.000323713)
 [0,0.00032482)
 [0,0.000325143)
 [0,0.000326127)
 [0,0.000327677)
 [0,0.000327885)
 [0,0.000327915)
 [0,0.000327945)
 [0,0.000328198)
 [0,0.000328839)
 [0,0.000330955)
 [0,0.000330985)
 [0,0.000331372)
 [0,0.000333041)
 [0,0.000334084)
 [0,0.000334561)
 [0,0.000335038)
 [0,0.00033626)
 [0,0.000336945)
 [0,0.000337481)
 [0,0.00033766)
 [0,0.000337958)
 [0,0.000338197)
 [0,0.000338495)
 [0,0.000338733)
 [0,0.000339985)
 [0,0.000340641)
 [0,0.000340909)
 [0,0.000341028)
 [0,0.000341237)
 [0,0.000342079)
 [0,0.000342309)
 [0,0.000343189)
 [0,0.0003436)
 [0,0.000343978)
 [0,0.000345409)
 [0,0.000345618)
 [0,0.000345647)
 [0,0.00034675)
 [0,0.000347316)
 [0,0.000347733)
 [0,0.000347972)
 [0,0.00034827)
 [0,0.000349402)
 [0,0.0003497)
 [0,0.000349727)
 [0,0.00035114)
 [0,0.000351369)
 [0,0.000351876)
 [0,0.000352502)
 [0,0.00035385)
 [0,0.000354081)
 [0,0.000354409)
 [0,0.000354946)
 [0,0.000355452)
 [0,0.000357628)
 [0,0.000359237)
 [0,0.000359356)
 [0,0.000360668)
 [0,0.000362277)
 [0,0.000362963)
 [0,0.000364542)
 [0,0.00036478)
 [0,0.000364827)
 [0,0.000365436)
 [0,0.000365704)
 [0,0.000366509)
 [0,0.00036785)
 [0,0.000369906)
 [0,0.000369936)
 [0,0.000370437)
 [0,0.000371277)
 [0,0.000371784)
 [0,0.000371784)
 [0,0.000371903)
 [0,0.000373006)
 [0,0.000373155)
 [0,0.000373304)
 [0,0.000374794)
 [0,0.000375569)
 [0,0.000375748)
 [0,0.000376135)
 [0,0.000376596)
 [0,0.000377536)
 [0,0.000377715)
 [0,0.000378698)
 [0,0.000379026)
 [0,0.000379086)
 [0,0.000380546)
 [0,0.000381291)
 [0,0.000383604)
 [0,0.000383824)
 [0,0.000384301)
 [0,0.00038451)
 [0,0.000385493)
 [0,0.000385582)
 [0,0.000385725)
 [0,0.000386596)
 [0,0.000388056)
 [0,0.000388749)
 [0,0.000389636)
 [0,0.00039021)
 [0,0.000390887)
 [0,0.000390947)
 [0,0.000391632)
 [0,0.000392079)
 [0,0.000392884)
 [0,0.000394106)
 [0,0.000394464)
 [0,0.000395596)
 [0,0.000397712)
 [0,0.000398397)
 [0,0.000398457)
 [0,0.000400603)
 [0,0.00040486)
 [0,0.000405669)
 [0,0.000406563)
 [0,0.000408232)
 [0,0.000411212)
 [0,0.000412583)
 [0,0.000414371)
 [0,0.000414789)
 [0,0.000414938)
 [0,0.000415623)
 [0,0.000415921)
 [0,0.000416398)
 [0,0.000417233)
 [0,0.000421345)
 [0,0.000422778)
 [0,0.00042665)
 [0,0.000428498)
 [0,0.000429273)
 [0,0.000432014)
 [0,0.000432491)
 [0,0.000435263)
 [0,0.000435472)
 [0,0.00043574)
 [0,0.000435783)
 [0,0.000437542)
 [0,0.000438094)
 [0,0.000438213)
 [0,0.000438273)
 [0,0.000442266)
 [0,0.000442415)
 [0,0.000442713)
 [0,0.000444561)
 [0,0.000447214)
 [0,0.00044924)
 [0,0.000451237)
 [0,0.000452876)
 [0,0.000453889)
 [0,0.000454307)
 [0,0.000455646)
 [0,0.000456809)
 [0,0.000457019)
 [0,0.000457764)
 [0,0.000459969)
 [0,0.000460982)
 [0,0.000463545)
 [0,0.000467479)
 [0,0.000468314)
 [0,0.000471204)
 [0,0.000471354)
 [0,0.000471532)
 [0,0.000472111)
 [0,0.000474572)
 [0,0.000474655)
 [0,0.000479519)
 [0,0.000480175)
 [0,0.000482053)
 [0,0.00048238)
 [0,0.000482529)
 [0,0.000483519)
 [0,0.000486523)
 [0,0.000488497)
 [0,0.000489111)
 [0,0.000489384)
 [0,0.000489563)
 [0,0.000490069)
 [0,0.00049017)
 [0,0.00049448)
 [0,0.000495374)
 [0,0.000495821)
 [0,0.000497401)
 [0,0.000497404)
 [0,0.000506431)
 [0,0.000506848)
 [0,0.000507534)
 [0,0.000508189)
 [0,0.000509262)
 [0,0.00050953)
 [0,0.000512987)
 [0,0.000513583)
 [0,0.000514963)
 [0,0.000515401)
 [0,0.000516534)
 [0,0.000516741)
 [0,0.000517905)
 [0,0.00051862)
 [0,0.000519067)
 [0,0.000519646)
 [0,0.000521719)
 [0,0.000523388)
 [0,0.000523478)
 [0,0.000524524)
 [0,0.000527531)
 [0,0.000527948)
 [0,0.000528425)
 [0,0.000528485)
 [0,0.000533035)
 [0,0.000533819)
 [0,0.000533879)
 [0,0.000535995)
 [0,0.000536015)
 [0,0.000538035)
 [0,0.000538319)
 [0,0.000540508)
 [0,0.000542521)
 [0,0.000542641)
 [0,0.000543892)
 [0,0.000544548)
 [0,0.000550717)
 [0,0.000552714)
 [0,0.000556409)
 [0,0.000557333)
 [0,0.000558019)
 [0,0.000558049)
 [0,0.00055939)
 [0,0.00056082)
 [0,0.000561476)
 [0,0.000564516)
 [0,0.000564662)
 [0,0.000565171)
 [0,0.00056535)
 [0,0.000568449)
 [0,0.000571865)
 [0,0.000572324)
 [0,0.000573337)
 [0,0.000574112)
 [0,0.000574619)
 [0,0.000575387)
 [0,0.000575456)
 [0,0.000576138)
 [0,0.000576228)
 [0,0.000580311)
 [0,0.000580676)
 [0,0.000581237)
 [0,0.000581264)
 [0,0.000582218)
 [0,0.000582518)
 [0,0.000583887)
 [0,0.000586957)
 [0,0.000588)
 [0,0.000590732)
 [0,0.000591427)
 [0,0.000591452)
 [0,0.000597149)
 [0,0.000597686)
 [0,0.000599325)
 [0,0.000599436)
 [0,0.000599801)
 [0,0.000601023)
 [0,0.000607282)
 [0,0.000608265)
 [0,0.000610948)
 [0,0.000613362)
 [0,0.000614405)
 [0,0.000615656)
 [0,0.000615925)
 [0,0.000618368)
 [0,0.000619173)
 [0,0.000622392)
 [0,0.000624567)
 [0,0.000624686)
 [0,0.000626817)
 [0,0.000628173)
 [0,0.00063175)
 [0,0.000632281)
 [0,0.000635862)
 [0,0.000639021)
 [0,0.000639915)
 [0,0.00064017)
 [0,0.000641435)
 [0,0.000643946)
 [0,0.000647701)
 [0,0.000648081)
 [0,0.000650644)
 [0,0.000657231)
 [0,0.000657648)
 [0,0.000658333)
 [0,0.000658344)
 [0,0.00065881)
 [0,0.000659943)
 [0,0.000662148)
 [0,0.000662267)
 [0,0.000662297)
 [0,0.00066328)
 [0,0.000669509)
 [0,0.000669539)
 [0,0.000673871)
 [0,0.000678152)
 [0,0.00068146)
 [0,0.000684203)
 [0,0.000689777)
 [0,0.000692636)
 [0,0.000696897)
 [0,0.000699997)
 [0,0.000703692)
 [0,0.000704786)
 [0,0.00070557)
 [0,0.000708193)
 [0,0.000709772)
 [0,0.000712407)
 [0,0.000712424)
 [0,0.000717133)
 [0,0.000718385)
 [0,0.000720739)
 [0,0.000721455)
 [0,0.000722289)
 [0,0.00072294)
 [0,0.000723587)
 [0,0.000725706)
 [0,0.000726342)
 [0,0.000729566)
 [0,0.000730413)
 [0,0.00073265)
 [0,0.000734759)
 [0,0.00073723)
 [0,0.000739339)
 [0,0.000739455)
 [0,0.000739586)
 [0,0.000744313)
 [0,0.000749894)
 [0,0.000752181)
 [0,0.000757128)
 [0,0.000759244)
 [0,0.000759423)
 [0,0.00076133)
 [0,0.000761624)
 [0,0.000763129)
 [0,0.000765801)
 [0,0.000766337)
 [0,0.000766963)
 [0,0.000772268)
 [0,0.000773102)
 [0,0.00077685)
 [0,0.000783604)
 [0,0.000784182)
 [0,0.000786386)
 [0,0.00078768)
 [0,0.000790179)
 [0,0.000792354)
 [0,0.000793248)
 [0,0.000794858)
 [0,0.000795901)
 [0,0.000797927)
 [0,0.000799328)
 [0,0.000800772)
 [0,0.000801444)
 [0,0.000802767)
 [0,0.000803992)
 [0,0.000804305)
 [0,0.000805273)
 [0,0.000805587)
 [0,0.000806093)
 [0,0.000817143)
 [0,0.000821898)
 [0,0.000824451)
 [0,0.000831446)
 [0,0.000833273)
 [0,0.000834386)
 [0,0.00083663)
 [0,0.000837505)
 [0,0.00084333)
 [0,0.000843913)
 [0,0.000846446)
 [0,0.000847913)
 [0,0.000849158)
 [0,0.000850201)
 [0,0.000852219)
 [0,0.000854045)
 [0,0.000854381)
 [0,0.000855471)
 [0,0.000860883)
 [0,0.000860989)
 [0,0.000862955)
 [0,0.000864887)
 [0,0.000867099)
 [0,0.000868345)
 [0,0.000871867)
 [0,0.000873395)
 [0,0.000876608)
 [0,0.000878811)
 [0,0.000882894)
 [0,0.000884116)
 [0,0.00089219)
 [0,0.000892609)
 [0,0.000892848)
 [0,0.00089877)
 [0,0.000900149)
 [0,0.000900209)
 [0,0.000900438)
 [0,0.000902771)
 [0,0.000903755)
 [0,0.000906763)
 [0,0.000908252)
 [0,0.000910923)
 [0,0.000912444)
 [0,0.000916162)
 [0,0.000917676)
 [0,0.000920594)
 [0,0.000920653)
 [0,0.000921756)
 [0,0.000923239)
 [0,0.00092524)
 [0,0.000926688)
 [0,0.000927508)
 [0,0.000930063)
 [0,0.000932693)
 [0,0.00093351)
 [0,0.000938743)
 [0,0.000940668)
 [0,0.000941408)
 [0,0.000949681)
 [0,0.00095021)
 [0,0.000953019)
 [0,0.000955866)
 [0,0.000962511)
 [0,0.000963092)
 [0,0.000964761)
 [0,0.000965044)
 [0,0.000969944)
 [0,0.000970336)
 [0,0.00097695)
 [0,0.000977308)
 [0,0.000977948)
 [0,0.000978911)
 [0,0.000979143)
 [0,0.000980125)
 [0,0.000981488)
 [0,0.00098377)
 [0,0.000984809)
 [0,0.000985113)
 [0,0.00099517)
 [0,0.000999328)
 [0,0.000999928)
 [0,0.00100424)
 [0,0.00100465)
 [0,0.00100585)
 [0,0.00100841)
 [0,0.00100856)
 [0,0.00101099)
 [0,0.00101157)
 [0,0.0010126)
 [0,0.00101292)
 [0,0.00101699)
 [0,0.00101794)
 [0,0.00102077)
 [0,0.00102685)
 [0,0.00102788)
 [0,0.00102812)
 [0,0.0010287)
 [0,0.00102962)
 [0,0.00103381)
 [0,0.00103516)
 [0,0.00103528)
 [0,0.00103775)
 [0,0.00104183)
 [0,0.00104331)
 [0,0.00104603)
 [0,0.00104675)
 [0,0.0010492)
 [0,0.00104986)
 [0,0.00105064)
 [0,0.00105079)
 [0,0.00105262)
 [0,0.00105769)
 [0,0.00105825)
 [0,0.00105994)
 [0,0.00106144)
 [0,0.00106687)
 [0,0.00106789)
 [0,0.00106909)
 [0,0.00107211)
 [0,0.00107272)
 [0,0.00107469)
 [0,0.001075)
 [0,0.00107623)
 [0,0.00107995)
 [0,0.00108222)
 [0,0.00108445)
 [0,0.0010854)
 [0,0.00108723)
 [0,0.00108742)
 [0,0.00108746)
 [0,0.0010897)
 [0,0.00109111)
 [0,0.00109217)
 [0,0.00109491)
 [0,0.0010997)
 [0,0.00109996)
 [0,0.00110123)
 [0,0.00110246)
 [0,0.0011062)
 [0,0.00111254)
 [0,0.00111287)
 [0,0.00111776)
 [0,0.00111815)
 [0,0.00112101)
 [0,0.00112143)
 [0,0.00112368)
 [0,0.0011237)
 [0,0.00112438)
 [0,0.00113231)
 [0,0.00113322)
 [0,0.00114161)
 [0,0.00114263)
 [0,0.0011476)
 [0,0.00115964)
 [0,0.00115994)
 [0,0.00116283)
 [0,0.001167)
 [0,0.00116794)
 [0,0.00116945)
 [0,0.00117137)
 [0,0.00117388)
 [0,0.001176)
 [0,0.00117731)
 [0,0.00117937)
 [0,0.0011826)
 [0,0.00118434)
 [0,0.00119018)
 [0,0.00119423)
 [0,0.00119695)
 [0,0.00120362)
 [0,0.00120371)
 [0,0.00120595)
 [0,0.00120734)
 [0,0.00121266)
 [0,0.00121309)
 [0,0.00121359)
 [0,0.00121362)
 [0,0.00121865)
 [0,0.0012213)
 [0,0.00122389)
 [0,0.00122538)
 [0,0.00122605)
 [0,0.00122606)
 [0,0.00122613)
 [0,0.00122932)
 [0,0.00123239)
 [0,0.00123706)
 [0,0.00123802)
 [0,0.00123812)
 [0,0.00124443)
 [0,0.00124478)
 [0,0.00125411)
 [0,0.00125546)
 [0,0.00125559)
 [0,0.00125847)
 [0,0.00125901)
 [0,0.00126194)
 [0,0.00126201)
 [0,0.00126287)
 [0,0.00126511)
 [0,0.00126547)
 [0,0.00126588)
 [0,0.00126603)
 [0,0.00126708)
 [0,0.00126966)
 [0,0.00127095)
 [0,0.00127338)
 [0,0.00127533)
 [0,0.00127695)
 [0,0.00127712)
 [0,0.00127801)
 [0,0.00129549)
 [0,0.00129936)
 [0,0.00130095)
 [0,0.00130152)
 [0,0.00130344)
 [0,0.00130373)
 [0,0.00130669)
 [0,0.00130733)
 [0,0.00130886)
 [0,0.00130907)
 [0,0.00130936)
 [0,0.00130997)
 [0,0.00131086)
 [0,0.00131219)
 [0,0.00131908)
 [0,0.0013203)
 [0,0.00132167)
 [0,0.00132268)
 [0,0.00132349)
 [0,0.00132709)
 [0,0.00132978)
 [0,0.00133246)
 [0,0.00133258)
 [0,0.00133272)
 [0,0.00133347)
 [0,0.00133392)
 [0,0.00133461)
 [0,0.00133865)
 [0,0.001344)
 [0,0.00134622)
 [0,0.00134838)
 [0,0.00134862)
 [0,0.0013496)
 [0,0.00134997)
 [0,0.00135235)
 [0,0.00135278)
 [0,0.00135766)
 [0,0.00135821)
 [0,0.00135913)
 [0,0.00136015)
 [0,0.00136669)
 [0,0.00136758)
 [0,0.00136938)
 [0,0.00137403)
 [0,0.00137549)
 [0,0.00137609)
 [0,0.00137753)
 [0,0.00138292)
 [0,0.00138311)
 [0,0.00138426)
 [0,0.00138613)
 [0,0.00138863)
 [0,0.00138932)
 [0,0.00139138)
 [0,0.00139256)
 [0,0.00139487)
 [0,0.00140211)
 [0,0.00141049)
 [0,0.00141641)
 [0,0.00142049)
 [0,0.0014233)
 [0,0.00142634)
 [0,0.0014289)
 [0,0.0014313)
 [0,0.00143364)
 [0,0.00143972)
 [0,0.00143985)
 [0,0.00144215)
 [0,0.00144605)
 [0,0.00144752)
 [0,0.00145513)
 [0,0.00145647)
 [0,0.00146113)
 [0,0.00146127)
 [0,0.00146348)
 [0,0.00146503)
 [0,0.00146617)
 [0,0.00147572)
 [0,0.00147861)
 [0,0.00148166)
 [0,0.00148208)
 [0,0.0014849)
 [0,0.00148683)
 [0,0.00148687)
 [0,0.00148783)
 [0,0.0014888)
 [0,0.00149341)
 [0,0.00149579)
 [0,0.0014961)
 [0,0.00149706)
 [0,0.00150102)
 [0,0.00150137)
 [0,0.001502)
 [0,0.00150639)
 [0,0.00150688)
 [0,0.00150844)
 [0,0.0015089)
 [0,0.00151072)
 [0,0.00151528)
 [0,0.0015159)
 [0,0.00152013)
 [0,0.0015204)
 [0,0.00152561)
 [0,0.0015257)
 [0,0.00152913)
 [0,0.00153173)
 [0,0.00153225)
 [0,0.00154009)
 [0,0.00154503)
 [0,0.00154614)
 [0,0.00154829)
 [0,0.00155044)
 [0,0.00155251)
 [0,0.00155532)
 [0,0.00155648)
 [0,0.00155663)
 [0,0.00155816)
 [0,0.00156022)
 [0,0.00156069)
 [0,0.00156087)
 [0,0.00156129)
 [0,0.00156173)
 [0,0.0015637)
 [0,0.00156551)
 [0,0.0015682)
 [0,0.00157412)
 [0,0.00157526)
 [0,0.00157686)
 [0,0.00157784)
 [0,0.0015792)
 [0,0.00158364)
 [0,0.0015843)
 [0,0.00158771)
 [0,0.00158792)
 [0,0.00159285)
 [0,0.00160246)
 [0,0.00160297)
 [0,0.00160467)
 [0,0.00160862)
 [0,0.00160926)
 [0,0.00161287)
 [0,0.00161521)
 [0,0.00162002)
 [0,0.00162074)
 [0,0.00162249)
 [0,0.00162606)
 [0,0.0016264)
 [0,0.00162959)
 [0,0.0016306)
 [0,0.00163102)
 [0,0.00163348)
 [0,0.00163469)
 [0,0.00163766)
 [0,0.00164076)
 [0,0.00164911)
 [0,0.00165461)
 [0,0.00165589)
 [0,0.00165601)
 [0,0.00165627)
 [0,0.00165868)
 [0,0.0016601)
 [0,0.00166223)
 [0,0.00166224)
 [0,0.00166741)
 [0,0.00166909)
 [0,0.00166938)
 [0,0.00167352)
 [0,0.00167636)
 [0,0.00167962)
 [0,0.00168001)
 [0,0.00168101)
 [0,0.00168337)
 [0,0.00168689)
 [0,0.00168758)
 [0,0.00168941)
 [0,0.00169144)
 [0,0.00169723)
 [0,0.0016976)
 [0,0.00169788)
 [0,0.0016983)
 [0,0.0016989)
 [0,0.00169925)
 [0,0.00170016)
 [0,0.00170306)
 [0,0.00170671)
 [0,0.00170687)
 [0,0.0017098)
 [0,0.00171022)
 [0,0.00171578)
 [0,0.0017165)
 [0,0.00171934)
 [0,0.0017212)
 [0,0.00172567)
 [0,0.00172587)
 [0,0.0017259)
 [0,0.00172769)
 [0,0.0017306)
 [0,0.00173805)
 [0,0.00173933)
 [0,0.00174016)
 [0,0.00174084)
 [0,0.00174087)
 [0,0.00174153)
 [0,0.00174163)
 [0,0.00174509)
 [0,0.00174705)
 [0,0.00174997)
 [0,0.00175285)
 [0,0.00175484)
 [0,0.0017559)
 [0,0.00175618)
 [0,0.00175664)
 [0,0.00175674)
 [0,0.00176401)
 [0,0.00176424)
 [0,0.00176444)
 [0,0.00176526)
 [0,0.00176654)
 [0,0.00176842)
 [0,0.00177105)
 [0,0.00177343)
 [0,0.00177395)
 [0,0.00177535)
 [0,0.00177905)
 [0,0.00177924)
 [0,0.00177955)
 [0,0.00178028)
 [0,0.00178067)
 [0,0.00178285)
 [0,0.00178297)
 [0,0.00178445)
 [0,0.00178535)
 [0,0.00178544)
 [0,0.00178783)
 [0,0.00179096)
 [0,0.00179219)
 [0,0.00179233)
 [0,0.0017963)
 [0,0.00179913)
 [0,0.00180474)
 [0,0.00180784)
 [0,0.0018091)
 [0,0.00181217)
 [0,0.00181481)
 [0,0.00181647)
 [0,0.0018199)
 [0,0.00182292)
 [0,0.00183128)
 [0,0.00183136)
 [0,0.00183184)
 [0,0.00183549)
 [0,0.00183821)
 [0,0.00184014)
 [0,0.00184477)
 [0,0.00184702)
 [0,0.00185353)
 [0,0.00185593)
 [0,0.00186784)
 [0,0.00187265)
 [0,0.00187351)
 [0,0.00187385)
 [0,0.00187761)
 [0,0.00187831)
 [0,0.00187916)
 [0,0.00188111)
 [0,0.00188285)
 [0,0.00188321)
 [0,0.00188855)
 [0,0.00188958)
 [0,0.00189015)
 [0,0.00189177)
 [0,0.00189245)
 [0,0.00189253)
 [0,0.00189378)
 [0,0.00189626)
 [0,0.00189733)
 [0,0.001899)
 [0,0.00189962)
 [0,0.00189975)
 [0,0.00190203)
 [0,0.00190873)
 [0,0.00190927)
 [0,0.00191524)
 [0,0.00191554)
 [0,0.00191662)
 [0,0.00191844)
 [0,0.00191896)
 [0,0.00192005)
 [0,0.00192208)
 [0,0.00192357)
 [0,0.00192386)
 [0,0.00192412)
 [0,0.00192427)
 [0,0.0019252)
 [0,0.00192676)
 [0,0.00192892)
 [0,0.0019328)
 [0,0.00193394)
 [0,0.00194127)
 [0,0.00194384)
 [0,0.00194647)
 [0,0.00194845)
 [0,0.00195197)
 [0,0.00195763)
 [0,0.00195914)
 [0,0.00196326)
 [0,0.00196384)
 [0,0.00196568)
 [0,0.0019666)
 [0,0.0019715)
 [0,0.00197237)
 [0,0.00197252)
 [0,0.00197598)
 [0,0.00197616)
 [0,0.00198092)
 [0,0.00198134)
 [0,0.0019835)
 [0,0.0019842)
 [0,0.00198947)
 [0,0.00199124)
 [0,0.00199237)
 [0,0.00199367)
 [0,0.00199401)
 [0,0.00199787)
 [0,0.00200287)
 [0,0.00200793)
 [0,0.00200821)
 [0,0.00200835)
 [0,0.00200999)
 [0,0.00201242)
 [0,0.00201315)
 [0,0.00201809)
 [0,0.00202295)
 [0,0.0020254)
 [0,0.00202551)
 [0,0.00202655)
 [0,0.00202798)
 [0,0.00203261)
 [0,0.00203411)
 [0,0.00203955)
 [0,0.00203981)
 [0,0.00204043)
 [0,0.00204078)
 [0,0.00204422)
 [0,0.00204551)
 [0,0.00205084)
 [0,0.0020521)
 [0,0.00205311)
 [0,0.00205448)
 [0,0.0020554)
 [0,0.00205576)
 [0,0.00205821)
 [0,0.00205982)
 [0,0.00206947)
 [0,0.00206977)
 [0,0.00207018)
 [0,0.00207089)
 [0,0.0020722)
 [0,0.00207278)
 [0,0.00207318)
 [0,0.00207363)
 [0,0.00207711)
 [0,0.00207969)
 [0,0.00208009)
 [0,0.0020801)
 [0,0.0020825)
 [0,0.00208387)
 [0,0.00208412)
 [0,0.00208474)
 [0,0.00208479)
 [0,0.00208939)
 [0,0.00209076)
 [0,0.00209276)
 [0,0.00209636)
 [0,0.00209715)
 [0,0.00209957)
 [0,0.00210394)
 [0,0.00210471)
 [0,0.00210782)
 [0,0.00211337)
 [0,0.00211705)
 [0,0.00211876)
 [0,0.00212282)
 [0,0.00212516)
 [0,0.00212781)
 [0,0.00212784)
 [0,0.00212827)
 [0,0.00212898)
 [0,0.00213155)
 [0,0.00213206)
 [0,0.00213272)
 [0,0.00213758)
 [0,0.00213777)
 [0,0.00213905)
 [0,0.00214175)
 [0,0.00214257)
 [0,0.00214583)
 [0,0.00214613)
 [0,0.00214905)
 [0,0.00215013)
 [0,0.00215519)
 [0,0.00215823)
 [0,0.00215971)
 [0,0.00215985)
 [0,0.00216292)
 [0,0.00216531)
 [0,0.00216839)
 [0,0.00216989)
 [0,0.00217512)
 [0,0.00217655)
 [0,0.00218137)
 [0,0.00218439)
 [0,0.00218559)
 [0,0.00218748)
 [0,0.00218765)
 [0,0.00218863)
 [0,0.00218996)
 [0,0.00219226)
 [0,0.0021929)
 [0,0.00219306)
 [0,0.00219316)
 [0,0.00219372)
 [0,0.00219556)
 [0,0.00219614)
 [0,0.00219823)
 [0,0.00219847)
 [0,0.00219848)
 [0,0.00220228)
 [0,0.00220253)
 [0,0.00220289)
 [0,0.00221136)
 [0,0.00221196)
 [0,0.00221217)
 [0,0.00221327)
 [0,0.00221867)
 [0,0.00222018)
 [0,0.00222156)
 [0,0.00222226)
 [0,0.00222243)
 [0,0.0022247)
 [0,0.00222567)
 [0,0.002228)
 [0,0.0022292)
 [0,0.00223023)
 [0,0.00223094)
 [0,0.00223183)
 [0,0.0022332)
 [0,0.00223383)
 [0,0.00223657)
 [0,0.00223707)
 [0,0.00223773)
 [0,0.00223848)
 [0,0.00223933)
 [0,0.00223985)
 [0,0.00224012)
 [0,0.00224285)
 [0,0.00224315)
 [0,0.00224369)
 [0,0.00225354)
 [0,0.00225365)
 [0,0.00225643)
 [0,0.00225774)
 [0,0.0022596)
 [0,0.00226388)
 [0,0.00226459)
 [0,0.0022667)
 [0,0.00226773)
 [0,0.00227259)
 [0,0.00227368)
 [0,0.00227404)
 [0,0.00227432)
 [0,0.00227553)
 [0,0.00228299)
 [0,0.00228621)
 [0,0.00228949)
 [0,0.00229386)
 [0,0.00229476)
 [0,0.00230322)
 [0,0.00230531)
 [0,0.00230555)
 [0,0.00230795)
 [0,0.0023103)
 [0,0.00231249)
 [0,0.00231324)
 [0,0.00231519)
 [0,0.00232092)
 [0,0.00232167)
 [0,0.00232387)
 [0,0.00232433)
 [0,0.00232478)
 [0,0.00232827)
 [0,0.00232839)
 [0,0.00232923)
 [0,0.00233052)
 [0,0.00233193)
 [0,0.0023325)
 [0,0.00233612)
 [0,0.00233874)
 [0,0.00234171)
 [0,0.00234185)
 [0,0.00234264)
 [0,0.00234285)
 [0,0.00234623)
 [0,0.00234944)
 [0,0.00235463)
 [0,0.00235534)
 [0,0.00235577)
 [0,0.00235652)
 [0,0.0023574)
 [0,0.00235747)
 [0,0.00235989)
 [0,0.00236778)
 [0,0.002371)
 [0,0.0023726)
 [0,0.00238175)
 [0,0.00238259)
 [0,0.00238556)
 [0,0.00238775)
 [0,0.00238804)
 [0,0.00238937)
 [0,0.00239444)
 [0,0.00239541)
 [0,0.00239557)
 [0,0.00239597)
 [0,0.00239803)
 [0,0.00239821)
 [0,0.00240411)
 [0,0.00240463)
 [0,0.00240481)
 [0,0.00240754)
 [0,0.00240836)
 [0,0.00241396)
 [0,0.00242691)
 [0,0.00242729)
 [0,0.00242843)
 [0,0.00243285)
 [0,0.00243608)
 [0,0.0024366)
 [0,0.00243861)
 [0,0.00244008)
 [0,0.00244392)
 [0,0.00244394)
 [0,0.00244532)
 [0,0.00244714)
 [0,0.00244769)
 [0,0.00244808)
 [0,0.00245461)
 [0,0.00245795)
 [0,0.00245896)
 [0,0.00245999)
 [0,0.00246108)
 [0,0.00246533)
 [0,0.00246884)
 [0,0.00247074)
 [0,0.00247075)
 [0,0.00247226)
 [0,0.0024725)
 [0,0.00247653)
 [0,0.00247932)
 [0,0.0024809)
 [0,0.00248335)
 [0,0.00248479)
 [0,0.00248694)
 [0,0.00248775)
 [0,0.00248802)
 [0,0.00249166)
 [0,0.00249285)
 [0,0.00249298)
 [0,0.00249498)
 [0,0.00249661)
 [0,0.00249697)
 [0,0.00249809)
 [0,0.00249884)
 [0,0.00250045)
 [0,0.00250158)
 [0,0.00250181)
 [0,0.00250448)
 [0,0.00250564)
 [0,0.00251068)
 [0,0.00251252)
 [0,0.0025137)
 [0,0.00251421)
 [0,0.00251933)
 [0,0.00252252)
 [0,0.00252283)
 [0,0.00252293)
 [0,0.00252583)
 [0,0.00253044)
 [0,0.00253353)
 [0,0.00253476)
 [0,0.00253582)
 [0,0.00253583)
 [0,0.00253632)
 [0,0.00253861)
 [0,0.00254075)
 [0,0.00254099)
 [0,0.00254718)
 [0,0.00254732)
 [0,0.00255141)
 [0,0.00255265)
 [0,0.00255569)
 [0,0.0025571)
 [0,0.00256226)
 [0,0.00256288)
 [0,0.00256318)
 [0,0.00256422)
 [0,0.0025649)
 [0,0.00256739)
 [0,0.00256881)
 [0,0.00257081)
 [0,0.00257617)
 [0,0.00257737)
 [0,0.00257803)
 [0,0.00258087)
 [0,0.00258265)
 [0,0.00258381)
 [0,0.00258764)
 [0,0.00258915)
 [0,0.00259162)
 [0,0.00259176)
 [0,0.00259255)
 [0,0.00259346)
 [0,0.00259439)
 [0,0.00260165)
 [0,0.00260224)
 [0,0.00260331)
 [0,0.00260417)
 [0,0.00260554)
 [0,0.00260556)
 [0,0.0026061)
 [0,0.00260785)
 [0,0.00260867)
 [0,0.00261161)
 [0,0.00261302)
 [0,0.00261302)
 [0,0.00261904)
 [0,0.00262266)
 [0,0.00262516)
 [0,0.00262523)
 [0,0.00262697)
 [0,0.00262962)
 [0,0.00262972)
 [0,0.00263033)
 [0,0.0026351)
 [0,0.00264023)
 [0,0.00264305)
 [0,0.00264314)
 [0,0.00264338)
 [0,0.00264596)
 [0,0.00264671)
 [0,0.00264851)
 [0,0.00265496)
 [0,0.00265709)
 [0,0.00266121)
 [0,0.00266398)
 [0,0.00266403)
 [0,0.00266735)
 [0,0.00267031)
 [0,0.00267042)
 [0,0.0026708)
 [0,0.00267364)
 [0,0.00267737)
 [0,0.00267796)
 [0,0.0026796)
 [0,0.00267991)
 [0,0.0026815)
 [0,0.00268206)
 [0,0.00268389)
 [0,0.00268456)
 [0,0.00268746)
 [0,0.00268806)
 [0,0.00268824)
 [0,0.00268846)
 [0,0.00268913)
 [0,0.00268919)
 [0,0.00269302)
 [0,0.00269347)
 [0,0.00269459)
 [0,0.0026946)
 [0,0.00269604)
 [0,0.00269648)
 [0,0.00269763)
 [0,0.00270161)
 [0,0.00270161)
 [0,0.0027029)
 [0,0.00270338)
 [0,0.00270448)
 [0,0.00270671)
 [0,0.0027103)
 [0,0.00271044)
 [0,0.00271062)
 [0,0.00271356)
 [0,0.00271529)
 [0,0.00271686)
 [0,0.00272211)
 [0,0.00272344)
 [0,0.00272659)
 [0,0.00272762)
 [0,0.0027277)
 [0,0.00273052)
 [0,0.00273089)
 [0,0.00273183)
 [0,0.00273352)
 [0,0.00273519)
 [0,0.00273667)
 [0,0.00273806)
 [0,0.00273943)
 [0,0.00273957)
 [0,0.00274164)
 [0,0.00274293)
 [0,0.00274347)
 [0,0.00274515)
 [0,0.00274553)
 [0,0.00274571)
 [0,0.0027505)
 [0,0.00275417)
 [0,0.00275712)
 [0,0.00275729)
 [0,0.00276522)
 [0,0.00276602)
 [0,0.00276778)
 [0,0.00277201)
 [0,0.00277492)
 [0,0.00277678)
 [0,0.00277683)
 [0,0.00277712)
 [0,0.00278583)
 [0,0.00278695)
 [0,0.00278697)
 [0,0.00278805)
 [0,0.00279001)
 [0,0.00279056)
 [0,0.00279369)
 [0,0.00279477)
 [0,0.00279511)
 [0,0.00279586)
 [0,0.00279626)
 [0,0.00280321)
 [0,0.00280415)
 [0,0.00280778)
 [0,0.00281089)
 [0,0.00281101)
 [0,0.00281339)
 [0,0.00281561)
 [0,0.00281817)
 [0,0.00281846)
 [0,0.00282199)
 [0,0.0028242)
 [0,0.00282507)
 [0,0.00282934)
 [0,0.00283036)
 [0,0.0028343)
 [0,0.00283547)
 [0,0.00283725)
 [0,0.00283855)
 [0,0.00283949)
 [0,0.00283951)
 [0,0.00284376)
 [0,0.00284633)
 [0,0.00284707)
 [0,0.00284787)
 [0,0.00285402)
 [0,0.00285788)
 [0,0.00286017)
 [0,0.00286251)
 [0,0.00286281)
 [0,0.00286466)
 [0,0.0028647)
 [0,0.00286588)
 [0,0.00286604)
 [0,0.00286771)
 [0,0.00288105)
 [0,0.0028861)
 [0,0.00288836)
 [0,0.00289016)
 [0,0.00289222)
 [0,0.00289878)
 [0,0.00290017)
 [0,0.00290163)
 [0,0.00290364)
 [0,0.00290426)
 [0,0.00290568)
 [0,0.00290609)
 [0,0.00290725)
 [0,0.00290874)
 [0,0.00291053)
 [0,0.00291362)
 [0,0.00291468)
 [0,0.00291951)
 [0,0.00292148)
 [0,0.00292235)
 [0,0.0029226)
 [0,0.00292394)
 [0,0.00292512)
 [0,0.0029254)
 [0,0.00292815)
 [0,0.00292869)
 [0,0.00293523)
 [0,0.00293644)
 [0,0.00293881)
 [0,0.00294185)
 [0,0.00294414)
 [0,0.00294445)
 [0,0.00294608)
 [0,0.00294609)
 [0,0.00294754)
 [0,0.00294784)
 [0,0.00294871)
 [0,0.002953)
 [0,0.00295365)
 [0,0.00295868)
 [0,0.00295881)
 [0,0.00296177)
 [0,0.00296209)
 [0,0.00296278)
 [0,0.00296946)
 [0,0.00296973)
 [0,0.00297063)
 [0,0.00297108)
 [0,0.00297325)
 [0,0.00297344)
 [0,0.00297628)
 [0,0.00297983)
 [0,0.00298006)
 [0,0.00298051)
 [0,0.00298244)
 [0,0.0029843)
 [0,0.00298744)
 [0,0.00298886)
 [0,0.0029914)
 [0,0.00299614)
 [0,0.0029966)
 [0,0.00300444)
 [0,0.00300484)
 [0,0.00300781)
 [0,0.00301008)
 [0,0.00301089)
 [0,0.00301137)
 [0,0.00301239)
 [0,0.00301284)
 [0,0.00301372)
 [0,0.00301593)
 [0,0.00301839)
 [0,0.00301914)
 [0,0.00302288)
 [0,0.00302307)
 [0,0.00303169)
 [0,0.00303367)
 [0,0.0030338)
 [0,0.00303472)
 [0,0.00303791)
 [0,0.00303833)
 [0,0.00304353)
 [0,0.00304601)
 [0,0.00304665)
 [0,0.00304762)
 [0,0.00305142)
 [0,0.00305315)
 [0,0.00305374)
 [0,0.00305768)
 [0,0.00305827)
 [0,0.00306114)
 [0,0.00306232)
 [0,0.0030627)
 [0,0.00306301)
 [0,0.00306368)
 [0,0.0030646)
 [0,0.00306761)
 [0,0.00306768)
 [0,0.0030693)
 [0,0.00306936)
 [0,0.00307221)
 [0,0.00307323)
 [0,0.00307406)
 [0,0.003075)
 [0,0.00308025)
 [0,0.00308146)
 [0,0.0030821)
 [0,0.00308264)
 [0,0.00308403)
 [0,0.00308461)
 [0,0.00308583)
 [0,0.00308728)
 [0,0.00308806)
 [0,0.00308893)
 [0,0.00309207)
 [0,0.00309673)
 [0,0.00310028)
 [0,0.00310049)
 [0,0.0031014)
 [0,0.00310295)
 [0,0.00310295)
 [0,0.00310311)
 [0,0.0031048)
 [0,0.00310618)
 [0,0.00310767)
 [0,0.00311377)
 [0,0.00311429)
 [0,0.00311431)
 [0,0.0031165)
 [0,0.00311739)
 [0,0.00311763)
 [0,0.00312081)
 [0,0.00312084)
 [0,0.00312123)
 [0,0.00312375)
 [0,0.00312395)
 [0,0.00312545)
 [0,0.00313201)
 [0,0.003133)
 [0,0.00313323)
 [0,0.00313447)
 [0,0.00313623)
 [0,0.00314671)
 [0,0.0031485)
 [0,0.00314983)
 [0,0.00315033)
 [0,0.00315312)
 [0,0.00315826)
 [0,0.00316106)
 [0,0.0031627)
 [0,0.00316711)
 [0,0.00316798)
 [0,0.00316973)
 [0,0.00317174)
 [0,0.00317591)
 [0,0.00317887)
 [0,0.00318483)
 [0,0.0031879)
 [0,0.00318901)
 [0,0.00319207)
 [0,0.00319809)
 [0,0.00319827)
 [0,0.00320172)
 [0,0.00320208)
 [0,0.00320268)
 [0,0.00320334)
 [0,0.00320488)
 [0,0.00320499)
 [0,0.00320554)
 [0,0.00320592)
 [0,0.00320741)
 [0,0.00321562)
 [0,0.00321695)
 [0,0.00321882)
 [0,0.00321886)
 [0,0.00322503)
 [0,0.00322536)
 [0,0.00322658)
 [0,0.00323072)
 [0,0.00323536)
 [0,0.00323626)
 [0,0.00324061)
 [0,0.00324277)
 [0,0.00324449)
 [0,0.00325346)
 [0,0.00325435)
 [0,0.00326785)
 [0,0.00326888)
 [0,0.00327005)
 [0,0.00327157)
 [0,0.00327264)
 [0,0.00327334)
 [0,0.00327391)
 [0,0.00327451)
 [0,0.00327462)
 [0,0.00327828)
 [0,0.00328618)
 [0,0.00328723)
 [0,0.00329011)
 [0,0.00329102)
 [0,0.00329209)
 [0,0.00329315)
 [0,0.00330157)
 [0,0.003302)
 [0,0.00330552)
 [0,0.00330617)
 [0,0.00330645)
 [0,0.00331166)
 [0,0.00331232)
 [0,0.0033133)
 [0,0.00331738)
 [0,0.00331833)
 [0,0.00332027)
 [0,0.00332133)
 [0,0.00332164)
 [0,0.00332192)
 [0,0.0033221)
 [0,0.00332742)
 [0,0.00332796)
 [0,0.00333339)
 [0,0.00334011)
 [0,0.00334085)
 [0,0.0033419)
 [0,0.00334198)
 [0,0.00334428)
 [0,0.0033448)
 [0,0.00334513)
 [0,0.0033452)
 [0,0.00334698)
 [0,0.00334831)
 [0,0.00334853)
 [0,0.00334937)
 [0,0.0033507)
 [0,0.00335407)
 [0,0.00335415)
 [0,0.00335431)
 [0,0.00335781)
 [0,0.00335854)
 [0,0.00336163)
 [0,0.00336298)
 [0,0.00336587)
 [0,0.00336772)
 [0,0.00337021)
 [0,0.0033707)
 [0,0.00337129)
 [0,0.00337279)
 [0,0.00337695)
 [0,0.00337776)
 [0,0.00337891)
 [0,0.00337941)
 [0,0.00337977)
 [0,0.00338168)
 [0,0.00338688)
 [0,0.00338996)
 [0,0.00339001)
 [0,0.00339032)
 [0,0.00339485)
 [0,0.00339499)
 [0,0.00339871)
 [0,0.0033993)
 [0,0.00340253)
 [0,0.00340346)
 [0,0.00340385)
 [0,0.00340675)
 [0,0.0034077)
 [0,0.00340826)
 [0,0.00340948)
 [0,0.00341047)
 [0,0.00341384)
 [0,0.00341436)
 [0,0.00341688)
 [0,0.00341937)
 [0,0.00342045)
 [0,0.00342166)
 [0,0.00342209)
 [0,0.00342304)
 [0,0.00342411)
 [0,0.00342545)
 [0,0.00342717)
 [0,0.00342725)
 [0,0.00342727)
 [0,0.00343151)
 [0,0.00343345)
 [0,0.00343479)
 [0,0.00343585)
 [0,0.00344066)
 [0,0.00344133)
 [0,0.00344213)
 [0,0.00344725)
 [0,0.00345031)
 [0,0.00345134)
 [0,0.00345174)
 [0,0.00345276)
 [0,0.00345583)
 [0,0.00345725)
 [0,0.00345927)
 [0,0.00346413)
 [0,0.00346857)
 [0,0.00346872)
 [0,0.0034694)
 [0,0.00346992)
 [0,0.00347264)
 [0,0.00347289)
 [0,0.00347322)
 [0,0.00347687)
 [0,0.00347687)
 [0,0.00347731)
 [0,0.00347988)
 [0,0.00348314)
 [0,0.00348516)
 [0,0.00348575)
 [0,0.00348591)
 [0,0.00348948)
 [0,0.00349196)
 [0,0.00349303)
 [0,0.00349601)
 [0,0.00349856)
 [0,0.00349874)
 [0,0.00350008)
 [0,0.00350382)
 [0,0.00350528)
 [0,0.00350578)
 [0,0.00350667)
 [0,0.00350762)
 [0,0.00351061)
 [0,0.00351208)
 [0,0.00351256)
 [0,0.00351368)
 [0,0.00351587)
 [0,0.00351901)
 [0,0.0035199)
 [0,0.00352394)
 [0,0.00352783)
 [0,0.00352938)
 [0,0.00353026)
 [0,0.00353062)
 [0,0.00353166)
 [0,0.00353167)
 [0,0.00353323)
 [0,0.00353499)
 [0,0.00353658)
 [0,0.00354663)
 [0,0.00354822)
 [0,0.00354902)
 [0,0.00355181)
 [0,0.00355254)
 [0,0.00355384)
 [0,0.00355654)
 [0,0.00355772)
 [0,0.00356031)
 [0,0.00356586)
 [0,0.00356608)
 [0,0.00356634)
 [0,0.00356853)
 [0,0.00357196)
 [0,0.00357455)
 [0,0.00357509)
 [0,0.00357711)
 [0,0.0035802)
 [0,0.0035807)
 [0,0.00358599)
 [0,0.00358626)
 [0,0.00358739)
 [0,0.00358914)
 [0,0.00358954)
 [0,0.00359237)
 [0,0.00359447)
 [0,0.00360016)
 [0,0.00360419)
 [0,0.0036045)
 [0,0.00360742)
 [0,0.00360743)
 [0,0.00360987)
 [0,0.00361188)
 [0,0.00361279)
 [0,0.00361336)
 [0,0.0036136)
 [0,0.00361586)
 [0,0.00361595)
 [0,0.00361925)
 [0,0.0036194)
 [0,0.00362177)
 [0,0.0036228)
 [0,0.00362612)
 [0,0.00363142)
 [0,0.00363201)
 [0,0.00363335)
 [0,0.00363403)
 [0,0.00364179)
 [0,0.00364294)
 [0,0.00364817)
 [0,0.00365097)
 [0,0.00365387)
 [0,0.00365401)
 [0,0.00365587)
 [0,0.00365665)
 [0,0.00366113)
 [0,0.00366254)
 [0,0.00366413)
 [0,0.00367487)
 [0,0.00367609)
 [0,0.00367637)
 [0,0.00367854)
 [0,0.00367991)
 [0,0.00368075)
 [0,0.00368116)
 [0,0.00368158)
 [0,0.00368568)
 [0,0.00368819)
 [0,0.00368963)
 [0,0.00369068)
 [0,0.00369072)
 [0,0.00369315)
 [0,0.0036972)
 [0,0.00369748)
 [0,0.00369812)
 [0,0.00370008)
 [0,0.00370427)
 [0,0.00370674)
 [0,0.00370937)
 [0,0.0037102)
 [0,0.00371123)
 [0,0.00371284)
 [0,0.00371391)
 [0,0.00371747)
 [0,0.00372032)
 [0,0.00372107)
 [0,0.00372269)
 [0,0.00372274)
 [0,0.00372598)
 [0,0.00372671)
 [0,0.00372752)
 [0,0.00372784)
 [0,0.0037323)
 [0,0.00373265)
 [0,0.00373606)
 [0,0.00374051)
 [0,0.00374282)
 [0,0.00374294)
 [0,0.00374423)
 [0,0.00374434)
 [0,0.003745)
 [0,0.0037472)
 [0,0.00374807)
 [0,0.00374916)
 [0,0.00375839)
 [0,0.00376204)
 [0,0.00376374)
 [0,0.00376938)
 [0,0.00376947)
 [0,0.00377014)
 [0,0.00377311)
 [0,0.00377362)
 [0,0.00377437)
 [0,0.00377438)
 [0,0.00378044)
 [0,0.00378216)
 [0,0.00378624)
 [0,0.00379234)
 [0,0.00379766)
 [0,0.00379785)
 [0,0.00380135)
 [0,0.00380714)
 [0,0.0038081)
 [0,0.00380969)
 [0,0.00381058)
 [0,0.00381326)
 [0,0.00381945)
 [0,0.00382703)
 [0,0.00382764)
 [0,0.00382815)
 [0,0.00382942)
 [0,0.00383478)
 [0,0.00383489)
 [0,0.00383686)
 [0,0.00384027)
 [0,0.00384251)
 [0,0.00384296)
 [0,0.00384354)
 [0,0.00384494)
 [0,0.0038538)
 [0,0.00385496)
 [0,0.00385657)
 [0,0.0038673)
 [0,0.0038686)
 [0,0.0038698)
 [0,0.00387173)
 [0,0.00387394)
 [0,0.00387458)
 [0,0.00388062)
 [0,0.00388155)
 [0,0.00388321)
 [0,0.00388531)
 [0,0.0038881)
 [0,0.00389444)
 [0,0.00389569)
 [0,0.00389636)
 [0,0.00389744)
 [0,0.00390018)
 [0,0.00390108)
 [0,0.00390148)
 [0,0.00390187)
 [0,0.00390949)
 [0,0.00391121)
 [0,0.00391207)
 [0,0.00391449)
 [0,0.0039156)
 [0,0.0039195)
 [0,0.00392187)
 [0,0.00392217)
 [0,0.00393037)
 [0,0.00393336)
 [0,0.00393526)
 [0,0.00393698)
 [0,0.00393699)
 [0,0.0039392)
 [0,0.00393976)
 [0,0.00394144)
 [0,0.00394289)
 [0,0.00394351)
 [0,0.00395234)
 [0,0.00395361)
 [0,0.00395599)
 [0,0.00395704)
 [0,0.00395815)
 [0,0.00395918)
 [0,0.00396575)
 [0,0.00396635)
 [0,0.00396819)
 [0,0.00397113)
 [0,0.00397197)
 [0,0.00397317)
 [0,0.00397469)
 [0,0.00398305)
 [0,0.00398363)
 [0,0.00398368)
 [0,0.00398969)
 [0,0.00399048)
 [0,0.00399517)
 [0,0.00399847)
 [0,0.0039985)
 [0,0.00399969)
 [0,0.00400056)
 [0,0.00400126)
 [0,0.00400218)
 [0,0.0040039)
 [0,0.00400581)
 [0,0.00400758)
 [0,0.00400862)
 [0,0.00400995)
 [0,0.00401057)
 [0,0.00401238)
 [0,0.00401259)
 [0,0.00401473)
 [0,0.00402408)
 [0,0.00402452)
 [0,0.00402461)
 [0,0.00402845)
 [0,0.00403555)
 [0,0.00403731)
 [0,0.00403884)
 [0,0.00403961)
 [0,0.00404194)
 [0,0.00404506)
 [0,0.00404805)
 [0,0.00405061)
 [0,0.00405078)
 [0,0.00405164)
 [0,0.00405284)
 [0,0.00405706)
 [0,0.00405732)
 [0,0.00405733)
 [0,0.00406978)
 [0,0.00407169)
 [0,0.00407662)
 [0,0.00407796)
 [0,0.00408829)
 [0,0.00408919)
 [0,0.00409198)
 [0,0.00409311)
 [0,0.004094)
 [0,0.00409405)
 [0,0.00409617)
 [0,0.00409749)
 [0,0.00409947)
 [0,0.00410111)
 [0,0.00410149)
 [0,0.00410243)
 [0,0.00410395)
 [0,0.00410498)
 [0,0.00410664)
 [0,0.00410728)
 [0,0.00411274)
 [0,0.00411328)
 [0,0.00411494)
 [0,0.0041166)
 [0,0.00411949)
 [0,0.00412853)
 [0,0.00413152)
 [0,0.00413555)
 [0,0.00413765)
 [0,0.00413801)
 [0,0.00414012)
 [0,0.00414521)
 [0,0.00414586)
 [0,0.0041474)
 [0,0.00415768)
 [0,0.00416119)
 [0,0.00416163)
 [0,0.00416352)
 [0,0.0041663)
 [0,0.00416854)
 [0,0.00417147)
 [0,0.00417557)
 [0,0.00417635)
 [0,0.00418307)
 [0,0.00418541)
 [0,0.00418684)
 [0,0.00418726)
 [0,0.00418939)
 [0,0.00418976)
 [0,0.0041903)
 [0,0.00419258)
 [0,0.00420176)
 [0,0.00420343)
 [0,0.00420604)
 [0,0.00420832)
 [0,0.00421412)
 [0,0.00421553)
 [0,0.00421674)
 [0,0.00421895)
 [0,0.00422689)
 [0,0.00422843)
 [0,0.0042294)
 [0,0.0042295)
 [0,0.00423207)
 [0,0.00423558)
 [0,0.00424082)
 [0,0.00424537)
 [0,0.00425026)
 [0,0.00425133)
 [0,0.00425147)
 [0,0.00425232)
 [0,0.00425249)
 [0,0.00425525)
 [0,0.00425553)
 [0,0.00425789)
 [0,0.00425946)
 [0,0.00425978)
 [0,0.00426267)
 [0,0.00426658)
 [0,0.0042668)
 [0,0.00427433)
 [0,0.00427696)
 [0,0.0042779)
 [0,0.00427945)
 [0,0.0042806)
 [0,0.00428085)
 [0,0.00428503)
 [0,0.00428586)
 [0,0.00428824)
 [0,0.00428828)
 [0,0.00429164)
 [0,0.0042926)
 [0,0.00429779)
 [0,0.00429908)
 [0,0.0043028)
 [0,0.00430331)
 [0,0.00430444)
 [0,0.00430787)
 [0,0.00430881)
 [0,0.00430898)
 [0,0.00431265)
 [0,0.00431363)
 [0,0.00431504)
 [0,0.00431783)
 [0,0.00432319)
 [0,0.00432377)
 [0,0.00433129)
 [0,0.00433277)
 [0,0.00433397)
 [0,0.00433542)
 [0,0.00433802)
 [0,0.00433907)
 [0,0.00433991)
 [0,0.00434365)
 [0,0.00434563)
 [0,0.00434719)
 [0,0.00434782)
 [0,0.00435347)
 [0,0.00435743)
 [0,0.0043584)
 [0,0.00436012)
 [0,0.0043615)
 [0,0.00436586)
 [0,0.00436736)
 [0,0.00437033)
 [0,0.00437485)
 [0,0.00437659)
 [0,0.00438089)
 [0,0.0043812)
 [0,0.00438263)
 [0,0.00438265)
 [0,0.00438686)
 [0,0.00438971)
 [0,0.00439401)
 [0,0.00439413)
 [0,0.00439444)
 [0,0.0044008)
 [0,0.00440134)
 [0,0.00440159)
 [0,0.00440699)
 [0,0.00440874)
 [0,0.00441277)
 [0,0.00441477)
 [0,0.00441822)
 [0,0.00441933)
 [0,0.00442108)
 [0,0.00442382)
 [0,0.00442566)
 [0,0.00442644)
 [0,0.00442927)
 [0,0.00443296)
 [0,0.00443309)
 [0,0.00443593)
 [0,0.0044367)
 [0,0.00444947)
 [0,0.00445199)
 [0,0.0044537)
 [0,0.00445999)
 [0,0.00446911)
 [0,0.0044758)
 [0,0.00447671)
 [0,0.00448389)
 [0,0.00448689)
 [0,0.00449026)
 [0,0.00449386)
 [0,0.00449904)
 [0,0.0045021)
 [0,0.00450407)
 [0,0.0045076)
 [0,0.00450999)
 [0,0.00451449)
 [0,0.00451887)
 [0,0.0045261)
 [0,0.00453173)
 [0,0.0045349)
 [0,0.00453846)
 [0,0.00453877)
 [0,0.00454881)
 [0,0.00454887)
 [0,0.00455195)
 [0,0.00456261)
 [0,0.00457426)
 [0,0.00457627)
 [0,0.00457687)
 [0,0.00459491)
 [0,0.00459744)
 [0,0.0045981)
 [0,0.00459934)
 [0,0.00460053)
 [0,0.00460274)
 [0,0.00460654)
 [0,0.00460928)
 [0,0.00461357)
 [0,0.00461528)
 [0,0.00461546)
 [0,0.00462026)
 [0,0.00462141)
 [0,0.0046222)
 [0,0.0046282)
 [0,0.00463677)
 [0,0.00464759)
 [0,0.00464971)
 [0,0.00465503)
 [0,0.00465701)
 [0,0.00465854)
 [0,0.00466261)
 [0,0.00466357)
 [0,0.00466561)
 [0,0.00466721)
 [0,0.00467588)
 [0,0.00467834)
 [0,0.00468276)
 [0,0.00468509)
 [0,0.0046853)
 [0,0.00468555)
 [0,0.00468589)
 [0,0.00468766)
 [0,0.00469092)
 [0,0.00469706)
 [0,0.00471394)
 [0,0.00471782)
 [0,0.00471908)
 [0,0.00471957)
 [0,0.00472531)
 [0,0.00472639)
 [0,0.004728)
 [0,0.00472802)
 [0,0.00472803)
 [0,0.0047327)
 [0,0.00473788)
 [0,0.00474272)
 [0,0.00474327)
 [0,0.00474821)
 [0,0.00475387)
 [0,0.00475527)
 [0,0.00475561)
 [0,0.00475645)
 [0,0.00476015)
 [0,0.00477273)
 [0,0.0047763)
 [0,0.0047786)
 [0,0.00478265)
 [0,0.00478872)
 [0,0.00479006)
 [0,0.00479406)
 [0,0.00479412)
 [0,0.00479947)
 [0,0.00480665)
 [0,0.00481108)
 [0,0.00481248)
 [0,0.00481379)
 [0,0.00482146)
 [0,0.00482622)
 [0,0.00482657)
 [0,0.00482667)
 [0,0.00482762)
 [0,0.00482817)
 [0,0.00485165)
 [0,0.00485975)
 [0,0.00486137)
 [0,0.00486403)
 [0,0.00486759)
 [0,0.00486839)
 [0,0.00486963)
 [0,0.00487172)
 [0,0.00487616)
 [0,0.00488117)
 [0,0.00488432)
 [0,0.0048883)
 [0,0.00488876)
 [0,0.00488939)
 [0,0.0048902)
 [0,0.0048967)
 [0,0.00490085)
 [0,0.00490784)
 [0,0.00492143)
 [0,0.00493838)
 [0,0.00494352)
 [0,0.00494492)
 [0,0.00494922)
 [0,0.00495429)
 [0,0.00496028)
 [0,0.00496214)
 [0,0.00496641)
 [0,0.00498376)
 [0,0.00498389)
 [0,0.00499057)
 [0,0.00500054)
 [0,0.00501074)
 [0,0.00501163)
 [0,0.00501165)
 [0,0.00501325)
 [0,0.00501456)
 [0,0.00501769)
 [0,0.00501955)
 [0,0.00502035)
 [0,0.00502101)
 [0,0.00502175)
 [0,0.00502231)
 [0,0.00502612)
 [0,0.00503169)
 [0,0.00503184)
 [0,0.00503347)
 [0,0.0050359)
 [0,0.00503674)
 [0,0.00503844)
 [0,0.00504636)
 [0,0.00504849)
 [0,0.00505663)
 [0,0.00505736)
 [0,0.00506809)
 [0,0.00506986)
 [0,0.0050718)
 [0,0.00507359)
 [0,0.00508395)
 [0,0.00508397)
 [0,0.00508627)
 [0,0.00508952)
 [0,0.00509799)
 [0,0.00510972)
 [0,0.00511351)
 [0,0.00511523)
 [0,0.0051189)
 [0,0.0051208)
 [0,0.00513378)
 [0,0.00513604)
 [0,0.00513671)
 [0,0.00516259)
 [0,0.00516621)
 [0,0.00516903)
 [0,0.00517057)
 [0,0.00517241)
 [0,0.00517416)
 [0,0.00517454)
 [0,0.00517663)
 [0,0.00517718)
 [0,0.00517824)
 [0,0.00518779)
 [0,0.00519035)
 [0,0.00519251)
 [0,0.00520581)
 [0,0.00520762)
 [0,0.00521757)
 [0,0.00523552)
 [0,0.00524748)
 [0,0.00524988)
 [0,0.00525114)
 [0,0.00525491)
 [0,0.00525498)
 [0,0.00526011)
 [0,0.00526751)
 [0,0.00527155)
 [0,0.00527356)
 [0,0.00529621)
 [0,0.00529836)
 [0,0.00529981)
 [0,0.00530366)
 [0,0.00530503)
 [0,0.00530732)
 [0,0.00531233)
 [0,0.00531788)
 [0,0.00532022)
 [0,0.0053224)
 [0,0.00532416)
 [0,0.00532974)
 [0,0.00533285)
 [0,0.00533516)
 [0,0.00534312)
 [0,0.00535464)
 [0,0.00535514)
 [0,0.00536764)
 [0,0.00536989)
 [0,0.00537163)
 [0,0.00537757)
 [0,0.00537949)
 [0,0.00539071)
 [0,0.00539219)
 [0,0.00540728)
 [0,0.00540804)
 [0,0.00540958)
 [0,0.00541304)
 [0,0.00542587)
 [0,0.0054289)
 [0,0.00543417)
 [0,0.00544728)
 [0,0.0054657)
 [0,0.0054685)
 [0,0.0054839)
 [0,0.00549877)
 [0,0.00550025)
 [0,0.00550955)
 [0,0.00551221)
 [0,0.00551374)
 [0,0.00552011)
 [0,0.00552183)
 [0,0.0055235)
 [0,0.00552471)
 [0,0.00553429)
 [0,0.00553609)
 [0,0.00554696)
 [0,0.00554757)
 [0,0.00554763)
 [0,0.00554908)
 [0,0.00555)
 [0,0.00555016)
 [0,0.00555186)
 [0,0.00555483)
 [0,0.00556301)
 [0,0.00556952)
 [0,0.005583)
 [0,0.00558342)
 [0,0.00558857)
 [0,0.00559082)
 [0,0.00559443)
 [0,0.00562338)
 [0,0.00562407)
 [0,0.00562749)
 [0,0.00563336)
 [0,0.00563374)
 [0,0.00564366)
 [0,0.00564547)
 [0,0.00564878)
 [0,0.00565084)
 [0,0.00565415)
 [0,0.00565589)
 [0,0.00565843)
 [0,0.00566257)
 [0,0.00566852)
 [0,0.00567561)
 [0,0.00567668)
 [0,0.00568028)
 [0,0.00568059)
 [0,0.00568097)
 [0,0.00568231)
 [0,0.00568511)
 [0,0.00570498)
 [0,0.00570558)
 [0,0.0057234)
 [0,0.00572926)
 [0,0.00573277)
 [0,0.00574121)
 [0,0.00574949)
 [0,0.00575559)
 [0,0.00577152)
 [0,0.00578544)
 [0,0.00579159)
 [0,0.00579876)
 [0,0.0058024)
 [0,0.0058039)
 [0,0.00581238)
 [0,0.00581442)
 [0,0.00581788)
 [0,0.00581857)
 [0,0.00583065)
 [0,0.00583574)
 [0,0.00584165)
 [0,0.00584274)
 [0,0.00585842)
 [0,0.00585964)
 [0,0.00586027)
 [0,0.00588807)
 [0,0.00589592)
 [0,0.00590257)
 [0,0.00590959)
 [0,0.0059109)
 [0,0.00591169)
 [0,0.00592533)
 [0,0.00593204)
 [0,0.00593351)
 [0,0.00594714)
 [0,0.00595099)
 [0,0.00596073)
 [0,0.00597041)
 [0,0.00597525)
 [0,0.005976)
 [0,0.00598977)
 [0,0.0059941)
 [0,0.00599979)
 [0,0.00600219)
 [0,0.00600347)
 [0,0.00601372)
 [0,0.00601585)
 [0,0.00601752)
 [0,0.00602595)
 [0,0.00602877)
 [0,0.00603271)
 [0,0.00603583)
 [0,0.00603762)
 [0,0.00604749)
 [0,0.00605032)
 [0,0.00606575)
 [0,0.00607973)
 [0,0.00608181)
 [0,0.00609751)
 [0,0.0061014)
 [0,0.00610282)
 [0,0.00610431)
 [0,0.00610498)
 [0,0.0061076)
 [0,0.00611139)
 [0,0.00611543)
 [0,0.00611907)
 [0,0.00611909)
 [0,0.00612613)
 [0,0.00613322)
 [0,0.00614093)
 [0,0.00615585)
 [0,0.00616184)
 [0,0.0061666)
 [0,0.00617521)
 [0,0.00617824)
 [0,0.00617837)
 [0,0.00619875)
 [0,0.00620118)
 [0,0.00620886)
 [0,0.00622485)
 [0,0.00624604)
 [0,0.00625583)
 [0,0.0062561)
 [0,0.00626008)
 [0,0.00626265)
 [0,0.00627389)
 [0,0.00627701)
 [0,0.00628205)
 [0,0.00628355)
 [0,0.00628561)
 [0,0.00630394)
 [0,0.00631338)
 [0,0.006314)
 [0,0.00632791)
 [0,0.00634203)
 [0,0.00634447)
 [0,0.00634658)
 [0,0.00634846)
 [0,0.00635584)
 [0,0.00635858)
 [0,0.00638797)
 [0,0.00640011)
 [0,0.00640754)
 [0,0.00641209)
 [0,0.00641402)
 [0,0.00641952)
 [0,0.00643099)
 [0,0.00643974)
 [0,0.00644397)
 [0,0.00645418)
 [0,0.00645493)
 [0,0.00646059)
 [0,0.00646252)
 [0,0.00647232)
 [0,0.0064755)
 [0,0.00649645)
 [0,0.00653251)
 [0,0.00653361)
 [0,0.00653964)
 [0,0.00654078)
 [0,0.00654798)
 [0,0.00655626)
 [0,0.00656329)
 [0,0.00656343)
 [0,0.00656368)
 [0,0.00657212)
 [0,0.00657743)
 [0,0.00660335)
 [0,0.00661421)
 [0,0.00661676)
 [0,0.00661791)
 [0,0.00661813)
 [0,0.00663463)
 [0,0.0066423)
 [0,0.00668652)
 [0,0.00669071)
 [0,0.0067243)
 [0,0.00675513)
 [0,0.00675528)
 [0,0.00676405)
 [0,0.00678998)
 [0,0.00679383)
 [0,0.00682009)
 [0,0.0068249)
 [0,0.00684493)
 [0,0.00685031)
 [0,0.0068578)
 [0,0.00686993)
 [0,0.00687597)
 [0,0.00687604)
 [0,0.00689121)
 [0,0.00695905)
 [0,0.00696414)
 [0,0.00696623)
 [0,0.00697506)
 [0,0.00700554)
 [0,0.0070066)
 [0,0.00700768)
 [0,0.00705415)
 [0,0.00707566)
 [0,0.00709301)
 [0,0.00710139)
 [0,0.00711141)
 [0,0.00712967)
 [0,0.00714406)
 [0,0.00714416)
 [0,0.00716193)
 [0,0.00718609)
 [0,0.00720992)
 [0,0.00721098)
 [0,0.00723022)
 [0,0.00724358)
 [0,0.00727738)
 [0,0.00727879)
 [0,0.00731353)
 [0,0.00731639)
 [0,0.0073185)
 [0,0.00734537)
 [0,0.0073476)
 [0,0.00734969)
 [0,0.0073529)
 [0,0.00735343)
 [0,0.00737235)
 [0,0.00737316)
 [0,0.00738379)
 [0,0.00738659)
 [0,0.00740797)
 [0,0.00741266)
 [0,0.00742822)
 [0,0.00743005)
 [0,0.00744758)
 [0,0.00744795)
 [0,0.00748446)
 [0,0.00750871)
 [0,0.00750875)
 [0,0.00754838)
 [0,0.00757185)
 [0,0.00757954)
 [0,0.00758244)
 [0,0.00758714)
 [0,0.00758821)
 [0,0.00759297)
 [0,0.00760164)
 [0,0.0076029)
 [0,0.00760487)
 [0,0.00760491)
 [0,0.00760559)
 [0,0.00760955)
 [0,0.00761499)
 [0,0.00764165)
 [0,0.00764262)
 [0,0.00766054)
 [0,0.00766891)
 [0,0.00771125)
 [0,0.00771944)
 [0,0.00772152)
 [0,0.00775906)
 [0,0.00777991)
 [0,0.00782625)
 [0,0.00784513)
 [0,0.00787438)
 [0,0.00787479)
 [0,0.00790522)
 [0,0.00790544)
 [0,0.00793222)
 [0,0.00796797)
 [0,0.00797169)
 [0,0.00798447)
 [0,0.00799859)
 [0,0.00802104)
 [0,0.00802278)
 [0,0.00803557)
 [0,0.00803924)
 [0,0.00804996)
 [0,0.00810636)
 [0,0.00811649)
 [0,0.0081283)
 [0,0.0081328)
 [0,0.00814981)
 [0,0.00816233)
 [0,0.00817606)
 [0,0.00818707)
 [0,0.00822465)
 [0,0.00824792)
 [0,0.00825319)
 [0,0.00826008)
 [0,0.00828958)
 [0,0.00830517)
 [0,0.00831742)
 [0,0.00832356)
 [0,0.00833134)
 [0,0.0083354)
 [0,0.00833567)
 [0,0.00833798)
 [0,0.00841299)
 [0,0.00841499)
 [0,0.00841799)
 [0,0.00844351)
 [0,0.00844365)
 [0,0.00851241)
 [0,0.00854836)
 [0,0.00857978)
 [0,0.0085829)
 [0,0.00858357)
 [0,0.00860154)
 [0,0.00860173)
 [0,0.00861248)
 [0,0.00861261)
 [0,0.00861567)
 [0,0.00863329)
 [0,0.0086735)
 [0,0.00868367)
 [0,0.00870513)
 [0,0.00874055)
 [0,0.00876974)
 [0,0.00878616)
 [0,0.00886094)
 [0,0.00886957)
 [0,0.00887881)
 [0,0.00887997)
 [0,0.00895246)
 [0,0.00895629)
 [0,0.00895784)
 [0,0.008971)
 [0,0.00902075)
 [0,0.0090574)
 [0,0.00908707)
 [0,0.00909432)
 [0,0.00910266)
 [0,0.00913242)
 [0,0.0091609)
 [0,0.00917772)
 [0,0.00918795)
 [0,0.00923807)
 [0,0.00924515)
 [0,0.00926456)
 [0,0.0093297)
 [0,0.00938617)
 [0,0.0094379)
 [0,0.00952021)
 [0,0.00953217)
 [0,0.00957005)
 [0,0.00976635)
 [0,0.00983534)
 [0,0.00985743)
 [0,0.00998789)
 [0,0.0100016)
 [0,0.0100548)
 [0,0.0102173)
 [0,0.0102736)
 [0,0.0102805)
 [0,0.0103161)
 [0,0.0103175)
 [0,0.0104863)
 [0,0.0104999)
 [0,0.0105258)
 [0,0.0105439)
 [0,0.0106359)
 [0,0.0106365)
 [0,0.0106512)
 [0,0.0107088)
 [0,0.0107229)
 [0,0.0107717)
 [0,0.0108287)
 [0,0.0108609)
 [0,0.0109407)
 [0,0.0109495)
 [0,0.0109505)
 [0,0.0110802)
 [0,0.0110991)
 [0,0.0111002)
 [0,0.0111593)
 [0,0.0112075)
 [0,0.0112808)
 [0,0.0113724)
 [0,0.0114175)
 [0,0.0114579)
 [0,0.0114649)
 [0,0.0115798)
 [0,0.0116476)
 [0,0.0117712)
 [0,0.0118447)
 [0,0.0118904)
 [0,0.0119259)
 [0,0.0119956)
 [0,0.0122353)
 [0,0.0122946)
 [0,0.012392)
 [0,0.0124295)
 [0,0.0125312)
 [0,0.0125612)
 [0,0.0126005)
 [0,0.0126912)
 [0,0.0127545)
 [0,0.0128118)
 [0,0.0128939)
 [0,0.0129264)
 [0,0.0130567)
 [0,0.0131492)
 [0,0.013246)
 [0,0.0133681)
 [0,0.0134866)
 [0,0.0136949)
 [0,0.0137856)
 [0,0.0138828)
 [0,0.0140321)
 [0,0.014049)
 [0,0.0141589)
 [0,0.0143472)
 [0,0.0143554)
 [0,0.0144694)
 [0,0.0144721)
 [0,0.014648)
 [0,0.0146634)
 [0,0.0148653)
 [0,0.0151241)
 [0,0.015132)
 [0,0.0154125)
 [0,0.015434)
 [0,0.0155836)
 [0,0.0157802)
 [0,0.015787)
 [0,0.0158114)
 [0,0.0159786)
 [0,0.016015)
 [0,0.0161223)
 [0,0.0161583)
 [0,0.0166151)
 [0,0.0168122)
 [0,0.0170387)
 [0,0.0173602)
 [0,0.0175255)
 [0,0.0176046)
 [0,0.0177137)
 [0,0.0177715)
 [0,0.0177952)
 [0,0.018035)
 [0,0.0180925)
 [0,0.0182443)
 [0,0.0185373)
 [0,0.018853)
 [0,0.0191618)
 [0,0.0198407)
 [0,0.0203663)
 [0,0.0209606)
 [0,0.0212273)
 [0,0.0215948)
 [0,0.0225109)
 [0,0.0230394)
 [0,0.0232406)
 [0,0.0259533)
 [0,0.0260221)
 [0,0.0285164)
 [0,0.0293805)
 [0,0.0294151)
 [0,0.0295063)
 [0,0.0298268)
 [0,0.0302562)
 [0,0.0309321)
 [0,0.0313463)
 [0,0.0363971)
 [0,0.0382914)
 [0,0.0408207)
 [0,0.0420865)
 [0,0.0444599)
 [0,0.0445564)
 [0,0.0490595)
 [0,0.0549978)
 [0,0.0563406)
 [0,0.057024)
 [0,0.0601905)
 [0,0.0630616)
 [0,0.0772746)
 [0,0.0790905)
 [0,0.0839168)
 [0,0.0902368)
 [0,0.0922202)
 [0,0.169908)
 [0, )
