point cloud with 4042 points in dimension 2
value range: [0,0.848315]
distance matrix with 4042 points, using threshold at enclosing radius 0.425087
persistence intervals in dim 0:
 [0,8.34465e-07)
 [0,8.34465e-07)
 [0,8.34465e-07)
 [0,8.9407e-07)
 [0,9.53674e-07)
 [0,9.53674e-07)
 [0,9.53674e-07)
 [0,9.53674e-07)
 [0,1.2219e-06)
 [0,1.72853e-06)
 [0,1.72853e-06)
 [0,2.08616e-06)
 [0,2.5034e-06)
 [0,2.5034e-06)
 [0,2.563e-06)
 [0,2.563e-06)
 [0,2.563e-06)
 [0,2.563e-06)
 [0,2.563e-06)
 [0,2.6226e-06)
 [0,2.74181e-06)
 [0,2.80142e-06)
 [0,3.12924e-06)
 [0,3.12924e-06)
 [0,3.33786e-06)
 [0,3.33786e-06)
 [0,3.36766e-06)
 [0,3.48687e-06)
 [0,3.51667e-06)
 [0,3.51667e-06)
 [0,3.57628e-06)
 [0,3.63588e-06)
 [0,3.63588e-06)
 [0,3.63588e-06)
 [0,3.69549e-06)
 [0,3.75509e-06)
 [0,3.8147e-06)
 [0,3.8743e-06)
 [0,3.8743e-06)
 [0,3.99351e-06)
 [0,4.11272e-06)
 [0,4.17232e-06)
 [0,4.17232e-06)
 [0,4.23193e-06)
 [0,4.29153e-06)
 [0,4.29153e-06)
 [0,4.29153e-06)
 [0,4.41074e-06)
 [0,4.47035e-06)
 [0,4.47035e-06)
 [0,4.52995e-06)
 [0,4.58956e-06)
 [0,4.70877e-06)
 [0,4.76837e-06)
 [0,5.06639e-06)
 [0,5.06639e-06)
 [0,5.06639e-06)
 [0,5.06639e-06)
 [0,5.24521e-06)
 [0,5.30481e-06)
 [0,5.36442e-06)
 [0,5.54323e-06)
 [0,5.60284e-06)
 [0,5.90086e-06)
 [0,5.96046e-06)
 [0,5.96046e-06)
 [0,5.96046e-06)
 [0,6.02007e-06)
 [0,6.07967e-06)
 [0,6.07967e-06)
 [0,6.13928e-06)
 [0,6.13928e-06)
 [0,6.19888e-06)
 [0,6.25849e-06)
 [0,6.31809e-06)
 [0,6.67572e-06)
 [0,6.79493e-06)
 [0,6.79493e-06)
 [0,6.79493e-06)
 [0,6.82473e-06)
 [0,6.85453e-06)
 [0,6.97374e-06)
 [0,7.09295e-06)
 [0,7.09295e-06)
 [0,7.27177e-06)
 [0,7.33137e-06)
 [0,7.39098e-06)
 [0,7.51019e-06)
 [0,7.56979e-06)
 [0,7.6592e-06)
 [0,7.689e-06)
 [0,7.689e-06)
 [0,7.7486e-06)
 [0,7.80821e-06)
 [0,7.80821e-06)
 [0,7.80821e-06)
 [0,7.86781e-06)
 [0,7.92742e-06)
 [0,8.10623e-06)
 [0,8.16584e-06)
 [0,8.28505e-06)
 [0,8.40425e-06)
 [0,8.40425e-06)
 [0,8.46386e-06)
 [0,8.88109e-06)
 [0,8.88109e-06)
 [0,8.88109e-06)
 [0,8.9407e-06)
 [0,9.11951e-06)
 [0,9.23872e-06)
 [0,9.29832e-06)
 [0,9.38773e-06)
 [0,9.47714e-06)
 [0,9.53674e-06)
 [0,9.71556e-06)
 [0,1.00136e-05)
 [0,1.00732e-05)
 [0,1.04904e-05)
 [0,1.04904e-05)
 [0,1.055e-05)
 [0,1.055e-05)
 [0,1.06692e-05)
 [0,1.07884e-05)
 [0,1.0848e-05)
 [0,1.09076e-05)
 [0,1.09076e-05)
 [0,1.09673e-05)
 [0,1.10865e-05)
 [0,1.11461e-05)
 [0,1.12057e-05)
 [0,1.16229e-05)
 [0,1.16825e-05)
 [0,1.18613e-05)
 [0,1.19805e-05)
 [0,1.20997e-05)
 [0,1.2219e-05)
 [0,1.22786e-05)
 [0,1.23382e-05)
 [0,1.26362e-05)
 [0,1.26958e-05)
 [0,1.26958e-05)
 [0,1.2815e-05)
 [0,1.28746e-05)
 [0,1.29342e-05)
 [0,1.32322e-05)
 [0,1.32918e-05)
 [0,1.33514e-05)
 [0,1.3411e-05)
 [0,1.3411e-05)
 [0,1.34706e-05)
 [0,1.35303e-05)
 [0,1.35899e-05)
 [0,1.36197e-05)
 [0,1.37091e-05)
 [0,1.37091e-05)
 [0,1.37687e-05)
 [0,1.37687e-05)
 [0,1.38283e-05)
 [0,1.38879e-05)
 [0,1.40667e-05)
 [0,1.41263e-05)
 [0,1.41859e-05)
 [0,1.42455e-05)
 [0,1.43647e-05)
 [0,1.43647e-05)
 [0,1.44243e-05)
 [0,1.45435e-05)
 [0,1.45435e-05)
 [0,1.46031e-05)
 [0,1.46627e-05)
 [0,1.46627e-05)
 [0,1.48416e-05)
 [0,1.48416e-05)
 [0,1.48416e-05)
 [0,1.49012e-05)
 [0,1.49906e-05)
 [0,1.50502e-05)
 [0,1.508e-05)
 [0,1.508e-05)
 [0,1.53184e-05)
 [0,1.5378e-05)
 [0,1.55568e-05)
 [0,1.5676e-05)
 [0,1.58548e-05)
 [0,1.5974e-05)
 [0,1.60336e-05)
 [0,1.60336e-05)
 [0,1.60933e-05)
 [0,1.61529e-05)
 [0,1.61529e-05)
 [0,1.62125e-05)
 [0,1.65403e-05)
 [0,1.66893e-05)
 [0,1.67489e-05)
 [0,1.68681e-05)
 [0,1.69277e-05)
 [0,1.69873e-05)
 [0,1.70469e-05)
 [0,1.71065e-05)
 [0,1.71661e-05)
 [0,1.72257e-05)
 [0,1.74344e-05)
 [0,1.74642e-05)
 [0,1.77026e-05)
 [0,1.77026e-05)
 [0,1.78814e-05)
 [0,1.7941e-05)
 [0,1.80006e-05)
 [0,1.81794e-05)
 [0,1.8239e-05)
 [0,1.8239e-05)
 [0,1.8239e-05)
 [0,1.84774e-05)
 [0,1.85966e-05)
 [0,1.86563e-05)
 [0,1.88351e-05)
 [0,1.88947e-05)
 [0,1.89245e-05)
 [0,1.91331e-05)
 [0,1.91927e-05)
 [0,1.91927e-05)
 [0,1.97887e-05)
 [0,1.98483e-05)
 [0,2.00868e-05)
 [0,2.00868e-05)
 [0,2.00868e-05)
 [0,2.01464e-05)
 [0,2.01464e-05)
 [0,2.01464e-05)
 [0,2.02358e-05)
 [0,2.02656e-05)
 [0,2.02656e-05)
 [0,2.03252e-05)
 [0,2.03252e-05)
 [0,2.03848e-05)
 [0,2.03848e-05)
 [0,2.04444e-05)
 [0,2.04444e-05)
 [0,2.04444e-05)
 [0,2.0504e-05)
 [0,2.05636e-05)
 [0,2.05636e-05)
 [0,2.07424e-05)
 [0,2.07424e-05)
 [0,2.0802e-05)
 [0,2.09212e-05)
 [0,2.09212e-05)
 [0,2.09212e-05)
 [0,2.10404e-05)
 [0,2.10404e-05)
 [0,2.11298e-05)
 [0,2.12789e-05)
 [0,2.12789e-05)
 [0,2.13385e-05)
 [0,2.13981e-05)
 [0,2.14279e-05)
 [0,2.14577e-05)
 [0,2.18153e-05)
 [0,2.18153e-05)
 [0,2.19345e-05)
 [0,2.21729e-05)
 [0,2.22325e-05)
 [0,2.22921e-05)
 [0,2.23517e-05)
 [0,2.23517e-05)
 [0,2.25902e-05)
 [0,2.26498e-05)
 [0,2.27094e-05)
 [0,2.28286e-05)
 [0,2.28882e-05)
 [0,2.28882e-05)
 [0,2.30074e-05)
 [0,2.3067e-05)
 [0,2.31862e-05)
 [0,2.3365e-05)
 [0,2.34246e-05)
 [0,2.34246e-05)
 [0,2.36034e-05)
 [0,2.3663e-05)
 [0,2.39015e-05)
 [0,2.40207e-05)
 [0,2.40207e-05)
 [0,2.40803e-05)
 [0,2.43187e-05)
 [0,2.44379e-05)
 [0,2.46465e-05)
 [0,2.46763e-05)
 [0,2.46763e-05)
 [0,2.47359e-05)
 [0,2.49147e-05)
 [0,2.52426e-05)
 [0,2.5332e-05)
 [0,2.54512e-05)
 [0,2.563e-05)
 [0,2.56896e-05)
 [0,2.57194e-05)
 [0,2.57492e-05)
 [0,2.57492e-05)
 [0,2.58088e-05)
 [0,2.58684e-05)
 [0,2.58684e-05)
 [0,2.5928e-05)
 [0,2.61664e-05)
 [0,2.62856e-05)
 [0,2.64049e-05)
 [0,2.64049e-05)
 [0,2.64645e-05)
 [0,2.65241e-05)
 [0,2.65241e-05)
 [0,2.65241e-05)
 [0,2.67029e-05)
 [0,2.67029e-05)
 [0,2.69413e-05)
 [0,2.69413e-05)
 [0,2.70605e-05)
 [0,2.72393e-05)
 [0,2.74777e-05)
 [0,2.7597e-05)
 [0,2.7597e-05)
 [0,2.7597e-05)
 [0,2.77162e-05)
 [0,2.77758e-05)
 [0,2.79546e-05)
 [0,2.81334e-05)
 [0,2.82526e-05)
 [0,2.82526e-05)
 [0,2.83718e-05)
 [0,2.84016e-05)
 [0,2.8491e-05)
 [0,2.8491e-05)
 [0,2.85506e-05)
 [0,2.86102e-05)
 [0,2.86102e-05)
 [0,2.86698e-05)
 [0,2.87294e-05)
 [0,2.8789e-05)
 [0,2.8789e-05)
 [0,2.89083e-05)
 [0,2.89083e-05)
 [0,2.89083e-05)
 [0,2.90871e-05)
 [0,2.94447e-05)
 [0,2.95043e-05)
 [0,2.95639e-05)
 [0,2.95639e-05)
 [0,2.96831e-05)
 [0,2.98023e-05)
 [0,2.99811e-05)
 [0,3.00407e-05)
 [0,3.01003e-05)
 [0,3.02792e-05)
 [0,3.02792e-05)
 [0,3.03388e-05)
 [0,3.03388e-05)
 [0,3.03984e-05)
 [0,3.03984e-05)
 [0,3.06964e-05)
 [0,3.09348e-05)
 [0,3.1054e-05)
 [0,3.12924e-05)
 [0,3.12924e-05)
 [0,3.15309e-05)
 [0,3.17097e-05)
 [0,3.18885e-05)
 [0,3.19481e-05)
 [0,3.19481e-05)
 [0,3.20077e-05)
 [0,3.20077e-05)
 [0,3.20673e-05)
 [0,3.23057e-05)
 [0,3.25441e-05)
 [0,3.27826e-05)
 [0,3.29018e-05)
 [0,3.30508e-05)
 [0,3.32594e-05)
 [0,3.34102e-05)
 [0,3.34382e-05)
 [0,3.34978e-05)
 [0,3.3617e-05)
 [0,3.37064e-05)
 [0,3.37362e-05)
 [0,3.3915e-05)
 [0,3.40343e-05)
 [0,3.40343e-05)
 [0,3.40641e-05)
 [0,3.40939e-05)
 [0,3.43919e-05)
 [0,3.45707e-05)
 [0,3.46303e-05)
 [0,3.46899e-05)
 [0,3.46899e-05)
 [0,3.47793e-05)
 [0,3.48091e-05)
 [0,3.48687e-05)
 [0,3.49879e-05)
 [0,3.50475e-05)
 [0,3.51667e-05)
 [0,3.53456e-05)
 [0,3.53456e-05)
 [0,3.53456e-05)
 [0,3.54052e-05)
 [0,3.55244e-05)
 [0,3.5584e-05)
 [0,3.5584e-05)
 [0,3.57628e-05)
 [0,3.58224e-05)
 [0,3.58224e-05)
 [0,3.58522e-05)
 [0,3.60012e-05)
 [0,3.60608e-05)
 [0,3.60608e-05)
 [0,3.61204e-05)
 [0,3.618e-05)
 [0,3.62396e-05)
 [0,3.66569e-05)
 [0,3.69549e-05)
 [0,3.69549e-05)
 [0,3.72529e-05)
 [0,3.73721e-05)
 [0,3.73721e-05)
 [0,3.75211e-05)
 [0,3.75509e-05)
 [0,3.75509e-05)
 [0,3.77297e-05)
 [0,3.79086e-05)
 [0,3.79682e-05)
 [0,3.80278e-05)
 [0,3.80278e-05)
 [0,3.80278e-05)
 [0,3.80874e-05)
 [0,3.82066e-05)
 [0,3.82662e-05)
 [0,3.82662e-05)
 [0,3.83854e-05)
 [0,3.83854e-05)
 [0,3.86238e-05)
 [0,3.88026e-05)
 [0,3.88622e-05)
 [0,3.89218e-05)
 [0,3.89814e-05)
 [0,3.89814e-05)
 [0,3.95179e-05)
 [0,3.97563e-05)
 [0,3.99947e-05)
 [0,4.01139e-05)
 [0,4.01139e-05)
 [0,4.01139e-05)
 [0,4.01735e-05)
 [0,4.03523e-05)
 [0,4.04119e-05)
 [0,4.05312e-05)
 [0,4.071e-05)
 [0,4.071e-05)
 [0,4.08888e-05)
 [0,4.08888e-05)
 [0,4.1008e-05)
 [0,4.1008e-05)
 [0,4.11868e-05)
 [0,4.14252e-05)
 [0,4.14848e-05)
 [0,4.14848e-05)
 [0,4.16636e-05)
 [0,4.16636e-05)
 [0,4.17829e-05)
 [0,4.17829e-05)
 [0,4.18425e-05)
 [0,4.20809e-05)
 [0,4.20809e-05)
 [0,4.20809e-05)
 [0,4.21405e-05)
 [0,4.22001e-05)
 [0,4.22895e-05)
 [0,4.25577e-05)
 [0,4.25577e-05)
 [0,4.25577e-05)
 [0,4.26173e-05)
 [0,4.27067e-05)
 [0,4.30048e-05)
 [0,4.30346e-05)
 [0,4.30346e-05)
 [0,4.31538e-05)
 [0,4.32214e-05)
 [0,4.33028e-05)
 [0,4.33326e-05)
 [0,4.36306e-05)
 [0,4.36902e-05)
 [0,4.37498e-05)
 [0,4.38988e-05)
 [0,4.39286e-05)
 [0,4.39882e-05)
 [0,4.40478e-05)
 [0,4.41074e-05)
 [0,4.41074e-05)
 [0,4.4167e-05)
 [0,4.42266e-05)
 [0,4.49419e-05)
 [0,4.52399e-05)
 [0,4.52399e-05)
 [0,4.52995e-05)
 [0,4.52995e-05)
 [0,4.54187e-05)
 [0,4.54187e-05)
 [0,4.54783e-05)
 [0,4.54783e-05)
 [0,4.54783e-05)
 [0,4.55379e-05)
 [0,4.57764e-05)
 [0,4.60148e-05)
 [0,4.6134e-05)
 [0,4.62532e-05)
 [0,4.62532e-05)
 [0,4.6283e-05)
 [0,4.63128e-05)
 [0,4.6432e-05)
 [0,4.64916e-05)
 [0,4.65512e-05)
 [0,4.6581e-05)
 [0,4.66704e-05)
 [0,4.66704e-05)
 [0,4.673e-05)
 [0,4.67896e-05)
 [0,4.68194e-05)
 [0,4.68493e-05)
 [0,4.69089e-05)
 [0,4.69685e-05)
 [0,4.75049e-05)
 [0,4.81606e-05)
 [0,4.85182e-05)
 [0,4.85182e-05)
 [0,4.86672e-05)
 [0,4.8846e-05)
 [0,4.92334e-05)
 [0,4.94123e-05)
 [0,4.94123e-05)
 [0,4.94719e-05)
 [0,4.94719e-05)
 [0,4.97699e-05)
 [0,5.01871e-05)
 [0,5.01871e-05)
 [0,5.02467e-05)
 [0,5.03659e-05)
 [0,5.04851e-05)
 [0,5.04851e-05)
 [0,5.06043e-05)
 [0,5.06639e-05)
 [0,5.08428e-05)
 [0,5.10216e-05)
 [0,5.12004e-05)
 [0,5.126e-05)
 [0,5.1558e-05)
 [0,5.16176e-05)
 [0,5.17368e-05)
 [0,5.17368e-05)
 [0,5.17964e-05)
 [0,5.21541e-05)
 [0,5.23925e-05)
 [0,5.26309e-05)
 [0,5.26309e-05)
 [0,5.27501e-05)
 [0,5.28097e-05)
 [0,5.28097e-05)
 [0,5.28395e-05)
 [0,5.31077e-05)
 [0,5.32269e-05)
 [0,5.32865e-05)
 [0,5.32865e-05)
 [0,5.34058e-05)
 [0,5.34654e-05)
 [0,5.35846e-05)
 [0,5.37038e-05)
 [0,5.37634e-05)
 [0,5.3823e-05)
 [0,5.3823e-05)
 [0,5.38826e-05)
 [0,5.38826e-05)
 [0,5.4121e-05)
 [0,5.41806e-05)
 [0,5.41806e-05)
 [0,5.42998e-05)
 [0,5.4419e-05)
 [0,5.4419e-05)
 [0,5.45382e-05)
 [0,5.45979e-05)
 [0,5.47171e-05)
 [0,5.47767e-05)
 [0,5.48363e-05)
 [0,5.48959e-05)
 [0,5.51343e-05)
 [0,5.55515e-05)
 [0,5.57087e-05)
 [0,5.57303e-05)
 [0,5.59092e-05)
 [0,5.63264e-05)
 [0,5.64456e-05)
 [0,5.64456e-05)
 [0,5.64456e-05)
 [0,5.64456e-05)
 [0,5.6684e-05)
 [0,5.68032e-05)
 [0,5.68628e-05)
 [0,5.69224e-05)
 [0,5.70416e-05)
 [0,5.71012e-05)
 [0,5.73993e-05)
 [0,5.74589e-05)
 [0,5.76973e-05)
 [0,5.78761e-05)
 [0,5.78761e-05)
 [0,5.79357e-05)
 [0,5.82039e-05)
 [0,5.82933e-05)
 [0,5.83827e-05)
 [0,5.87106e-05)
 [0,5.87106e-05)
 [0,5.87702e-05)
 [0,5.8949e-05)
 [0,5.90086e-05)
 [0,5.90682e-05)
 [0,5.93066e-05)
 [0,5.93066e-05)
 [0,5.94258e-05)
 [0,5.94854e-05)
 [0,5.97239e-05)
 [0,5.97835e-05)
 [0,6.01411e-05)
 [0,6.03795e-05)
 [0,6.03795e-05)
 [0,6.04391e-05)
 [0,6.04689e-05)
 [0,6.04987e-05)
 [0,6.04987e-05)
 [0,6.05583e-05)
 [0,6.06775e-05)
 [0,6.09756e-05)
 [0,6.09756e-05)
 [0,6.1214e-05)
 [0,6.1214e-05)
 [0,6.12736e-05)
 [0,6.12736e-05)
 [0,6.17206e-05)
 [0,6.17504e-05)
 [0,6.19292e-05)
 [0,6.19888e-05)
 [0,6.21974e-05)
 [0,6.22272e-05)
 [0,6.24061e-05)
 [0,6.25253e-05)
 [0,6.25849e-05)
 [0,6.29425e-05)
 [0,6.31809e-05)
 [0,6.35087e-05)
 [0,6.35982e-05)
 [0,6.37174e-05)
 [0,6.37472e-05)
 [0,6.38962e-05)
 [0,6.39558e-05)
 [0,6.40154e-05)
 [0,6.4075e-05)
 [0,6.41346e-05)
 [0,6.41942e-05)
 [0,6.4373e-05)
 [0,6.47306e-05)
 [0,6.49095e-05)
 [0,6.52075e-05)
 [0,6.53565e-05)
 [0,6.53863e-05)
 [0,6.54459e-05)
 [0,6.54757e-05)
 [0,6.55949e-05)
 [0,6.56545e-05)
 [0,6.58631e-05)
 [0,6.61016e-05)
 [0,6.61611e-05)
 [0,6.6191e-05)
 [0,6.62208e-05)
 [0,6.63996e-05)
 [0,6.63996e-05)
 [0,6.64592e-05)
 [0,6.6489e-05)
 [0,6.65188e-05)
 [0,6.6638e-05)
 [0,6.66976e-05)
 [0,6.68168e-05)
 [0,6.68764e-05)
 [0,6.69062e-05)
 [0,6.71744e-05)
 [0,6.71744e-05)
 [0,6.71744e-05)
 [0,6.73532e-05)
 [0,6.79493e-05)
 [0,6.80685e-05)
 [0,6.81281e-05)
 [0,6.81877e-05)
 [0,6.87242e-05)
 [0,6.8903e-05)
 [0,6.90222e-05)
 [0,6.9052e-05)
 [0,6.92606e-05)
 [0,6.95586e-05)
 [0,6.95586e-05)
 [0,6.96182e-05)
 [0,6.99162e-05)
 [0,7.00355e-05)
 [0,7.00355e-05)
 [0,7.01547e-05)
 [0,7.03931e-05)
 [0,7.04527e-05)
 [0,7.05719e-05)
 [0,7.06315e-05)
 [0,7.09295e-05)
 [0,7.13468e-05)
 [0,7.15256e-05)
 [0,7.15852e-05)
 [0,7.15852e-05)
 [0,7.18236e-05)
 [0,7.20024e-05)
 [0,7.23004e-05)
 [0,7.236e-05)
 [0,7.24196e-05)
 [0,7.25985e-05)
 [0,7.28369e-05)
 [0,7.29561e-05)
 [0,7.30157e-05)
 [0,7.32541e-05)
 [0,7.33733e-05)
 [0,7.35521e-05)
 [0,7.36117e-05)
 [0,7.37309e-05)
 [0,7.37906e-05)
 [0,7.39694e-05)
 [0,7.40588e-05)
 [0,7.40886e-05)
 [0,7.41184e-05)
 [0,7.41482e-05)
 [0,7.42078e-05)
 [0,7.43866e-05)
 [0,7.43866e-05)
 [0,7.46846e-05)
 [0,7.48038e-05)
 [0,7.48634e-05)
 [0,7.4923e-05)
 [0,7.51317e-05)
 [0,7.51615e-05)
 [0,7.52807e-05)
 [0,7.54595e-05)
 [0,7.55787e-05)
 [0,7.57277e-05)
 [0,7.58171e-05)
 [0,7.59363e-05)
 [0,7.59363e-05)
 [0,7.61151e-05)
 [0,7.63535e-05)
 [0,7.64132e-05)
 [0,7.67112e-05)
 [0,7.67112e-05)
 [0,7.689e-05)
 [0,7.70688e-05)
 [0,7.7188e-05)
 [0,7.73072e-05)
 [0,7.73072e-05)
 [0,7.74264e-05)
 [0,7.7486e-05)
 [0,7.7635e-05)
 [0,7.76649e-05)
 [0,7.80821e-05)
 [0,7.82013e-05)
 [0,7.82609e-05)
 [0,7.83205e-05)
 [0,7.84397e-05)
 [0,7.86185e-05)
 [0,7.89165e-05)
 [0,7.90954e-05)
 [0,7.92146e-05)
 [0,7.93338e-05)
 [0,7.9751e-05)
 [0,7.98106e-05)
 [0,8.01682e-05)
 [0,8.04663e-05)
 [0,8.06153e-05)
 [0,8.07047e-05)
 [0,8.07643e-05)
 [0,8.10027e-05)
 [0,8.13007e-05)
 [0,8.13007e-05)
 [0,8.13603e-05)
 [0,8.15392e-05)
 [0,8.19564e-05)
 [0,8.19862e-05)
 [0,8.2016e-05)
 [0,8.2016e-05)
 [0,8.21948e-05)
 [0,8.22544e-05)
 [0,8.27909e-05)
 [0,8.28505e-05)
 [0,8.28505e-05)
 [0,8.29697e-05)
 [0,8.30889e-05)
 [0,8.31485e-05)
 [0,8.31485e-05)
 [0,8.38637e-05)
 [0,8.39829e-05)
 [0,8.40425e-05)
 [0,8.42214e-05)
 [0,8.43406e-05)
 [0,8.48174e-05)
 [0,8.49366e-05)
 [0,8.49962e-05)
 [0,8.5175e-05)
 [0,8.5175e-05)
 [0,8.57413e-05)
 [0,8.58903e-05)
 [0,8.59201e-05)
 [0,8.60691e-05)
 [0,8.63075e-05)
 [0,8.63075e-05)
 [0,8.63969e-05)
 [0,8.64863e-05)
 [0,8.67844e-05)
 [0,8.73804e-05)
 [0,8.744e-05)
 [0,8.74996e-05)
 [0,8.74996e-05)
 [0,8.75592e-05)
 [0,8.76188e-05)
 [0,8.76784e-05)
 [0,8.7738e-05)
 [0,8.78274e-05)
 [0,8.78572e-05)
 [0,8.80957e-05)
 [0,8.82745e-05)
 [0,8.82745e-05)
 [0,8.83937e-05)
 [0,8.85725e-05)
 [0,8.85725e-05)
 [0,8.86321e-05)
 [0,8.88109e-05)
 [0,8.88109e-05)
 [0,8.90493e-05)
 [0,8.90493e-05)
 [0,8.92281e-05)
 [0,8.92878e-05)
 [0,8.9407e-05)
 [0,8.9407e-05)
 [0,8.94666e-05)
 [0,8.95262e-05)
 [0,8.9705e-05)
 [0,8.98838e-05)
 [0,9.01222e-05)
 [0,9.01222e-05)
 [0,9.01222e-05)
 [0,9.02414e-05)
 [0,9.03606e-05)
 [0,9.04202e-05)
 [0,9.05991e-05)
 [0,9.08971e-05)
 [0,9.08971e-05)
 [0,9.12606e-05)
 [0,9.15527e-05)
 [0,9.17017e-05)
 [0,9.17315e-05)
 [0,9.19402e-05)
 [0,9.20296e-05)
 [0,9.20892e-05)
 [0,9.20892e-05)
 [0,9.24468e-05)
 [0,9.26256e-05)
 [0,9.26852e-05)
 [0,9.27448e-05)
 [0,9.28044e-05)
 [0,9.29236e-05)
 [0,9.30428e-05)
 [0,9.31621e-05)
 [0,9.31919e-05)
 [0,9.32813e-05)
 [0,9.34005e-05)
 [0,9.36389e-05)
 [0,9.36389e-05)
 [0,9.36985e-05)
 [0,9.38177e-05)
 [0,9.38773e-05)
 [0,9.39369e-05)
 [0,9.41157e-05)
 [0,9.41753e-05)
 [0,9.43542e-05)
 [0,9.45926e-05)
 [0,9.47118e-05)
 [0,9.4831e-05)
 [0,9.48906e-05)
 [0,9.49502e-05)
 [0,9.5129e-05)
 [0,9.53674e-05)
 [0,9.56058e-05)
 [0,9.57251e-05)
 [0,9.59039e-05)
 [0,9.59933e-05)
 [0,9.60231e-05)
 [0,9.60231e-05)
 [0,9.60231e-05)
 [0,9.63807e-05)
 [0,9.64403e-05)
 [0,9.64403e-05)
 [0,9.64403e-05)
 [0,9.65595e-05)
 [0,9.66787e-05)
 [0,9.66787e-05)
 [0,9.70364e-05)
 [0,9.7245e-05)
 [0,9.7394e-05)
 [0,9.75132e-05)
 [0,9.7692e-05)
 [0,9.77516e-05)
 [0,9.77516e-05)
 [0,9.78708e-05)
 [0,9.81688e-05)
 [0,9.82284e-05)
 [0,9.83477e-05)
 [0,9.85861e-05)
 [0,9.85861e-05)
 [0,9.86457e-05)
 [0,9.87053e-05)
 [0,9.89437e-05)
 [0,9.90033e-05)
 [0,9.90629e-05)
 [0,9.91821e-05)
 [0,9.91821e-05)
 [0,9.92417e-05)
 [0,9.93609e-05)
 [0,9.95398e-05)
 [0,9.97484e-05)
 [0,9.97782e-05)
 [0,9.98378e-05)
 [0,9.98974e-05)
 [0,0.000100076)
 [0,0.000100374)
 [0,0.000100613)
 [0,0.000100613)
 [0,0.000100881)
 [0,0.00010097)
 [0,0.000101149)
 [0,0.000101507)
 [0,0.000101656)
 [0,0.000101805)
 [0,0.000101894)
 [0,0.000102043)
 [0,0.000102222)
 [0,0.000102818)
 [0,0.000102878)
 [0,0.000102997)
 [0,0.000103623)
 [0,0.00010395)
 [0,0.00010407)
 [0,0.000104308)
 [0,0.000104755)
 [0,0.000104845)
 [0,0.000104904)
 [0,0.000104964)
 [0,0.000105202)
 [0,0.000105262)
 [0,0.000105739)
 [0,0.000105917)
 [0,0.000106066)
 [0,0.000106096)
 [0,0.000106275)
 [0,0.000106275)
 [0,0.000106335)
 [0,0.000106633)
 [0,0.000106752)
 [0,0.000106752)
 [0,0.000106812)
 [0,0.000106931)
 [0,0.00010711)
 [0,0.000107944)
 [0,0.000108182)
 [0,0.000108302)
 [0,0.000108421)
 [0,0.0001086)
 [0,0.000108957)
 [0,0.000109017)
 [0,0.000109047)
 [0,0.000109136)
 [0,0.000109196)
 [0,0.000109553)
 [0,0.000109613)
 [0,0.000109673)
 [0,0.000109792)
 [0,0.000109971)
 [0,0.00011003)
 [0,0.00011003)
 [0,0.000110388)
 [0,0.000110388)
 [0,0.000110507)
 [0,0.000110626)
 [0,0.000110865)
 [0,0.000111341)
 [0,0.00011149)
 [0,0.000111759)
 [0,0.000111878)
 [0,0.000111938)
 [0,0.000111997)
 [0,0.000112414)
 [0,0.000112802)
 [0,0.000112832)
 [0,0.000112951)
 [0,0.000112951)
 [0,0.00011307)
 [0,0.000113189)
 [0,0.000113308)
 [0,0.000113636)
 [0,0.000113875)
 [0,0.000113904)
 [0,0.000114024)
 [0,0.000114083)
 [0,0.000114143)
 [0,0.000114322)
 [0,0.00011453)
 [0,0.000114799)
 [0,0.000114858)
 [0,0.000114948)
 [0,0.000116229)
 [0,0.000116378)
 [0,0.000116527)
 [0,0.000116557)
 [0,0.000116915)
 [0,0.000117242)
 [0,0.000117242)
 [0,0.000117242)
 [0,0.000117451)
 [0,0.000117481)
 [0,0.00011754)
 [0,0.000117838)
 [0,0.000117838)
 [0,0.000117958)
 [0,0.000118226)
 [0,0.000118613)
 [0,0.000118911)
 [0,0.00011909)
 [0,0.000119358)
 [0,0.000119388)
 [0,0.000119448)
 [0,0.000119627)
 [0,0.000119746)
 [0,0.000119925)
 [0,0.000120163)
 [0,0.000120282)
 [0,0.00012064)
 [0,0.000120759)
 [0,0.000120759)
 [0,0.000121146)
 [0,0.000121236)
 [0,0.000121355)
 [0,0.000121415)
 [0,0.000121534)
 [0,0.000121593)
 [0,0.000121772)
 [0,0.000121772)
 [0,0.000121772)
 [0,0.000121832)
 [0,0.000122011)
 [0,0.000122041)
 [0,0.00012213)
 [0,0.00012213)
 [0,0.00012213)
 [0,0.000122428)
 [0,0.000122607)
 [0,0.000122607)
 [0,0.000122786)
 [0,0.000122845)
 [0,0.000123024)
 [0,0.000123203)
 [0,0.000123322)
 [0,0.000123382)
 [0,0.000123799)
 [0,0.000123799)
 [0,0.000124037)
 [0,0.000124097)
 [0,0.000124276)
 [0,0.000124574)
 [0,0.000124693)
 [0,0.00012517)
 [0,0.000125289)
 [0,0.000125587)
 [0,0.000125855)
 [0,0.000126004)
 [0,0.000126183)
 [0,0.000126481)
 [0,0.0001266)
 [0,0.000126958)
 [0,0.000127256)
 [0,0.000127554)
 [0,0.000127792)
 [0,0.000127912)
 [0,0.000128031)
 [0,0.00012818)
 [0,0.000128686)
 [0,0.000129223)
 [0,0.000129223)
 [0,0.000129282)
 [0,0.000129342)
 [0,0.000129402)
 [0,0.000129819)
 [0,0.000129879)
 [0,0.000130057)
 [0,0.000130236)
 [0,0.000130534)
 [0,0.000131011)
 [0,0.000131011)
 [0,0.000131428)
 [0,0.000131547)
 [0,0.000132084)
 [0,0.000132263)
 [0,0.000132322)
 [0,0.000132442)
 [0,0.00013262)
 [0,0.00013268)
 [0,0.000132769)
 [0,0.000132799)
 [0,0.000133086)
 [0,0.000133574)
 [0,0.000133693)
 [0,0.000133932)
 [0,0.000133991)
 [0,0.000134021)
 [0,0.00013411)
 [0,0.000134766)
 [0,0.000135064)
 [0,0.000135094)
 [0,0.000135362)
 [0,0.00013572)
 [0,0.00013572)
 [0,0.000135839)
 [0,0.000135899)
 [0,0.000136107)
 [0,0.000136197)
 [0,0.000136375)
 [0,0.000136405)
 [0,0.000136495)
 [0,0.000136614)
 [0,0.000136971)
 [0,0.000137269)
 [0,0.000137389)
 [0,0.000137389)
 [0,0.000137985)
 [0,0.000137985)
 [0,0.000138223)
 [0,0.000138283)
 [0,0.000138611)
 [0,0.000138819)
 [0,0.000138938)
 [0,0.000139117)
 [0,0.000139236)
 [0,0.000139236)
 [0,0.000139296)
 [0,0.000139475)
 [0,0.000139713)
 [0,0.000139922)
 [0,0.000139952)
 [0,0.000140429)
 [0,0.000140578)
 [0,0.000140727)
 [0,0.000140786)
 [0,0.000141382)
 [0,0.000141531)
 [0,0.000141531)
 [0,0.000141561)
 [0,0.00014174)
 [0,0.000141799)
 [0,0.000142574)
 [0,0.000142813)
 [0,0.000142932)
 [0,0.00014317)
 [0,0.00014323)
 [0,0.000143528)
 [0,0.000143588)
 [0,0.000143707)
 [0,0.000143886)
 [0,0.000144243)
 [0,0.000144362)
 [0,0.00014472)
 [0,0.000144839)
 [0,0.000144839)
 [0,0.000144839)
 [0,0.000144899)
 [0,0.000144958)
 [0,0.000145018)
 [0,0.000145078)
 [0,0.000145197)
 [0,0.000145257)
 [0,0.000145346)
 [0,0.000145853)
 [0,0.000145912)
 [0,0.000146061)
 [0,0.000146151)
 [0,0.000146329)
 [0,0.000146359)
 [0,0.000146568)
 [0,0.000146687)
 [0,0.000146866)
 [0,0.000146925)
 [0,0.000146985)
 [0,0.000147104)
 [0,0.000147104)
 [0,0.000147343)
 [0,0.000147343)
 [0,0.000147581)
 [0,0.000147671)
 [0,0.00014782)
 [0,0.00014782)
 [0,0.000148207)
 [0,0.000148773)
 [0,0.000148803)
 [0,0.000149131)
 [0,0.00014919)
 [0,0.00014925)
 [0,0.000149727)
 [0,0.000150025)
 [0,0.000150383)
 [0,0.000150412)
 [0,0.000150651)
 [0,0.0001508)
 [0,0.000150979)
 [0,0.000151217)
 [0,0.000151336)
 [0,0.000151337)
 [0,0.000151575)
 [0,0.000151575)
 [0,0.000151634)
 [0,0.000151813)
 [0,0.000151992)
 [0,0.000152051)
 [0,0.000152171)
 [0,0.00015223)
 [0,0.00015223)
 [0,0.00015229)
 [0,0.000152767)
 [0,0.000152886)
 [0,0.000153303)
 [0,0.000153422)
 [0,0.00015384)
 [0,0.000153899)
 [0,0.000154078)
 [0,0.000154078)
 [0,0.000154078)
 [0,0.000154197)
 [0,0.000154257)
 [0,0.000154436)
 [0,0.000154436)
 [0,0.000154674)
 [0,0.000154912)
 [0,0.000155151)
 [0,0.00015533)
 [0,0.000155389)
 [0,0.000155389)
 [0,0.000156283)
 [0,0.000156641)
 [0,0.000156701)
 [0,0.000157088)
 [0,0.000157297)
 [0,0.000157356)
 [0,0.000157803)
 [0,0.000158787)
 [0,0.000158846)
 [0,0.000159085)
 [0,0.000159264)
 [0,0.000159532)
 [0,0.000159621)
 [0,0.000159919)
 [0,0.000159979)
 [0,0.000160515)
 [0,0.000160992)
 [0,0.000161171)
 [0,0.000161588)
 [0,0.000161588)
 [0,0.000161648)
 [0,0.000161886)
 [0,0.000162065)
 [0,0.000162363)
 [0,0.000162482)
 [0,0.00016284)
 [0,0.000162899)
 [0,0.000163376)
 [0,0.000163376)
 [0,0.000163674)
 [0,0.000163853)
 [0,0.000163972)
 [0,0.000164568)
 [0,0.000164628)
 [0,0.000164807)
 [0,0.000165164)
 [0,0.000165284)
 [0,0.000165403)
 [0,0.000165403)
 [0,0.000166357)
 [0,0.000166655)
 [0,0.000166774)
 [0,0.000166833)
 [0,0.000167072)
 [0,0.00016731)
 [0,0.000167847)
 [0,0.000168264)
 [0,0.000169009)
 [0,0.000169098)
 [0,0.000169098)
 [0,0.000169396)
 [0,0.000170529)
 [0,0.000170708)
 [0,0.000170857)
 [0,0.000170946)
 [0,0.000170946)
 [0,0.000171363)
 [0,0.000171423)
 [0,0.000171721)
 [0,0.000173509)
 [0,0.000173807)
 [0,0.000174224)
 [0,0.000174396)
 [0,0.000174522)
 [0,0.000174701)
 [0,0.000175059)
 [0,0.000175118)
 [0,0.000175297)
 [0,0.000175893)
 [0,0.000175893)
 [0,0.000176072)
 [0,0.000176191)
 [0,0.000176311)
 [0,0.000176787)
 [0,0.000177085)
 [0,0.000178039)
 [0,0.000178426)
 [0,0.000178516)
 [0,0.000178576)
 [0,0.000178754)
 [0,0.000179052)
 [0,0.00017935)
 [0,0.00017941)
 [0,0.00017944)
 [0,0.00017947)
 [0,0.000180215)
 [0,0.000180304)
 [0,0.000180662)
 [0,0.000180691)
 [0,0.000181019)
 [0,0.000181198)
 [0,0.000182062)
 [0,0.000182688)
 [0,0.000182956)
 [0,0.000183284)
 [0,0.000184238)
 [0,0.000184417)
 [0,0.000184476)
 [0,0.000184476)
 [0,0.00018537)
 [0,0.000185549)
 [0,0.000185668)
 [0,0.000185847)
 [0,0.000186026)
 [0,0.000186563)
 [0,0.000186622)
 [0,0.000186861)
 [0,0.000187278)
 [0,0.000187576)
 [0,0.000187576)
 [0,0.000188023)
 [0,0.000188053)
 [0,0.000188231)
 [0,0.000189245)
 [0,0.000189841)
 [0,0.00018996)
 [0,0.000190079)
 [0,0.000190258)
 [0,0.000190288)
 [0,0.000190407)
 [0,0.000190467)
 [0,0.000190556)
 [0,0.000190735)
 [0,0.000191033)
 [0,0.000191152)
 [0,0.000191271)
 [0,0.00019145)
 [0,0.000191748)
 [0,0.000191778)
 [0,0.000191808)
 [0,0.000191897)
 [0,0.000192046)
 [0,0.000193536)
 [0,0.000193655)
 [0,0.000193655)
 [0,0.000193705)
 [0,0.000194132)
 [0,0.000194788)
 [0,0.000195026)
 [0,0.000195026)
 [0,0.000195086)
 [0,0.000195205)
 [0,0.000195682)
 [0,0.00019598)
 [0,0.000196099)
 [0,0.000196815)
 [0,0.000197411)
 [0,0.000197619)
 [0,0.000198603)
 [0,0.00019902)
 [0,0.000199199)
 [0,0.000199378)
 [0,0.000199705)
 [0,0.000199914)
 [0,0.000200272)
 [0,0.000200272)
 [0,0.00020045)
 [0,0.000200689)
 [0,0.000200719)
 [0,0.000200748)
 [0,0.000200868)
 [0,0.000200957)
 [0,0.000201106)
 [0,0.000201493)
 [0,0.000201881)
 [0,0.000202239)
 [0,0.000202835)
 [0,0.000203192)
 [0,0.000203371)
 [0,0.000203431)
 [0,0.00020346)
 [0,0.000204205)
 [0,0.000204265)
 [0,0.000205308)
 [0,0.000205457)
 [0,0.000205815)
 [0,0.000206858)
 [0,0.000207186)
 [0,0.000207186)
 [0,0.000207186)
 [0,0.000207424)
 [0,0.000207961)
 [0,0.000208259)
 [0,0.000208974)
 [0,0.000209153)
 [0,0.00020951)
 [0,0.000209749)
 [0,0.000209868)
 [0,0.000210166)
 [0,0.000210285)
 [0,0.000210404)
 [0,0.000210404)
 [0,0.000210434)
 [0,0.000211149)
 [0,0.000211179)
 [0,0.000211239)
 [0,0.000211358)
 [0,0.000211358)
 [0,0.000212044)
 [0,0.000212252)
 [0,0.000212371)
 [0,0.000212908)
 [0,0.000212967)
 [0,0.000214219)
 [0,0.000214338)
 [0,0.000214934)
 [0,0.000215828)
 [0,0.000215948)
 [0,0.000216126)
 [0,0.000216365)
 [0,0.00021708)
 [0,0.00021708)
 [0,0.00021717)
 [0,0.000217378)
 [0,0.000217915)
 [0,0.000218272)
 [0,0.000218272)
 [0,0.000218779)
 [0,0.000218809)
 [0,0.000218987)
 [0,0.000219285)
 [0,0.000219405)
 [0,0.000219464)
 [0,0.000219703)
 [0,0.000221252)
 [0,0.000221312)
 [0,0.000221491)
 [0,0.000221776)
 [0,0.000221878)
 [0,0.000222385)
 [0,0.000222564)
 [0,0.000223458)
 [0,0.000224292)
 [0,0.000224322)
 [0,0.000224352)
 [0,0.000224829)
 [0,0.000225604)
 [0,0.000225604)
 [0,0.000226885)
 [0,0.000226974)
 [0,0.000227243)
 [0,0.000227749)
 [0,0.000227988)
 [0,0.000228405)
 [0,0.000228703)
 [0,0.000228703)
 [0,0.000228941)
 [0,0.00022918)
 [0,0.000229865)
 [0,0.000230044)
 [0,0.000230551)
 [0,0.000230551)
 [0,0.00023073)
 [0,0.000230759)
 [0,0.000231147)
 [0,0.000231385)
 [0,0.00023222)
 [0,0.000232339)
 [0,0.000232339)
 [0,0.000232339)
 [0,0.000232577)
 [0,0.000232786)
 [0,0.000232816)
 [0,0.000232935)
 [0,0.000233263)
 [0,0.000233471)
 [0,0.000234187)
 [0,0.000234485)
 [0,0.00023514)
 [0,0.0002352)
 [0,0.000235319)
 [0,0.000235617)
 [0,0.000235736)
 [0,0.000236034)
 [0,0.000237167)
 [0,0.000237346)
 [0,0.000237405)
 [0,0.000237525)
 [0,0.000238121)
 [0,0.000238568)
 [0,0.000240088)
 [0,0.000240207)
 [0,0.000240564)
 [0,0.000241101)
 [0,0.000241876)
 [0,0.000241935)
 [0,0.000242472)
 [0,0.000243425)
 [0,0.000243545)
 [0,0.000243843)
 [0,0.000244021)
 [0,0.000244677)
 [0,0.000244796)
 [0,0.000245154)
 [0,0.00024581)
 [0,0.000246286)
 [0,0.000246704)
 [0,0.000247359)
 [0,0.000247478)
 [0,0.000247598)
 [0,0.000247896)
 [0,0.00024873)
 [0,0.000249505)
 [0,0.000249863)
 [0,0.000249982)
 [0,0.000250578)
 [0,0.000250757)
 [0,0.000250757)
 [0,0.000250816)
 [0,0.000252515)
 [0,0.000252575)
 [0,0.00025332)
 [0,0.000253402)
 [0,0.000253558)
 [0,0.000254035)
 [0,0.000254303)
 [0,0.000254512)
 [0,0.00025475)
 [0,0.00025484)
 [0,0.000255316)
 [0,0.000256121)
 [0,0.000257224)
 [0,0.000257432)
 [0,0.000257492)
 [0,0.000258267)
 [0,0.000258803)
 [0,0.000258833)
 [0,0.000259995)
 [0,0.000260592)
 [0,0.000262469)
 [0,0.000262499)
 [0,0.000263631)
 [0,0.000263661)
 [0,0.000263929)
 [0,0.000265032)
 [0,0.000266016)
 [0,0.000266254)
 [0,0.000266612)
 [0,0.000267029)
 [0,0.000267833)
 [0,0.000267923)
 [0,0.000268161)
 [0,0.00026834)
 [0,0.000268728)
 [0,0.0002698)
 [0,0.00026983)
 [0,0.000270247)
 [0,0.000270247)
 [0,0.000270307)
 [0,0.000270784)
 [0,0.000270903)
 [0,0.000272274)
 [0,0.000273526)
 [0,0.000274181)
 [0,0.000274718)
 [0,0.000274956)
 [0,0.000275224)
 [0,0.000275612)
 [0,0.000276238)
 [0,0.000276446)
 [0,0.000276506)
 [0,0.000276566)
 [0,0.000276923)
 [0,0.00027734)
 [0,0.00027734)
 [0,0.000277519)
 [0,0.000277519)
 [0,0.000278711)
 [0,0.000279427)
 [0,0.000279456)
 [0,0.000279931)
 [0,0.000280231)
 [0,0.000281274)
 [0,0.000281483)
 [0,0.000281513)
 [0,0.000282228)
 [0,0.000283837)
 [0,0.000283957)
 [0,0.000284076)
 [0,0.000284851)
 [0,0.000285268)
 [0,0.000285417)
 [0,0.000285506)
 [0,0.000285804)
 [0,0.000285983)
 [0,0.000286281)
 [0,0.0002864)
 [0,0.000287175)
 [0,0.000287592)
 [0,0.000287771)
 [0,0.000287831)
 [0,0.000288606)
 [0,0.000290036)
 [0,0.000290155)
 [0,0.000290215)
 [0,0.000290573)
 [0,0.000291765)
 [0,0.000292182)
 [0,0.000292271)
 [0,0.000293553)
 [0,0.000293672)
 [0,0.000294149)
 [0,0.000294268)
 [0,0.000294952)
 [0,0.000295579)
 [0,0.000296414)
 [0,0.000296771)
 [0,0.000296771)
 [0,0.000298619)
 [0,0.000298619)
 [0,0.000298679)
 [0,0.000298738)
 [0,0.000299692)
 [0,0.000300229)
 [0,0.000301719)
 [0,0.000302017)
 [0,0.000302464)
 [0,0.00030297)
 [0,0.00030303)
 [0,0.000304073)
 [0,0.000304222)
 [0,0.000304461)
 [0,0.000305235)
 [0,0.000305951)
 [0,0.000306338)
 [0,0.000306904)
 [0,0.000307381)
 [0,0.000307947)
 [0,0.000308871)
 [0,0.000309229)
 [0,0.000310302)
 [0,0.00031054)
 [0,0.000310659)
 [0,0.000310838)
 [0,0.000311673)
 [0,0.000312805)
 [0,0.000312924)
 [0,0.000313312)
 [0,0.000316471)
 [0,0.000316977)
 [0,0.000317335)
 [0,0.000318289)
 [0,0.000318766)
 [0,0.000320047)
 [0,0.000320107)
 [0,0.000320256)
 [0,0.000321239)
 [0,0.000321269)
 [0,0.000322282)
 [0,0.000323713)
 [0,0.000323713)
 [0,0.000324488)
 [0,0.000324875)
 [0,0.000325501)
 [0,0.000327647)
 [0,0.000327826)
 [0,0.000328511)
 [0,0.000329375)
 [0,0.000329435)
 [0,0.000330001)
 [0,0.000330269)
 [0,0.00033164)
 [0,0.000332087)
 [0,0.000332892)
 [0,0.000333309)
 [0,0.000333309)
 [0,0.000333529)
 [0,0.000333846)
 [0,0.000334203)
 [0,0.000335246)
 [0,0.000337303)
 [0,0.000338018)
 [0,0.000340044)
 [0,0.000341594)
 [0,0.000342011)
 [0,0.000342131)
 [0,0.000342324)
 [0,0.000342488)
 [0,0.000342846)
 [0,0.000342846)
 [0,0.000343859)
 [0,0.000344247)
 [0,0.000344932)
 [0,0.000345945)
 [0,0.000346124)
 [0,0.00034672)
 [0,0.000346959)
 [0,0.000348449)
 [0,0.000348508)
 [0,0.000348538)
 [0,0.000348985)
 [0,0.000349104)
 [0,0.000349253)
 [0,0.0003497)
 [0,0.000350773)
 [0,0.000351459)
 [0,0.000353008)
 [0,0.000353098)
 [0,0.000354081)
 [0,0.00035435)
 [0,0.000355422)
 [0,0.00035584)
 [0,0.000357568)
 [0,0.000357807)
 [0,0.000358343)
 [0,0.000358685)
 [0,0.000358999)
 [0,0.000359058)
 [0,0.000359148)
 [0,0.000359356)
 [0,0.000359863)
 [0,0.000362307)
 [0,0.000362903)
 [0,0.000362992)
 [0,0.000365436)
 [0,0.000365734)
 [0,0.000366449)
 [0,0.000369012)
 [0,0.000369579)
 [0,0.000369847)
 [0,0.000370115)
 [0,0.000370681)
 [0,0.000370979)
 [0,0.000372082)
 [0,0.000374496)
 [0,0.000376224)
 [0,0.000377953)
 [0,0.000378668)
 [0,0.000378847)
 [0,0.000381649)
 [0,0.000381764)
 [0,0.000383049)
 [0,0.000383854)
 [0,0.000385612)
 [0,0.000387728)
 [0,0.000387751)
 [0,0.000388116)
 [0,0.000389562)
 [0,0.00039053)
 [0,0.000391066)
 [0,0.000391096)
 [0,0.000391543)
 [0,0.000391722)
 [0,0.000392735)
 [0,0.000393391)
 [0,0.000393569)
 [0,0.000395536)
 [0,0.000399292)
 [0,0.000399649)
 [0,0.000400126)
 [0,0.00040108)
 [0,0.000401378)
 [0,0.000401974)
 [0,0.000404179)
 [0,0.000407487)
 [0,0.000408053)
 [0,0.000408828)
 [0,0.000408888)
 [0,0.000409007)
 [0,0.000409871)
 [0,0.000410616)
 [0,0.00041163)
 [0,0.000413716)
 [0,0.000414103)
 [0,0.000414252)
 [0,0.000416577)
 [0,0.000418127)
 [0,0.000418663)
 [0,0.000419974)
 [0,0.000421226)
 [0,0.000422388)
 [0,0.000422567)
 [0,0.000423104)
 [0,0.000426114)
 [0,0.000426292)
 [0,0.000426888)
 [0,0.000430942)
 [0,0.000432074)
 [0,0.000432372)
 [0,0.000432432)
 [0,0.000432581)
 [0,0.00043306)
 [0,0.000438809)
 [0,0.000446033)
 [0,0.000446379)
 [0,0.000446975)
 [0,0.000447485)
 [0,0.000448108)
 [0,0.000449747)
 [0,0.000450015)
 [0,0.000450134)
 [0,0.000450343)
 [0,0.000451088)
 [0,0.000452071)
 [0,0.000454068)
 [0,0.000455916)
 [0,0.00045681)
 [0,0.00045833)
 [0,0.000458658)
 [0,0.000459671)
 [0,0.000460267)
 [0,0.000460356)
 [0,0.000460446)
 [0,0.000460654)
 [0,0.000463128)
 [0,0.000464141)
 [0,0.00046429)
 [0,0.000464797)
 [0,0.000466585)
 [0,0.000467539)
 [0,0.000468194)
 [0,0.00046871)
 [0,0.000472784)
 [0,0.000474095)
 [0,0.000475287)
 [0,0.00047648)
 [0,0.000477225)
 [0,0.000477523)
 [0,0.000477672)
 [0,0.00047788)
 [0,0.000478327)
 [0,0.000480115)
 [0,0.000480801)
 [0,0.000483662)
 [0,0.000484169)
 [0,0.000490367)
 [0,0.000492215)
 [0,0.000494868)
 [0,0.000495561)
 [0,0.00049597)
 [0,0.000496179)
 [0,0.000497341)
 [0,0.000498068)
 [0,0.000498623)
 [0,0.000500022)
 [0,0.0005005)
 [0,0.000501871)
 [0,0.000502229)
 [0,0.000502288)
 [0,0.000503302)
 [0,0.00050485)
 [0,0.000505239)
 [0,0.00050807)
 [0,0.000509471)
 [0,0.000510633)
 [0,0.000511199)
 [0,0.000519108)
 [0,0.000523502)
 [0,0.000525474)
 [0,0.000527918)
 [0,0.000530124)
 [0,0.000535607)
 [0,0.000535876)
 [0,0.000539958)
 [0,0.00054045)
 [0,0.000541687)
 [0,0.000542045)
 [0,0.000543147)
 [0,0.000544012)
 [0,0.000545307)
 [0,0.0005458)
 [0,0.000548154)
 [0,0.000548333)
 [0,0.00054872)
 [0,0.000549942)
 [0,0.000550806)
 [0,0.000553524)
 [0,0.000559764)
 [0,0.00056085)
 [0,0.000561059)
 [0,0.000561611)
 [0,0.000561953)
 [0,0.000562428)
 [0,0.000566125)
 [0,0.000566483)
 [0,0.000567436)
 [0,0.000567608)
 [0,0.000568509)
 [0,0.000568747)
 [0,0.000572937)
 [0,0.000575811)
 [0,0.0005759)
 [0,0.000576854)
 [0,0.000579298)
 [0,0.000582397)
 [0,0.000583053)
 [0,0.000584215)
 [0,0.000591844)
 [0,0.00059253)
 [0,0.000592768)
 [0,0.000595868)
 [0,0.000596762)
 [0,0.000599295)
 [0,0.000600725)
 [0,0.000600934)
 [0,0.000602066)
 [0,0.000602871)
 [0,0.000603825)
 [0,0.000609457)
 [0,0.000611246)
 [0,0.000612319)
 [0,0.000612438)
 [0,0.000612885)
 [0,0.000614762)
 [0,0.000620007)
 [0,0.000622511)
 [0,0.000623494)
 [0,0.000623733)
 [0,0.000625372)
 [0,0.000627381)
 [0,0.00063017)
 [0,0.00063097)
 [0,0.000633359)
 [0,0.000634909)
 [0,0.000637114)
 [0,0.000637859)
 [0,0.000644237)
 [0,0.000644253)
 [0,0.000646114)
 [0,0.000646174)
 [0,0.00065542)
 [0,0.000655562)
 [0,0.000663996)
 [0,0.00066632)
 [0,0.000671983)
 [0,0.000672728)
 [0,0.000672847)
 [0,0.000673622)
 [0,0.000675559)
 [0,0.000675619)
 [0,0.000678062)
 [0,0.000678867)
 [0,0.000680894)
 [0,0.000681877)
 [0,0.000683069)
 [0,0.000685692)
 [0,0.000687271)
 [0,0.000687659)
 [0,0.000689715)
 [0,0.000689983)
 [0,0.000691235)
 [0,0.000694482)
 [0,0.000697404)
 [0,0.000697643)
 [0,0.000698558)
 [0,0.000700556)
 [0,0.000700675)
 [0,0.000701842)
 [0,0.000703939)
 [0,0.000708133)
 [0,0.000712236)
 [0,0.000716046)
 [0,0.00071618)
 [0,0.000716507)
 [0,0.000722151)
 [0,0.000724435)
 [0,0.000725865)
 [0,0.000727415)
 [0,0.000730574)
 [0,0.000736326)
 [0,0.000737456)
 [0,0.000739396)
 [0,0.000739574)
 [0,0.00074321)
 [0,0.000745416)
 [0,0.000745505)
 [0,0.0007523)
 [0,0.00075376)
 [0,0.000757686)
 [0,0.000760615)
 [0,0.000761965)
 [0,0.000762284)
 [0,0.000764608)
 [0,0.000765264)
 [0,0.00077036)
 [0,0.000772208)
 [0,0.000773722)
 [0,0.000776023)
 [0,0.000778049)
 [0,0.000782202)
 [0,0.000783473)
 [0,0.000787667)
 [0,0.000790223)
 [0,0.000790962)
 [0,0.000791001)
 [0,0.000792325)
 [0,0.000793836)
 [0,0.000795215)
 [0,0.000795912)
 [0,0.000796588)
 [0,0.000797391)
 [0,0.000799)
 [0,0.000801682)
 [0,0.000801813)
 [0,0.000802105)
 [0,0.0008088)
 [0,0.000809193)
 [0,0.000809336)
 [0,0.000810057)
 [0,0.000813097)
 [0,0.000817437)
 [0,0.000817954)
 [0,0.000818737)
 [0,0.000818806)
 [0,0.00082016)
 [0,0.000820584)
 [0,0.000825439)
 [0,0.000825614)
 [0,0.000829756)
 [0,0.000833417)
 [0,0.00083521)
 [0,0.000835383)
 [0,0.000836385)
 [0,0.000839913)
 [0,0.000845331)
 [0,0.000849116)
 [0,0.00084986)
 [0,0.000851572)
 [0,0.000852317)
 [0,0.000853539)
 [0,0.000854522)
 [0,0.000856608)
 [0,0.000860721)
 [0,0.000861426)
 [0,0.000868261)
 [0,0.000869532)
 [0,0.00087443)
 [0,0.00088579)
 [0,0.000886895)
 [0,0.000901078)
 [0,0.000901818)
 [0,0.000903487)
 [0,0.000905232)
 [0,0.000905573)
 [0,0.000907421)
 [0,0.000908911)
 [0,0.000915252)
 [0,0.000916362)
 [0,0.000917144)
 [0,0.000922617)
 [0,0.000929683)
 [0,0.000934988)
 [0,0.000938207)
 [0,0.00094074)
 [0,0.000941071)
 [0,0.000944361)
 [0,0.000944452)
 [0,0.00094685)
 [0,0.000948606)
 [0,0.000951469)
 [0,0.000951588)
 [0,0.000953466)
 [0,0.00095439)
 [0,0.000956431)
 [0,0.000960052)
 [0,0.000960611)
 [0,0.000968605)
 [0,0.000971726)
 [0,0.000984607)
 [0,0.000985891)
 [0,0.00098598)
 [0,0.000989475)
 [0,0.000990271)
 [0,0.00099547)
 [0,0.00099647)
 [0,0.00100145)
 [0,0.00100596)
 [0,0.00100686)
 [0,0.00100795)
 [0,0.00100824)
 [0,0.00101208)
 [0,0.00101642)
 [0,0.00101704)
 [0,0.00101742)
 [0,0.00102401)
 [0,0.00102584)
 [0,0.0010277)
 [0,0.00102961)
 [0,0.001033)
 [0,0.00103395)
 [0,0.00103486)
 [0,0.00104123)
 [0,0.00104493)
 [0,0.00104862)
 [0,0.00105077)
 [0,0.0010517)
 [0,0.00105658)
 [0,0.0010688)
 [0,0.00106912)
 [0,0.00107744)
 [0,0.00108041)
 [0,0.00108071)
 [0,0.00108278)
 [0,0.00109046)
 [0,0.00109235)
 [0,0.00109725)
 [0,0.0011003)
 [0,0.00110181)
 [0,0.00110745)
 [0,0.00110808)
 [0,0.00110973)
 [0,0.00111441)
 [0,0.00111536)
 [0,0.00112)
 [0,0.00112006)
 [0,0.00112228)
 [0,0.00112956)
 [0,0.00113031)
 [0,0.0011305)
 [0,0.00113267)
 [0,0.00113365)
 [0,0.00113654)
 [0,0.00113991)
 [0,0.00114791)
 [0,0.0011557)
 [0,0.0011593)
 [0,0.00116135)
 [0,0.00116572)
 [0,0.001168)
 [0,0.00117591)
 [0,0.00118193)
 [0,0.0011847)
 [0,0.00119517)
 [0,0.00119531)
 [0,0.00119585)
 [0,0.00119591)
 [0,0.00119969)
 [0,0.00120406)
 [0,0.00120481)
 [0,0.00120745)
 [0,0.00122657)
 [0,0.00122738)
 [0,0.00122892)
 [0,0.00123007)
 [0,0.00123711)
 [0,0.00124122)
 [0,0.00124401)
 [0,0.00124441)
 [0,0.00124713)
 [0,0.00124938)
 [0,0.0012497)
 [0,0.00125262)
 [0,0.00125539)
 [0,0.00125632)
 [0,0.00125894)
 [0,0.00125971)
 [0,0.00126049)
 [0,0.00126403)
 [0,0.00126487)
 [0,0.00126963)
 [0,0.00126993)
 [0,0.00127406)
 [0,0.00127496)
 [0,0.00127672)
 [0,0.00128648)
 [0,0.00129431)
 [0,0.00129476)
 [0,0.00129478)
 [0,0.00129974)
 [0,0.0013015)
 [0,0.00130986)
 [0,0.00131134)
 [0,0.00131258)
 [0,0.00131445)
 [0,0.00131524)
 [0,0.00132594)
 [0,0.00133482)
 [0,0.00133529)
 [0,0.00133857)
 [0,0.00134602)
 [0,0.00134954)
 [0,0.00135334)
 [0,0.00135335)
 [0,0.00135818)
 [0,0.00136288)
 [0,0.00137398)
 [0,0.00137419)
 [0,0.00137439)
 [0,0.00137468)
 [0,0.00137836)
 [0,0.00138021)
 [0,0.0013841)
 [0,0.00138886)
 [0,0.00138923)
 [0,0.00139012)
 [0,0.00139141)
 [0,0.00140512)
 [0,0.0014059)
 [0,0.00140592)
 [0,0.0014097)
 [0,0.00141585)
 [0,0.00141734)
 [0,0.0014175)
 [0,0.00142205)
 [0,0.0014234)
 [0,0.00142791)
 [0,0.0014354)
 [0,0.00144081)
 [0,0.00144154)
 [0,0.00144541)
 [0,0.00144702)
 [0,0.00144847)
 [0,0.00145289)
 [0,0.0014544)
 [0,0.0014552)
 [0,0.00145863)
 [0,0.00145927)
 [0,0.00146163)
 [0,0.00146202)
 [0,0.00146203)
 [0,0.00146204)
 [0,0.00146346)
 [0,0.00146515)
 [0,0.00147136)
 [0,0.00147137)
 [0,0.00147784)
 [0,0.00148204)
 [0,0.00148234)
 [0,0.00148375)
 [0,0.00148472)
 [0,0.00148519)
 [0,0.00148589)
 [0,0.00148608)
 [0,0.00149223)
 [0,0.00149301)
 [0,0.00149319)
 [0,0.0014989)
 [0,0.00150426)
 [0,0.00150768)
 [0,0.00151059)
 [0,0.00151446)
 [0,0.00151813)
 [0,0.00151906)
 [0,0.00152091)
 [0,0.00152215)
 [0,0.00152341)
 [0,0.00152411)
 [0,0.00152718)
 [0,0.00152758)
 [0,0.0015288)
 [0,0.00153087)
 [0,0.00153921)
 [0,0.00153986)
 [0,0.00154001)
 [0,0.00154442)
 [0,0.00155453)
 [0,0.00155503)
 [0,0.00156001)
 [0,0.0015616)
 [0,0.0015652)
 [0,0.00156778)
 [0,0.00156884)
 [0,0.00156924)
 [0,0.00157065)
 [0,0.00157485)
 [0,0.0015785)
 [0,0.00157998)
 [0,0.00159079)
 [0,0.0015925)
 [0,0.00159374)
 [0,0.00159907)
 [0,0.00159988)
 [0,0.00160254)
 [0,0.00160916)
 [0,0.0016094)
 [0,0.00161114)
 [0,0.00161122)
 [0,0.00161377)
 [0,0.00161919)
 [0,0.0016196)
 [0,0.0016204)
 [0,0.00162371)
 [0,0.00162408)
 [0,0.00162885)
 [0,0.00162995)
 [0,0.00163337)
 [0,0.00163457)
 [0,0.00163563)
 [0,0.00163667)
 [0,0.00163783)
 [0,0.00164638)
 [0,0.00164667)
 [0,0.00164723)
 [0,0.00165157)
 [0,0.00165331)
 [0,0.00165371)
 [0,0.0016583)
 [0,0.00165983)
 [0,0.00166124)
 [0,0.00166699)
 [0,0.00166853)
 [0,0.00167929)
 [0,0.00167963)
 [0,0.00168556)
 [0,0.00168697)
 [0,0.00168722)
 [0,0.00169018)
 [0,0.00169214)
 [0,0.00169496)
 [0,0.00170056)
 [0,0.00170119)
 [0,0.00170162)
 [0,0.00170166)
 [0,0.00170738)
 [0,0.00170843)
 [0,0.001716)
 [0,0.00171657)
 [0,0.00171925)
 [0,0.00172118)
 [0,0.00172617)
 [0,0.00172783)
 [0,0.00172913)
 [0,0.00173036)
 [0,0.00173381)
 [0,0.00173544)
 [0,0.00174334)
 [0,0.00174529)
 [0,0.00174682)
 [0,0.00174817)
 [0,0.00174862)
 [0,0.00175101)
 [0,0.00175221)
 [0,0.00175265)
 [0,0.00176399)
 [0,0.00176818)
 [0,0.00177304)
 [0,0.00177428)
 [0,0.0017817)
 [0,0.00178188)
 [0,0.00178424)
 [0,0.00178659)
 [0,0.00178846)
 [0,0.00178904)
 [0,0.00179014)
 [0,0.00179166)
 [0,0.00179234)
 [0,0.00179428)
 [0,0.00180191)
 [0,0.0018049)
 [0,0.00180545)
 [0,0.00180642)
 [0,0.00180681)
 [0,0.00180773)
 [0,0.00180814)
 [0,0.00180858)
 [0,0.00180897)
 [0,0.00181771)
 [0,0.00181875)
 [0,0.00181888)
 [0,0.00182086)
 [0,0.00182439)
 [0,0.00182808)
 [0,0.00182997)
 [0,0.0018363)
 [0,0.00183827)
 [0,0.0018405)
 [0,0.00184548)
 [0,0.00185973)
 [0,0.0018626)
 [0,0.00186707)
 [0,0.00186742)
 [0,0.00186808)
 [0,0.0018715)
 [0,0.00187282)
 [0,0.00187568)
 [0,0.00187744)
 [0,0.00188834)
 [0,0.00189059)
 [0,0.00190759)
 [0,0.00190786)
 [0,0.00191499)
 [0,0.00191676)
 [0,0.00191736)
 [0,0.00191739)
 [0,0.00191828)
 [0,0.00191852)
 [0,0.00192297)
 [0,0.00192503)
 [0,0.0019261)
 [0,0.00192618)
 [0,0.00192716)
 [0,0.00193045)
 [0,0.00193929)
 [0,0.00194033)
 [0,0.00194054)
 [0,0.00195081)
 [0,0.00195234)
 [0,0.0019614)
 [0,0.00196308)
 [0,0.00196403)
 [0,0.00196629)
 [0,0.00196844)
 [0,0.00197135)
 [0,0.00197293)
 [0,0.00197353)
 [0,0.0019746)
 [0,0.0019755)
 [0,0.00197565)
 [0,0.00197723)
 [0,0.00198412)
 [0,0.00198416)
 [0,0.00198666)
 [0,0.00198752)
 [0,0.00198787)
 [0,0.00199606)
 [0,0.00200186)
 [0,0.00200226)
 [0,0.00200674)
 [0,0.00200885)
 [0,0.00200918)
 [0,0.00201534)
 [0,0.00201661)
 [0,0.00201835)
 [0,0.00202474)
 [0,0.00203327)
 [0,0.00203536)
 [0,0.00203983)
 [0,0.0020428)
 [0,0.00204766)
 [0,0.00204886)
 [0,0.00204965)
 [0,0.00205266)
 [0,0.0020536)
 [0,0.00205733)
 [0,0.00205763)
 [0,0.00205957)
 [0,0.00206172)
 [0,0.00206244)
 [0,0.00206449)
 [0,0.00207041)
 [0,0.00207296)
 [0,0.00207354)
 [0,0.00207463)
 [0,0.00207521)
 [0,0.00207677)
 [0,0.00207714)
 [0,0.00207722)
 [0,0.00208018)
 [0,0.00208161)
 [0,0.00209276)
 [0,0.00209712)
 [0,0.00209914)
 [0,0.00210055)
 [0,0.00210178)
 [0,0.00210631)
 [0,0.00210651)
 [0,0.00210708)
 [0,0.00210714)
 [0,0.00210974)
 [0,0.00211006)
 [0,0.00211461)
 [0,0.00211487)
 [0,0.00211692)
 [0,0.00211905)
 [0,0.00212109)
 [0,0.00212165)
 [0,0.00212634)
 [0,0.00212785)
 [0,0.0021311)
 [0,0.00213561)
 [0,0.00213858)
 [0,0.00213899)
 [0,0.00214188)
 [0,0.00214413)
 [0,0.00215185)
 [0,0.00216001)
 [0,0.00216076)
 [0,0.00216222)
 [0,0.0021624)
 [0,0.00216344)
 [0,0.00216528)
 [0,0.00216595)
 [0,0.00216599)
 [0,0.00216808)
 [0,0.00216812)
 [0,0.0021804)
 [0,0.00218233)
 [0,0.00218301)
 [0,0.00218402)
 [0,0.00218437)
 [0,0.00218516)
 [0,0.00218806)
 [0,0.00218847)
 [0,0.00218942)
 [0,0.00219023)
 [0,0.0021904)
 [0,0.00219189)
 [0,0.00219276)
 [0,0.00219404)
 [0,0.00220317)
 [0,0.00220552)
 [0,0.00220722)
 [0,0.00221152)
 [0,0.00221256)
 [0,0.00222059)
 [0,0.0022218)
 [0,0.00222206)
 [0,0.00222449)
 [0,0.00222669)
 [0,0.00222919)
 [0,0.00223519)
 [0,0.00223691)
 [0,0.00224168)
 [0,0.00224222)
 [0,0.00225046)
 [0,0.00225107)
 [0,0.00225749)
 [0,0.00225982)
 [0,0.00226019)
 [0,0.00226086)
 [0,0.00226279)
 [0,0.0022646)
 [0,0.00226836)
 [0,0.00226927)
 [0,0.00227163)
 [0,0.00227806)
 [0,0.00228469)
 [0,0.00228595)
 [0,0.00229217)
 [0,0.00229838)
 [0,0.00230025)
 [0,0.00230173)
 [0,0.00230366)
 [0,0.00230391)
 [0,0.00230566)
 [0,0.00230599)
 [0,0.00230708)
 [0,0.0023079)
 [0,0.00230901)
 [0,0.00231055)
 [0,0.00231302)
 [0,0.00231406)
 [0,0.00231569)
 [0,0.00231643)
 [0,0.00232242)
 [0,0.00232722)
 [0,0.0023295)
 [0,0.00232982)
 [0,0.00233066)
 [0,0.00233231)
 [0,0.00233363)
 [0,0.00233525)
 [0,0.00233544)
 [0,0.00233933)
 [0,0.0023416)
 [0,0.00234493)
 [0,0.00234629)
 [0,0.00234853)
 [0,0.00234888)
 [0,0.00235102)
 [0,0.00235338)
 [0,0.00236089)
 [0,0.00236318)
 [0,0.00237015)
 [0,0.0023704)
 [0,0.00237058)
 [0,0.00237099)
 [0,0.00237204)
 [0,0.0023794)
 [0,0.00238127)
 [0,0.00238541)
 [0,0.00238949)
 [0,0.00239242)
 [0,0.00239481)
 [0,0.00239632)
 [0,0.00239738)
 [0,0.0024107)
 [0,0.00241146)
 [0,0.00241155)
 [0,0.00241276)
 [0,0.00241597)
 [0,0.00242276)
 [0,0.00242517)
 [0,0.00242529)
 [0,0.00242779)
 [0,0.00242808)
 [0,0.00243222)
 [0,0.00243771)
 [0,0.00243821)
 [0,0.00243858)
 [0,0.00243971)
 [0,0.00244257)
 [0,0.00244419)
 [0,0.00244684)
 [0,0.0024476)
 [0,0.00245332)
 [0,0.002456)
 [0,0.00246605)
 [0,0.00247061)
 [0,0.00247551)
 [0,0.00247555)
 [0,0.00248006)
 [0,0.00248019)
 [0,0.00248077)
 [0,0.00248503)
 [0,0.00248512)
 [0,0.00249023)
 [0,0.00249426)
 [0,0.00250202)
 [0,0.00250268)
 [0,0.00250336)
 [0,0.00250533)
 [0,0.00250694)
 [0,0.00250702)
 [0,0.00251118)
 [0,0.00251211)
 [0,0.00251264)
 [0,0.00251411)
 [0,0.00251482)
 [0,0.00251573)
 [0,0.00251661)
 [0,0.00251743)
 [0,0.00251751)
 [0,0.00251922)
 [0,0.00251988)
 [0,0.00252012)
 [0,0.0025223)
 [0,0.00252269)
 [0,0.00252347)
 [0,0.00252354)
 [0,0.00252615)
 [0,0.00252679)
 [0,0.00252861)
 [0,0.00252914)
 [0,0.00252945)
 [0,0.00253171)
 [0,0.00253524)
 [0,0.00254137)
 [0,0.00254374)
 [0,0.00254755)
 [0,0.00254903)
 [0,0.00255994)
 [0,0.00256049)
 [0,0.00256571)
 [0,0.00257363)
 [0,0.00259112)
 [0,0.00259156)
 [0,0.00259442)
 [0,0.0025955)
 [0,0.00259924)
 [0,0.00260051)
 [0,0.00260242)
 [0,0.00260429)
 [0,0.0026044)
 [0,0.00261016)
 [0,0.00261034)
 [0,0.00261397)
 [0,0.0026148)
 [0,0.002618)
 [0,0.00262056)
 [0,0.00262449)
 [0,0.0026337)
 [0,0.00263545)
 [0,0.00263717)
 [0,0.00263904)
 [0,0.00264401)
 [0,0.00264614)
 [0,0.00264662)
 [0,0.00264712)
 [0,0.00264774)
 [0,0.00265867)
 [0,0.0026596)
 [0,0.00266212)
 [0,0.00266236)
 [0,0.00267836)
 [0,0.00267883)
 [0,0.00268105)
 [0,0.0026871)
 [0,0.00270211)
 [0,0.00270267)
 [0,0.00270494)
 [0,0.00270665)
 [0,0.00271022)
 [0,0.00271202)
 [0,0.00271333)
 [0,0.00271697)
 [0,0.00272032)
 [0,0.0027239)
 [0,0.00272483)
 [0,0.00272622)
 [0,0.0027299)
 [0,0.00273428)
 [0,0.00273474)
 [0,0.00273476)
 [0,0.00273737)
 [0,0.00273764)
 [0,0.00274023)
 [0,0.00274276)
 [0,0.00274581)
 [0,0.00274747)
 [0,0.00274781)
 [0,0.00274963)
 [0,0.00275395)
 [0,0.00275462)
 [0,0.00276101)
 [0,0.00276461)
 [0,0.00276471)
 [0,0.00276619)
 [0,0.00276836)
 [0,0.00276946)
 [0,0.00277057)
 [0,0.00278339)
 [0,0.0027849)
 [0,0.0027873)
 [0,0.00278762)
 [0,0.0027882)
 [0,0.00280172)
 [0,0.00280306)
 [0,0.00280411)
 [0,0.00280456)
 [0,0.00280484)
 [0,0.00280743)
 [0,0.00280866)
 [0,0.00281529)
 [0,0.00281817)
 [0,0.00282454)
 [0,0.00282643)
 [0,0.00282658)
 [0,0.00282702)
 [0,0.00282768)
 [0,0.00283003)
 [0,0.00283736)
 [0,0.00283818)
 [0,0.00283889)
 [0,0.00284305)
 [0,0.00284802)
 [0,0.00284823)
 [0,0.00284875)
 [0,0.00285126)
 [0,0.00285627)
 [0,0.00285733)
 [0,0.00285821)
 [0,0.00286044)
 [0,0.00286148)
 [0,0.00287505)
 [0,0.00287588)
 [0,0.0028803)
 [0,0.002885)
 [0,0.00288521)
 [0,0.00288695)
 [0,0.00288766)
 [0,0.00288968)
 [0,0.00289143)
 [0,0.00289439)
 [0,0.00289501)
 [0,0.00290397)
 [0,0.00290728)
 [0,0.00291041)
 [0,0.00291545)
 [0,0.00291879)
 [0,0.00291967)
 [0,0.00292173)
 [0,0.00292441)
 [0,0.00292569)
 [0,0.002926)
 [0,0.00292886)
 [0,0.00293142)
 [0,0.00293282)
 [0,0.00293534)
 [0,0.00293837)
 [0,0.00293873)
 [0,0.00293915)
 [0,0.00293957)
 [0,0.00293986)
 [0,0.00294925)
 [0,0.00295052)
 [0,0.00295203)
 [0,0.0029709)
 [0,0.00297108)
 [0,0.0029724)
 [0,0.00297293)
 [0,0.00297673)
 [0,0.00299031)
 [0,0.00299339)
 [0,0.00300095)
 [0,0.00300405)
 [0,0.00300549)
 [0,0.00300553)
 [0,0.0030094)
 [0,0.00300947)
 [0,0.003011)
 [0,0.00301105)
 [0,0.0030157)
 [0,0.00301677)
 [0,0.00302452)
 [0,0.00302843)
 [0,0.00303446)
 [0,0.00303747)
 [0,0.00303829)
 [0,0.00304081)
 [0,0.00304447)
 [0,0.00304542)
 [0,0.00305159)
 [0,0.00305222)
 [0,0.00305282)
 [0,0.00305295)
 [0,0.00305336)
 [0,0.00305906)
 [0,0.00305914)
 [0,0.00306475)
 [0,0.00306931)
 [0,0.00307487)
 [0,0.00307527)
 [0,0.00307754)
 [0,0.00308321)
 [0,0.00308505)
 [0,0.00309643)
 [0,0.0031003)
 [0,0.00310193)
 [0,0.00310446)
 [0,0.00310989)
 [0,0.00311299)
 [0,0.00311602)
 [0,0.00311684)
 [0,0.00311743)
 [0,0.00311982)
 [0,0.00312042)
 [0,0.0031234)
 [0,0.00312644)
 [0,0.00313044)
 [0,0.00313412)
 [0,0.00313683)
 [0,0.00313752)
 [0,0.00314453)
 [0,0.00314805)
 [0,0.0031493)
 [0,0.00315851)
 [0,0.00315882)
 [0,0.00316429)
 [0,0.00316512)
 [0,0.00316525)
 [0,0.00316706)
 [0,0.00317255)
 [0,0.00317482)
 [0,0.00317637)
 [0,0.00317669)
 [0,0.00317799)
 [0,0.00318029)
 [0,0.0031822)
 [0,0.00319036)
 [0,0.00319385)
 [0,0.00319701)
 [0,0.0032132)
 [0,0.00321329)
 [0,0.0032134)
 [0,0.00321364)
 [0,0.00321463)
 [0,0.00321863)
 [0,0.00322934)
 [0,0.00323183)
 [0,0.00323543)
 [0,0.00323998)
 [0,0.00324018)
 [0,0.00324102)
 [0,0.00324443)
 [0,0.00324643)
 [0,0.00324713)
 [0,0.0032479)
 [0,0.00325068)
 [0,0.00325271)
 [0,0.00325359)
 [0,0.0032551)
 [0,0.00325552)
 [0,0.0032584)
 [0,0.00326334)
 [0,0.00326354)
 [0,0.00326395)
 [0,0.00326961)
 [0,0.0032698)
 [0,0.0032701)
 [0,0.0032709)
 [0,0.00327486)
 [0,0.00327638)
 [0,0.00327723)
 [0,0.00327902)
 [0,0.00329531)
 [0,0.00330639)
 [0,0.00330715)
 [0,0.00330868)
 [0,0.00331078)
 [0,0.00331366)
 [0,0.00331413)
 [0,0.00331472)
 [0,0.00331514)
 [0,0.00331584)
 [0,0.00331825)
 [0,0.00332033)
 [0,0.00332263)
 [0,0.00333503)
 [0,0.00333768)
 [0,0.00333981)
 [0,0.00334303)
 [0,0.00334484)
 [0,0.00334582)
 [0,0.00334604)
 [0,0.00334688)
 [0,0.00334741)
 [0,0.00335181)
 [0,0.00336092)
 [0,0.00336337)
 [0,0.00336518)
 [0,0.00336989)
 [0,0.00337288)
 [0,0.00337354)
 [0,0.00337842)
 [0,0.00337874)
 [0,0.00338859)
 [0,0.00338892)
 [0,0.00340119)
 [0,0.00340917)
 [0,0.00341115)
 [0,0.00341386)
 [0,0.00341971)
 [0,0.00341982)
 [0,0.00341996)
 [0,0.00342011)
 [0,0.00342073)
 [0,0.00342857)
 [0,0.00343728)
 [0,0.00343896)
 [0,0.00344088)
 [0,0.00344239)
 [0,0.00344245)
 [0,0.0034455)
 [0,0.00344671)
 [0,0.00345124)
 [0,0.00345245)
 [0,0.00345289)
 [0,0.00346262)
 [0,0.00346283)
 [0,0.00347178)
 [0,0.00347872)
 [0,0.00348144)
 [0,0.00348262)
 [0,0.00348396)
 [0,0.00348628)
 [0,0.00348694)
 [0,0.00348903)
 [0,0.00348943)
 [0,0.00348972)
 [0,0.00349793)
 [0,0.00349904)
 [0,0.00349963)
 [0,0.00350345)
 [0,0.00350666)
 [0,0.0035068)
 [0,0.00350809)
 [0,0.00350816)
 [0,0.00351288)
 [0,0.00351371)
 [0,0.00351386)
 [0,0.00351495)
 [0,0.003516)
 [0,0.00351644)
 [0,0.00352047)
 [0,0.00352575)
 [0,0.00352934)
 [0,0.00353009)
 [0,0.00353072)
 [0,0.00353672)
 [0,0.00353817)
 [0,0.0035459)
 [0,0.00354961)
 [0,0.00355184)
 [0,0.00355324)
 [0,0.00355859)
 [0,0.00355918)
 [0,0.00356023)
 [0,0.00356073)
 [0,0.00356556)
 [0,0.00356723)
 [0,0.00356734)
 [0,0.00357041)
 [0,0.00357113)
 [0,0.00357123)
 [0,0.00357851)
 [0,0.0035794)
 [0,0.0035812)
 [0,0.00358327)
 [0,0.0035886)
 [0,0.00358978)
 [0,0.00359359)
 [0,0.00359524)
 [0,0.00359648)
 [0,0.00359703)
 [0,0.00360028)
 [0,0.00360174)
 [0,0.00360373)
 [0,0.00360429)
 [0,0.00360449)
 [0,0.00360538)
 [0,0.00360622)
 [0,0.00360837)
 [0,0.00361266)
 [0,0.00361749)
 [0,0.00362063)
 [0,0.00362457)
 [0,0.003627)
 [0,0.00362839)
 [0,0.00362879)
 [0,0.00363004)
 [0,0.00363497)
 [0,0.0036454)
 [0,0.00364617)
 [0,0.00365172)
 [0,0.00365173)
 [0,0.00365396)
 [0,0.00365685)
 [0,0.00365792)
 [0,0.00366013)
 [0,0.00366081)
 [0,0.0036617)
 [0,0.00366353)
 [0,0.00366355)
 [0,0.00367837)
 [0,0.00368174)
 [0,0.00368521)
 [0,0.00368832)
 [0,0.00368994)
 [0,0.003691)
 [0,0.00369358)
 [0,0.00369588)
 [0,0.00370034)
 [0,0.00370544)
 [0,0.00370675)
 [0,0.0037075)
 [0,0.00371718)
 [0,0.0037191)
 [0,0.00372276)
 [0,0.00372307)
 [0,0.00372322)
 [0,0.00372328)
 [0,0.00372553)
 [0,0.00372564)
 [0,0.00372721)
 [0,0.00372991)
 [0,0.00373075)
 [0,0.00373197)
 [0,0.00373245)
 [0,0.003746)
 [0,0.00374721)
 [0,0.00375458)
 [0,0.00375576)
 [0,0.00375663)
 [0,0.00376484)
 [0,0.00377083)
 [0,0.00377693)
 [0,0.00377851)
 [0,0.00378483)
 [0,0.00379212)
 [0,0.00379325)
 [0,0.00379976)
 [0,0.00380106)
 [0,0.0038032)
 [0,0.00380574)
 [0,0.00380575)
 [0,0.00380776)
 [0,0.00381024)
 [0,0.00381129)
 [0,0.00381333)
 [0,0.00381626)
 [0,0.00381957)
 [0,0.00382132)
 [0,0.00382261)
 [0,0.00382519)
 [0,0.00382612)
 [0,0.00382969)
 [0,0.00383074)
 [0,0.00383123)
 [0,0.00383417)
 [0,0.00384474)
 [0,0.00384495)
 [0,0.00384558)
 [0,0.00384734)
 [0,0.00385459)
 [0,0.00385865)
 [0,0.00386009)
 [0,0.00386319)
 [0,0.00386617)
 [0,0.00386797)
 [0,0.00386822)
 [0,0.0038715)
 [0,0.00387229)
 [0,0.00387401)
 [0,0.00387638)
 [0,0.0038819)
 [0,0.00388835)
 [0,0.00388988)
 [0,0.00390027)
 [0,0.0039005)
 [0,0.00390307)
 [0,0.00390433)
 [0,0.00390536)
 [0,0.00390934)
 [0,0.00390951)
 [0,0.0039115)
 [0,0.00391235)
 [0,0.00391242)
 [0,0.00391521)
 [0,0.00392254)
 [0,0.00393304)
 [0,0.00394276)
 [0,0.00394319)
 [0,0.00394793)
 [0,0.0039495)
 [0,0.00395084)
 [0,0.0039519)
 [0,0.0039622)
 [0,0.00396509)
 [0,0.00396837)
 [0,0.00397242)
 [0,0.00398095)
 [0,0.00398628)
 [0,0.00398946)
 [0,0.00399105)
 [0,0.00399707)
 [0,0.00400552)
 [0,0.00400558)
 [0,0.0040058)
 [0,0.00400928)
 [0,0.00401135)
 [0,0.00401302)
 [0,0.00401397)
 [0,0.00401716)
 [0,0.00403091)
 [0,0.00404396)
 [0,0.00404806)
 [0,0.00404832)
 [0,0.00404841)
 [0,0.00404923)
 [0,0.00405609)
 [0,0.00406217)
 [0,0.00406751)
 [0,0.00407028)
 [0,0.0040711)
 [0,0.00407238)
 [0,0.0040806)
 [0,0.00408636)
 [0,0.00408857)
 [0,0.00409082)
 [0,0.00409246)
 [0,0.00409262)
 [0,0.00409414)
 [0,0.0040951)
 [0,0.00409647)
 [0,0.00410092)
 [0,0.00410147)
 [0,0.00410429)
 [0,0.00411206)
 [0,0.00411599)
 [0,0.00411932)
 [0,0.00412036)
 [0,0.00412311)
 [0,0.00412344)
 [0,0.004127)
 [0,0.00413052)
 [0,0.00413157)
 [0,0.00413516)
 [0,0.00413544)
 [0,0.00413651)
 [0,0.00413658)
 [0,0.0041397)
 [0,0.00414469)
 [0,0.00414812)
 [0,0.00415354)
 [0,0.00415652)
 [0,0.00416158)
 [0,0.00416545)
 [0,0.00416866)
 [0,0.00417876)
 [0,0.0041884)
 [0,0.00419416)
 [0,0.00419697)
 [0,0.00419817)
 [0,0.00419987)
 [0,0.00420084)
 [0,0.00420116)
 [0,0.0042024)
 [0,0.0042037)
 [0,0.00420657)
 [0,0.0042075)
 [0,0.00420866)
 [0,0.0042141)
 [0,0.00421915)
 [0,0.0042194)
 [0,0.00422437)
 [0,0.00422839)
 [0,0.00422937)
 [0,0.00423927)
 [0,0.00424107)
 [0,0.00424309)
 [0,0.00424313)
 [0,0.00424328)
 [0,0.00424686)
 [0,0.00425396)
 [0,0.00425917)
 [0,0.00426315)
 [0,0.00426609)
 [0,0.00427339)
 [0,0.00428353)
 [0,0.00428533)
 [0,0.00428657)
 [0,0.00428789)
 [0,0.0042919)
 [0,0.00429623)
 [0,0.0042985)
 [0,0.00429917)
 [0,0.00430081)
 [0,0.00431351)
 [0,0.00431356)
 [0,0.00431436)
 [0,0.00431992)
 [0,0.00432008)
 [0,0.00432218)
 [0,0.00432254)
 [0,0.00432733)
 [0,0.00433306)
 [0,0.00433694)
 [0,0.0043379)
 [0,0.00434279)
 [0,0.00434996)
 [0,0.00435148)
 [0,0.00435517)
 [0,0.00436233)
 [0,0.00436257)
 [0,0.00436334)
 [0,0.00436468)
 [0,0.00436673)
 [0,0.00438718)
 [0,0.00439138)
 [0,0.00439271)
 [0,0.00439574)
 [0,0.00439632)
 [0,0.00440264)
 [0,0.0044055)
 [0,0.00440607)
 [0,0.00440692)
 [0,0.00441409)
 [0,0.00441954)
 [0,0.00442699)
 [0,0.00442895)
 [0,0.00444086)
 [0,0.00444605)
 [0,0.00444866)
 [0,0.00445144)
 [0,0.00445212)
 [0,0.00445276)
 [0,0.00445549)
 [0,0.00445831)
 [0,0.00446273)
 [0,0.00447121)
 [0,0.00447212)
 [0,0.00447249)
 [0,0.00447547)
 [0,0.00447589)
 [0,0.00448647)
 [0,0.00449019)
 [0,0.00449261)
 [0,0.00449401)
 [0,0.00449488)
 [0,0.004495)
 [0,0.00449961)
 [0,0.00450032)
 [0,0.00450724)
 [0,0.0045073)
 [0,0.00451136)
 [0,0.00452197)
 [0,0.00452747)
 [0,0.00453336)
 [0,0.00453683)
 [0,0.00453868)
 [0,0.00453887)
 [0,0.00453915)
 [0,0.00454076)
 [0,0.00454904)
 [0,0.0045496)
 [0,0.00455111)
 [0,0.00455493)
 [0,0.00455763)
 [0,0.00456354)
 [0,0.00456499)
 [0,0.00456968)
 [0,0.0045708)
 [0,0.00458144)
 [0,0.00458672)
 [0,0.00458845)
 [0,0.00459191)
 [0,0.00459252)
 [0,0.00459964)
 [0,0.00460743)
 [0,0.0046103)
 [0,0.00461249)
 [0,0.00461809)
 [0,0.00462377)
 [0,0.00463125)
 [0,0.00463142)
 [0,0.00463396)
 [0,0.00463675)
 [0,0.00463818)
 [0,0.0046383)
 [0,0.00464138)
 [0,0.0046479)
 [0,0.00464959)
 [0,0.00465173)
 [0,0.00465308)
 [0,0.00465335)
 [0,0.00465449)
 [0,0.00465459)
 [0,0.00465572)
 [0,0.00466008)
 [0,0.00466337)
 [0,0.00466972)
 [0,0.00467189)
 [0,0.00467317)
 [0,0.00467479)
 [0,0.00467815)
 [0,0.00468103)
 [0,0.00468372)
 [0,0.00468415)
 [0,0.00468467)
 [0,0.00469776)
 [0,0.00469861)
 [0,0.0046992)
 [0,0.00471327)
 [0,0.00471464)
 [0,0.0047147)
 [0,0.00471764)
 [0,0.00472065)
 [0,0.00472559)
 [0,0.00472825)
 [0,0.00473258)
 [0,0.00474015)
 [0,0.00474021)
 [0,0.00474489)
 [0,0.00474695)
 [0,0.00474816)
 [0,0.00475199)
 [0,0.00475351)
 [0,0.00475713)
 [0,0.00476713)
 [0,0.00476811)
 [0,0.00477051)
 [0,0.00477818)
 [0,0.00478016)
 [0,0.00478176)
 [0,0.00478343)
 [0,0.00478649)
 [0,0.00478738)
 [0,0.00478943)
 [0,0.00478997)
 [0,0.0047905)
 [0,0.00479554)
 [0,0.00479621)
 [0,0.0047967)
 [0,0.00479817)
 [0,0.00480059)
 [0,0.00480298)
 [0,0.00480358)
 [0,0.00480469)
 [0,0.0048124)
 [0,0.00481282)
 [0,0.0048142)
 [0,0.00481867)
 [0,0.0048232)
 [0,0.00482431)
 [0,0.00483116)
 [0,0.0048333)
 [0,0.00484393)
 [0,0.00485208)
 [0,0.00485373)
 [0,0.00486168)
 [0,0.00487151)
 [0,0.00488048)
 [0,0.00488395)
 [0,0.00488396)
 [0,0.00488613)
 [0,0.0048864)
 [0,0.00488709)
 [0,0.00488778)
 [0,0.00488988)
 [0,0.00489025)
 [0,0.0048934)
 [0,0.00490708)
 [0,0.00492108)
 [0,0.00492155)
 [0,0.00493337)
 [0,0.00493345)
 [0,0.00493481)
 [0,0.00493787)
 [0,0.00495289)
 [0,0.004953)
 [0,0.00495978)
 [0,0.00496206)
 [0,0.00496256)
 [0,0.00496415)
 [0,0.00496458)
 [0,0.00496556)
 [0,0.00496613)
 [0,0.00497668)
 [0,0.00498621)
 [0,0.00498842)
 [0,0.00499192)
 [0,0.00500015)
 [0,0.00500203)
 [0,0.00500589)
 [0,0.00501703)
 [0,0.00502706)
 [0,0.00503948)
 [0,0.00505737)
 [0,0.00506098)
 [0,0.0050639)
 [0,0.00506581)
 [0,0.00506741)
 [0,0.00507114)
 [0,0.00508563)
 [0,0.00508996)
 [0,0.00509313)
 [0,0.00509894)
 [0,0.00510041)
 [0,0.00510318)
 [0,0.00510984)
 [0,0.00511066)
 [0,0.00511576)
 [0,0.00511801)
 [0,0.00511847)
 [0,0.00513003)
 [0,0.00513572)
 [0,0.0051363)
 [0,0.00514081)
 [0,0.0051431)
 [0,0.00514499)
 [0,0.00514715)
 [0,0.00515077)
 [0,0.00516426)
 [0,0.00517113)
 [0,0.00517787)
 [0,0.00517824)
 [0,0.00518837)
 [0,0.0051903)
 [0,0.0051984)
 [0,0.0052004)
 [0,0.00520522)
 [0,0.00520598)
 [0,0.00521332)
 [0,0.00521333)
 [0,0.00521361)
 [0,0.00521401)
 [0,0.00522786)
 [0,0.00523354)
 [0,0.00523471)
 [0,0.00523701)
 [0,0.00523866)
 [0,0.00524549)
 [0,0.00525393)
 [0,0.00525479)
 [0,0.00525703)
 [0,0.00525935)
 [0,0.00526328)
 [0,0.00526366)
 [0,0.00526495)
 [0,0.00526695)
 [0,0.00526852)
 [0,0.0052697)
 [0,0.00527257)
 [0,0.00527583)
 [0,0.00527867)
 [0,0.00528113)
 [0,0.00528237)
 [0,0.00528271)
 [0,0.00528319)
 [0,0.00528588)
 [0,0.00529619)
 [0,0.00529705)
 [0,0.00529706)
 [0,0.00529728)
 [0,0.00530074)
 [0,0.00530561)
 [0,0.00530886)
 [0,0.00531405)
 [0,0.00531495)
 [0,0.00532062)
 [0,0.00532745)
 [0,0.00533052)
 [0,0.00533126)
 [0,0.00533941)
 [0,0.00534526)
 [0,0.0053525)
 [0,0.00537848)
 [0,0.00537928)
 [0,0.0053798)
 [0,0.0053905)
 [0,0.00539086)
 [0,0.00539136)
 [0,0.00539212)
 [0,0.00539327)
 [0,0.00539569)
 [0,0.00540195)
 [0,0.0054045)
 [0,0.00540542)
 [0,0.00541541)
 [0,0.00541553)
 [0,0.00541785)
 [0,0.00542047)
 [0,0.005429)
 [0,0.0054298)
 [0,0.00543643)
 [0,0.00544024)
 [0,0.00544521)
 [0,0.00544981)
 [0,0.00545765)
 [0,0.00546176)
 [0,0.00547066)
 [0,0.00547105)
 [0,0.00547634)
 [0,0.00547865)
 [0,0.00548649)
 [0,0.00548806)
 [0,0.00548821)
 [0,0.00549793)
 [0,0.00550219)
 [0,0.00551659)
 [0,0.00551892)
 [0,0.00552337)
 [0,0.00553072)
 [0,0.00554542)
 [0,0.00555003)
 [0,0.00556843)
 [0,0.00556998)
 [0,0.005573)
 [0,0.00558582)
 [0,0.00558834)
 [0,0.00559706)
 [0,0.0056056)
 [0,0.00560683)
 [0,0.00560896)
 [0,0.00561362)
 [0,0.00563292)
 [0,0.00563613)
 [0,0.00563825)
 [0,0.00564069)
 [0,0.00564073)
 [0,0.00564594)
 [0,0.00564935)
 [0,0.00565067)
 [0,0.00565144)
 [0,0.00565273)
 [0,0.00566727)
 [0,0.00566779)
 [0,0.00568201)
 [0,0.00568354)
 [0,0.00568489)
 [0,0.00568823)
 [0,0.00569556)
 [0,0.00570171)
 [0,0.00571239)
 [0,0.00572377)
 [0,0.00572509)
 [0,0.00572929)
 [0,0.00573249)
 [0,0.00573254)
 [0,0.00574739)
 [0,0.00575959)
 [0,0.00576291)
 [0,0.00577265)
 [0,0.00577395)
 [0,0.00579401)
 [0,0.00579751)
 [0,0.00580811)
 [0,0.00580935)
 [0,0.00581034)
 [0,0.00581063)
 [0,0.00581867)
 [0,0.00582543)
 [0,0.00583527)
 [0,0.00583594)
 [0,0.00583611)
 [0,0.00583696)
 [0,0.00585947)
 [0,0.00586249)
 [0,0.0058718)
 [0,0.00588545)
 [0,0.00588825)
 [0,0.00590231)
 [0,0.00591851)
 [0,0.00592725)
 [0,0.00593463)
 [0,0.0059493)
 [0,0.00595134)
 [0,0.00595188)
 [0,0.00595236)
 [0,0.00595406)
 [0,0.00595491)
 [0,0.00595887)
 [0,0.00596458)
 [0,0.00596976)
 [0,0.00597373)
 [0,0.00598015)
 [0,0.0059832)
 [0,0.0059902)
 [0,0.00600451)
 [0,0.00601328)
 [0,0.00601816)
 [0,0.00603176)
 [0,0.00604546)
 [0,0.00606029)
 [0,0.00606074)
 [0,0.00606359)
 [0,0.00608467)
 [0,0.00608568)
 [0,0.00608679)
 [0,0.00609452)
 [0,0.00609773)
 [0,0.0061272)
 [0,0.00612929)
 [0,0.00613186)
 [0,0.00614721)
 [0,0.00617194)
 [0,0.00619113)
 [0,0.00621132)
 [0,0.00622538)
 [0,0.00623329)
 [0,0.00623987)
 [0,0.00624552)
 [0,0.00626895)
 [0,0.00628089)
 [0,0.00628697)
 [0,0.00629108)
 [0,0.0063017)
 [0,0.0063032)
 [0,0.00631125)
 [0,0.00633003)
 [0,0.00634024)
 [0,0.00637062)
 [0,0.00637693)
 [0,0.00637801)
 [0,0.0063853)
 [0,0.00638935)
 [0,0.00638974)
 [0,0.00639937)
 [0,0.00640593)
 [0,0.00642513)
 [0,0.00643947)
 [0,0.00644534)
 [0,0.00644537)
 [0,0.00645215)
 [0,0.00645701)
 [0,0.00646148)
 [0,0.00647018)
 [0,0.00647295)
 [0,0.00648582)
 [0,0.00648747)
 [0,0.00648801)
 [0,0.0064903)
 [0,0.00652336)
 [0,0.00652712)
 [0,0.00653285)
 [0,0.00654203)
 [0,0.00654249)
 [0,0.00654727)
 [0,0.00655275)
 [0,0.00655863)
 [0,0.00658631)
 [0,0.0065926)
 [0,0.00661986)
 [0,0.00663994)
 [0,0.00666036)
 [0,0.00669133)
 [0,0.00670788)
 [0,0.00670795)
 [0,0.00671152)
 [0,0.00674063)
 [0,0.006754)
 [0,0.00677701)
 [0,0.00679912)
 [0,0.00680202)
 [0,0.0068298)
 [0,0.006832)
 [0,0.00683651)
 [0,0.00685904)
 [0,0.00686271)
 [0,0.00686935)
 [0,0.00686968)
 [0,0.00687628)
 [0,0.00688847)
 [0,0.00689392)
 [0,0.006908)
 [0,0.0069287)
 [0,0.00693352)
 [0,0.00693436)
 [0,0.00697166)
 [0,0.00698315)
 [0,0.00701835)
 [0,0.00703426)
 [0,0.00703554)
 [0,0.00705578)
 [0,0.0070575)
 [0,0.00706541)
 [0,0.0070984)
 [0,0.00710313)
 [0,0.00711007)
 [0,0.00711536)
 [0,0.00711913)
 [0,0.0071417)
 [0,0.00714332)
 [0,0.00715719)
 [0,0.00715766)
 [0,0.00716308)
 [0,0.00717231)
 [0,0.0071967)
 [0,0.00722906)
 [0,0.00726062)
 [0,0.00729287)
 [0,0.00730094)
 [0,0.00731635)
 [0,0.00732208)
 [0,0.00733216)
 [0,0.00733718)
 [0,0.00734673)
 [0,0.00736)
 [0,0.00737279)
 [0,0.00739392)
 [0,0.00739448)
 [0,0.0073996)
 [0,0.00741049)
 [0,0.00741097)
 [0,0.00743769)
 [0,0.00743922)
 [0,0.00744964)
 [0,0.00747122)
 [0,0.00747433)
 [0,0.00751317)
 [0,0.00752584)
 [0,0.00753116)
 [0,0.00753248)
 [0,0.00756956)
 [0,0.00759659)
 [0,0.00760707)
 [0,0.00762628)
 [0,0.00763033)
 [0,0.00765126)
 [0,0.00766161)
 [0,0.00766557)
 [0,0.00767103)
 [0,0.0076725)
 [0,0.00767351)
 [0,0.00769463)
 [0,0.00770337)
 [0,0.00770376)
 [0,0.00771547)
 [0,0.00774419)
 [0,0.00774459)
 [0,0.00775221)
 [0,0.00775888)
 [0,0.00777359)
 [0,0.00782715)
 [0,0.00784245)
 [0,0.00785639)
 [0,0.00785691)
 [0,0.00786982)
 [0,0.00788572)
 [0,0.00789545)
 [0,0.00790747)
 [0,0.00790774)
 [0,0.00791309)
 [0,0.0079519)
 [0,0.00796336)
 [0,0.00803664)
 [0,0.0080624)
 [0,0.0081155)
 [0,0.00818292)
 [0,0.0082592)
 [0,0.00828314)
 [0,0.00829743)
 [0,0.00831676)
 [0,0.00831773)
 [0,0.00832698)
 [0,0.00834111)
 [0,0.00834195)
 [0,0.00835553)
 [0,0.00837481)
 [0,0.00841034)
 [0,0.00845081)
 [0,0.00845599)
 [0,0.00845844)
 [0,0.00846295)
 [0,0.00846999)
 [0,0.0084984)
 [0,0.00849975)
 [0,0.00852159)
 [0,0.00854711)
 [0,0.00855122)
 [0,0.00858196)
 [0,0.00859865)
 [0,0.00863407)
 [0,0.00867699)
 [0,0.00868828)
 [0,0.00872949)
 [0,0.00874637)
 [0,0.00875702)
 [0,0.00882567)
 [0,0.00886773)
 [0,0.00886808)
 [0,0.00887253)
 [0,0.00895774)
 [0,0.00896934)
 [0,0.00898037)
 [0,0.00898436)
 [0,0.00899399)
 [0,0.0089953)
 [0,0.00902083)
 [0,0.0090722)
 [0,0.00908608)
 [0,0.00912879)
 [0,0.00914609)
 [0,0.00915701)
 [0,0.00915913)
 [0,0.00916377)
 [0,0.00922196)
 [0,0.0092958)
 [0,0.00930625)
 [0,0.00934676)
 [0,0.00936961)
 [0,0.00937055)
 [0,0.00938062)
 [0,0.0094127)
 [0,0.00946461)
 [0,0.00946714)
 [0,0.00948006)
 [0,0.00948199)
 [0,0.00948595)
 [0,0.00949507)
 [0,0.00949685)
 [0,0.00955355)
 [0,0.00955374)
 [0,0.00957485)
 [0,0.00959211)
 [0,0.00962996)
 [0,0.00963627)
 [0,0.0096712)
 [0,0.00967331)
 [0,0.00971217)
 [0,0.00971546)
 [0,0.00972902)
 [0,0.00985904)
 [0,0.0098871)
 [0,0.00989298)
 [0,0.0099381)
 [0,0.00995142)
 [0,0.00999789)
 [0,0.0100189)
 [0,0.010022)
 [0,0.010035)
 [0,0.0100755)
 [0,0.0101569)
 [0,0.0101744)
 [0,0.010228)
 [0,0.0102421)
 [0,0.0102868)
 [0,0.0104276)
 [0,0.0104476)
 [0,0.0104555)
 [0,0.0105403)
 [0,0.0107342)
 [0,0.0107644)
 [0,0.0108653)
 [0,0.0109298)
 [0,0.0110534)
 [0,0.0112417)
 [0,0.0112482)
 [0,0.0114073)
 [0,0.0114169)
 [0,0.0115616)
 [0,0.0115851)
 [0,0.0117841)
 [0,0.011917)
 [0,0.0120453)
 [0,0.0120521)
 [0,0.0121532)
 [0,0.0122165)
 [0,0.0123282)
 [0,0.0123689)
 [0,0.0124147)
 [0,0.0124957)
 [0,0.0127618)
 [0,0.0129113)
 [0,0.0129341)
 [0,0.0131855)
 [0,0.0135562)
 [0,0.0140322)
 [0,0.0141474)
 [0,0.0142605)
 [0,0.0143364)
 [0,0.0143392)
 [0,0.0143591)
 [0,0.0143868)
 [0,0.0144473)
 [0,0.014579)
 [0,0.0147792)
 [0,0.0148657)
 [0,0.0158126)
 [0,0.0161075)
 [0,0.0161334)
 [0,0.0161896)
 [0,0.0162035)
 [0,0.016268)
 [0,0.0165191)
 [0,0.0166834)
 [0,0.0167196)
 [0,0.0167764)
 [0,0.0176708)
 [0,0.0178652)
 [0,0.0178749)
 [0,0.0185972)
 [0,0.0186841)
 [0,0.0189065)
 [0,0.0191036)
 [0,0.0191213)
 [0,0.0191905)
 [0,0.0192271)
 [0,0.0192563)
 [0,0.0199723)
 [0,0.0212387)
 [0,0.0215166)
 [0,0.0216867)
 [0,0.0217794)
 [0,0.0223005)
 [0,0.024745)
 [0,0.0248034)
 [0,0.0249768)
 [0,0.0251868)
 [0,0.0258508)
 [0,0.0262178)
 [0,0.0267562)
 [0,0.0268629)
 [0,0.0280173)
 [0,0.0292979)
 [0,0.0328934)
 [0,0.0379802)
 [0,0.0484662)
 [0,0.0570256)
 [0,0.0665704)
 [0,0.0700732)
 [0,0.0836492)
 [0,0.211152)
 [0,0.226374)
 [0, )
