point cloud with 3144 points in dimension 2
value range: [0,0.848501]
distance matrix with 3144 points, using threshold at enclosing radius 0.427932
persistence intervals in dim 0:
 [0,8.34465e-07)
 [0,8.34465e-07)
 [0,8.9407e-07)
 [0,8.9407e-07)
 [0,1.66893e-06)
 [0,1.72853e-06)
 [0,1.78814e-06)
 [0,1.84774e-06)
 [0,1.84774e-06)
 [0,2.5034e-06)
 [0,2.563e-06)
 [0,2.563e-06)
 [0,3.45707e-06)
 [0,3.57628e-06)
 [0,3.57628e-06)
 [0,3.57628e-06)
 [0,3.63588e-06)
 [0,3.75509e-06)
 [0,4.02331e-06)
 [0,4.17232e-06)
 [0,4.47035e-06)
 [0,4.47035e-06)
 [0,4.58956e-06)
 [0,4.58956e-06)
 [0,4.64916e-06)
 [0,5.1856e-06)
 [0,5.1856e-06)
 [0,5.84126e-06)
 [0,5.90086e-06)
 [0,5.90086e-06)
 [0,5.90086e-06)
 [0,5.96046e-06)
 [0,6.02007e-06)
 [0,6.07967e-06)
 [0,6.07967e-06)
 [0,6.07967e-06)
 [0,6.3777e-06)
 [0,6.61612e-06)
 [0,6.67572e-06)
 [0,6.91414e-06)
 [0,6.91414e-06)
 [0,7.09295e-06)
 [0,7.09295e-06)
 [0,7.09295e-06)
 [0,7.15256e-06)
 [0,7.33137e-06)
 [0,7.51019e-06)
 [0,7.56979e-06)
 [0,7.56979e-06)
 [0,7.6592e-06)
 [0,7.7486e-06)
 [0,7.80821e-06)
 [0,8.04663e-06)
 [0,8.28505e-06)
 [0,8.64267e-06)
 [0,9.11951e-06)
 [0,9.14931e-06)
 [0,9.17912e-06)
 [0,9.23872e-06)
 [0,9.29832e-06)
 [0,9.47714e-06)
 [0,9.53674e-06)
 [0,9.59635e-06)
 [0,9.71556e-06)
 [0,9.80496e-06)
 [0,1.00732e-05)
 [0,1.01328e-05)
 [0,1.01328e-05)
 [0,1.01924e-05)
 [0,1.01924e-05)
 [0,1.03116e-05)
 [0,1.06692e-05)
 [0,1.06692e-05)
 [0,1.06692e-05)
 [0,1.10269e-05)
 [0,1.10865e-05)
 [0,1.12057e-05)
 [0,1.12653e-05)
 [0,1.13249e-05)
 [0,1.14441e-05)
 [0,1.15037e-05)
 [0,1.18315e-05)
 [0,1.19209e-05)
 [0,1.20401e-05)
 [0,1.20699e-05)
 [0,1.22488e-05)
 [0,1.2815e-05)
 [0,1.29342e-05)
 [0,1.32024e-05)
 [0,1.33514e-05)
 [0,1.34706e-05)
 [0,1.35303e-05)
 [0,1.36495e-05)
 [0,1.36495e-05)
 [0,1.36495e-05)
 [0,1.37687e-05)
 [0,1.38283e-05)
 [0,1.42455e-05)
 [0,1.42455e-05)
 [0,1.43051e-05)
 [0,1.46031e-05)
 [0,1.48118e-05)
 [0,1.49012e-05)
 [0,1.508e-05)
 [0,1.56164e-05)
 [0,1.60336e-05)
 [0,1.61529e-05)
 [0,1.62721e-05)
 [0,1.63019e-05)
 [0,1.64509e-05)
 [0,1.66297e-05)
 [0,1.66893e-05)
 [0,1.66893e-05)
 [0,1.67489e-05)
 [0,1.69277e-05)
 [0,1.69277e-05)
 [0,1.72853e-05)
 [0,1.75238e-05)
 [0,1.7643e-05)
 [0,1.77622e-05)
 [0,1.77622e-05)
 [0,1.78218e-05)
 [0,1.78814e-05)
 [0,1.78814e-05)
 [0,1.81794e-05)
 [0,1.86563e-05)
 [0,1.94311e-05)
 [0,1.95503e-05)
 [0,2.0206e-05)
 [0,2.03252e-05)
 [0,2.03252e-05)
 [0,2.03252e-05)
 [0,2.03848e-05)
 [0,2.03848e-05)
 [0,2.09212e-05)
 [0,2.11e-05)
 [0,2.11e-05)
 [0,2.11e-05)
 [0,2.11596e-05)
 [0,2.12193e-05)
 [0,2.12789e-05)
 [0,2.12789e-05)
 [0,2.13981e-05)
 [0,2.16365e-05)
 [0,2.16365e-05)
 [0,2.18749e-05)
 [0,2.18749e-05)
 [0,2.18749e-05)
 [0,2.19345e-05)
 [0,2.21133e-05)
 [0,2.22027e-05)
 [0,2.22325e-05)
 [0,2.24113e-05)
 [0,2.25306e-05)
 [0,2.25902e-05)
 [0,2.29478e-05)
 [0,2.30074e-05)
 [0,2.3365e-05)
 [0,2.34842e-05)
 [0,2.39909e-05)
 [0,2.41399e-05)
 [0,2.41995e-05)
 [0,2.42591e-05)
 [0,2.44975e-05)
 [0,2.44975e-05)
 [0,2.46763e-05)
 [0,2.46763e-05)
 [0,2.5034e-05)
 [0,2.5034e-05)
 [0,2.54512e-05)
 [0,2.55108e-05)
 [0,2.56896e-05)
 [0,2.58684e-05)
 [0,2.5928e-05)
 [0,2.63453e-05)
 [0,2.64645e-05)
 [0,2.66433e-05)
 [0,2.67029e-05)
 [0,2.67029e-05)
 [0,2.67029e-05)
 [0,2.68817e-05)
 [0,2.68817e-05)
 [0,2.69413e-05)
 [0,2.71201e-05)
 [0,2.71201e-05)
 [0,2.71797e-05)
 [0,2.71797e-05)
 [0,2.72393e-05)
 [0,2.73585e-05)
 [0,2.75373e-05)
 [0,2.75373e-05)
 [0,2.79546e-05)
 [0,2.80738e-05)
 [0,2.83718e-05)
 [0,2.8491e-05)
 [0,2.8491e-05)
 [0,2.87294e-05)
 [0,2.89679e-05)
 [0,2.92063e-05)
 [0,2.92659e-05)
 [0,2.94149e-05)
 [0,2.96235e-05)
 [0,2.96235e-05)
 [0,2.99811e-05)
 [0,3.0458e-05)
 [0,3.05176e-05)
 [0,3.05176e-05)
 [0,3.08156e-05)
 [0,3.08156e-05)
 [0,3.08752e-05)
 [0,3.08752e-05)
 [0,3.1054e-05)
 [0,3.1352e-05)
 [0,3.15309e-05)
 [0,3.18289e-05)
 [0,3.18885e-05)
 [0,3.19481e-05)
 [0,3.20673e-05)
 [0,3.20673e-05)
 [0,3.21865e-05)
 [0,3.22163e-05)
 [0,3.22461e-05)
 [0,3.24249e-05)
 [0,3.27528e-05)
 [0,3.27826e-05)
 [0,3.29018e-05)
 [0,3.32594e-05)
 [0,3.32594e-05)
 [0,3.32892e-05)
 [0,3.3319e-05)
 [0,3.3319e-05)
 [0,3.33786e-05)
 [0,3.34978e-05)
 [0,3.36766e-05)
 [0,3.3915e-05)
 [0,3.39746e-05)
 [0,3.40343e-05)
 [0,3.40343e-05)
 [0,3.43323e-05)
 [0,3.45111e-05)
 [0,3.45707e-05)
 [0,3.46303e-05)
 [0,3.46899e-05)
 [0,3.47495e-05)
 [0,3.49283e-05)
 [0,3.49879e-05)
 [0,3.51071e-05)
 [0,3.51071e-05)
 [0,3.51667e-05)
 [0,3.51667e-05)
 [0,3.52263e-05)
 [0,3.54052e-05)
 [0,3.54648e-05)
 [0,3.55244e-05)
 [0,3.57032e-05)
 [0,3.5882e-05)
 [0,3.64482e-05)
 [0,3.6478e-05)
 [0,3.65376e-05)
 [0,3.65973e-05)
 [0,3.66569e-05)
 [0,3.70145e-05)
 [0,3.71933e-05)
 [0,3.73721e-05)
 [0,3.74913e-05)
 [0,3.77297e-05)
 [0,3.79682e-05)
 [0,3.80874e-05)
 [0,3.86238e-05)
 [0,3.88026e-05)
 [0,3.88622e-05)
 [0,3.91006e-05)
 [0,3.91603e-05)
 [0,3.92795e-05)
 [0,3.99947e-05)
 [0,4.01139e-05)
 [0,4.02331e-05)
 [0,4.04119e-05)
 [0,4.05908e-05)
 [0,4.06504e-05)
 [0,4.071e-05)
 [0,4.08292e-05)
 [0,4.0859e-05)
 [0,4.1008e-05)
 [0,4.10378e-05)
 [0,4.14848e-05)
 [0,4.22001e-05)
 [0,4.22597e-05)
 [0,4.22597e-05)
 [0,4.26173e-05)
 [0,4.26173e-05)
 [0,4.27365e-05)
 [0,4.27961e-05)
 [0,4.3273e-05)
 [0,4.36902e-05)
 [0,4.36902e-05)
 [0,4.39286e-05)
 [0,4.42862e-05)
 [0,4.43757e-05)
 [0,4.45247e-05)
 [0,4.47035e-05)
 [0,4.48227e-05)
 [0,4.48525e-05)
 [0,4.49419e-05)
 [0,4.49419e-05)
 [0,4.59552e-05)
 [0,4.60148e-05)
 [0,4.60148e-05)
 [0,4.62532e-05)
 [0,4.673e-05)
 [0,4.67896e-05)
 [0,4.70877e-05)
 [0,4.71473e-05)
 [0,4.73261e-05)
 [0,4.74155e-05)
 [0,4.74453e-05)
 [0,4.75049e-05)
 [0,4.75049e-05)
 [0,4.76837e-05)
 [0,4.8399e-05)
 [0,4.8399e-05)
 [0,4.8697e-05)
 [0,4.88162e-05)
 [0,4.89056e-05)
 [0,4.92334e-05)
 [0,4.93526e-05)
 [0,4.94719e-05)
 [0,4.96507e-05)
 [0,4.97699e-05)
 [0,4.98295e-05)
 [0,4.98891e-05)
 [0,5.01871e-05)
 [0,5.05447e-05)
 [0,5.0962e-05)
 [0,5.12004e-05)
 [0,5.14388e-05)
 [0,5.16772e-05)
 [0,5.17368e-05)
 [0,5.17964e-05)
 [0,5.1856e-05)
 [0,5.19156e-05)
 [0,5.19752e-05)
 [0,5.22137e-05)
 [0,5.23329e-05)
 [0,5.23627e-05)
 [0,5.25117e-05)
 [0,5.25713e-05)
 [0,5.26309e-05)
 [0,5.29289e-05)
 [0,5.30481e-05)
 [0,5.33462e-05)
 [0,5.34654e-05)
 [0,5.35846e-05)
 [0,5.37038e-05)
 [0,5.3823e-05)
 [0,5.38826e-05)
 [0,5.40614e-05)
 [0,5.41806e-05)
 [0,5.43296e-05)
 [0,5.44786e-05)
 [0,5.47767e-05)
 [0,5.49555e-05)
 [0,5.49555e-05)
 [0,5.56707e-05)
 [0,5.59092e-05)
 [0,5.59092e-05)
 [0,5.61476e-05)
 [0,5.65648e-05)
 [0,5.6684e-05)
 [0,5.69224e-05)
 [0,5.72205e-05)
 [0,5.73397e-05)
 [0,5.79953e-05)
 [0,5.82337e-05)
 [0,5.84722e-05)
 [0,5.84722e-05)
 [0,5.85318e-05)
 [0,5.8949e-05)
 [0,5.90086e-05)
 [0,5.91874e-05)
 [0,5.93066e-05)
 [0,5.93662e-05)
 [0,5.95748e-05)
 [0,5.96642e-05)
 [0,5.97835e-05)
 [0,5.99027e-05)
 [0,6.00219e-05)
 [0,6.04391e-05)
 [0,6.04391e-05)
 [0,6.07967e-05)
 [0,6.10352e-05)
 [0,6.10352e-05)
 [0,6.11544e-05)
 [0,6.18398e-05)
 [0,6.18994e-05)
 [0,6.20484e-05)
 [0,6.24657e-05)
 [0,6.24657e-05)
 [0,6.27041e-05)
 [0,6.29425e-05)
 [0,6.32405e-05)
 [0,6.33001e-05)
 [0,6.33001e-05)
 [0,6.33597e-05)
 [0,6.35386e-05)
 [0,6.35386e-05)
 [0,6.38366e-05)
 [0,6.38962e-05)
 [0,6.41346e-05)
 [0,6.44922e-05)
 [0,6.49095e-05)
 [0,6.51777e-05)
 [0,6.59823e-05)
 [0,6.61016e-05)
 [0,6.63996e-05)
 [0,6.6638e-05)
 [0,6.6638e-05)
 [0,6.68168e-05)
 [0,6.68764e-05)
 [0,6.6936e-05)
 [0,6.70552e-05)
 [0,6.71148e-05)
 [0,6.7234e-05)
 [0,6.74129e-05)
 [0,6.75917e-05)
 [0,6.75917e-05)
 [0,6.80089e-05)
 [0,6.81877e-05)
 [0,6.83367e-05)
 [0,6.84857e-05)
 [0,6.86049e-05)
 [0,6.88434e-05)
 [0,6.8903e-05)
 [0,6.90222e-05)
 [0,6.94394e-05)
 [0,6.96182e-05)
 [0,7.01547e-05)
 [0,7.01547e-05)
 [0,7.02143e-05)
 [0,7.08699e-05)
 [0,7.09295e-05)
 [0,7.11083e-05)
 [0,7.12276e-05)
 [0,7.13468e-05)
 [0,7.15256e-05)
 [0,7.16746e-05)
 [0,7.17044e-05)
 [0,7.20024e-05)
 [0,7.21216e-05)
 [0,7.21812e-05)
 [0,7.22408e-05)
 [0,7.22408e-05)
 [0,7.24792e-05)
 [0,7.25985e-05)
 [0,7.26283e-05)
 [0,7.27177e-05)
 [0,7.29561e-05)
 [0,7.31945e-05)
 [0,7.32541e-05)
 [0,7.32839e-05)
 [0,7.46548e-05)
 [0,7.4923e-05)
 [0,7.49826e-05)
 [0,7.51019e-05)
 [0,7.53403e-05)
 [0,7.54595e-05)
 [0,7.55191e-05)
 [0,7.58767e-05)
 [0,7.60555e-05)
 [0,7.61151e-05)
 [0,7.62939e-05)
 [0,7.63535e-05)
 [0,7.65324e-05)
 [0,7.66516e-05)
 [0,7.67112e-05)
 [0,7.68304e-05)
 [0,7.74264e-05)
 [0,7.82013e-05)
 [0,7.82609e-05)
 [0,7.84397e-05)
 [0,7.87973e-05)
 [0,7.87973e-05)
 [0,7.9155e-05)
 [0,7.96318e-05)
 [0,7.96616e-05)
 [0,7.99894e-05)
 [0,8.02875e-05)
 [0,8.10027e-05)
 [0,8.14199e-05)
 [0,8.14795e-05)
 [0,8.17776e-05)
 [0,8.17776e-05)
 [0,8.18372e-05)
 [0,8.19564e-05)
 [0,8.21352e-05)
 [0,8.2165e-05)
 [0,8.26716e-05)
 [0,8.27909e-05)
 [0,8.27909e-05)
 [0,8.27909e-05)
 [0,8.28505e-05)
 [0,8.29697e-05)
 [0,8.31485e-05)
 [0,8.35359e-05)
 [0,8.35657e-05)
 [0,8.41916e-05)
 [0,8.42214e-05)
 [0,8.4281e-05)
 [0,8.44598e-05)
 [0,8.46982e-05)
 [0,8.49962e-05)
 [0,8.52346e-05)
 [0,8.54731e-05)
 [0,8.57115e-05)
 [0,8.57711e-05)
 [0,8.58903e-05)
 [0,8.58903e-05)
 [0,8.60095e-05)
 [0,8.63075e-05)
 [0,8.63671e-05)
 [0,8.64863e-05)
 [0,8.67844e-05)
 [0,8.70824e-05)
 [0,8.7142e-05)
 [0,8.75592e-05)
 [0,8.7738e-05)
 [0,8.77976e-05)
 [0,8.78572e-05)
 [0,8.82149e-05)
 [0,8.83341e-05)
 [0,8.83937e-05)
 [0,8.85725e-05)
 [0,8.87215e-05)
 [0,8.87513e-05)
 [0,8.87513e-05)
 [0,8.89301e-05)
 [0,8.90493e-05)
 [0,8.91089e-05)
 [0,8.91089e-05)
 [0,8.92281e-05)
 [0,8.97348e-05)
 [0,8.98838e-05)
 [0,8.98838e-05)
 [0,9.0003e-05)
 [0,9.04202e-05)
 [0,9.04798e-05)
 [0,9.06885e-05)
 [0,9.07676e-05)
 [0,9.11355e-05)
 [0,9.14335e-05)
 [0,9.16123e-05)
 [0,9.16719e-05)
 [0,9.17315e-05)
 [0,9.18806e-05)
 [0,9.21488e-05)
 [0,9.24468e-05)
 [0,9.26256e-05)
 [0,9.26852e-05)
 [0,9.31323e-05)
 [0,9.32813e-05)
 [0,9.34601e-05)
 [0,9.35197e-05)
 [0,9.36985e-05)
 [0,9.38773e-05)
 [0,9.40561e-05)
 [0,9.41753e-05)
 [0,9.43542e-05)
 [0,9.44138e-05)
 [0,9.50098e-05)
 [0,9.53078e-05)
 [0,9.53376e-05)
 [0,9.56058e-05)
 [0,9.56654e-05)
 [0,9.59039e-05)
 [0,9.61423e-05)
 [0,9.61721e-05)
 [0,9.63211e-05)
 [0,9.63807e-05)
 [0,9.65893e-05)
 [0,9.67979e-05)
 [0,9.71556e-05)
 [0,9.75132e-05)
 [0,9.77516e-05)
 [0,9.79304e-05)
 [0,9.82881e-05)
 [0,9.87053e-05)
 [0,0.000100017)
 [0,0.000100136)
 [0,0.000100315)
 [0,0.000100434)
 [0,0.000100553)
 [0,0.000100851)
 [0,0.000100851)
 [0,0.00010103)
 [0,0.000101149)
 [0,0.000101328)
 [0,0.000101388)
 [0,0.000102401)
 [0,0.00010252)
 [0,0.000102937)
 [0,0.000103176)
 [0,0.000103414)
 [0,0.000103652)
 [0,0.000103921)
 [0,0.000104129)
 [0,0.000104249)
 [0,0.000104368)
 [0,0.000104487)
 [0,0.000104845)
 [0,0.000105023)
 [0,0.000105113)
 [0,0.000105143)
 [0,0.000105202)
 [0,0.000105262)
 [0,0.000105262)
 [0,0.000105321)
 [0,0.000105441)
 [0,0.000105441)
 [0,0.0001055)
 [0,0.00010556)
 [0,0.000105619)
 [0,0.000105619)
 [0,0.000105977)
 [0,0.000106037)
 [0,0.000106275)
 [0,0.000106633)
 [0,0.000106812)
 [0,0.00010705)
 [0,0.00010711)
 [0,0.000107229)
 [0,0.000107408)
 [0,0.000107795)
 [0,0.000107825)
 [0,0.000108749)
 [0,0.000108838)
 [0,0.000109375)
 [0,0.000109613)
 [0,0.000109613)
 [0,0.000110149)
 [0,0.000110507)
 [0,0.000110567)
 [0,0.000110686)
 [0,0.000111043)
 [0,0.000111043)
 [0,0.000111431)
 [0,0.000111461)
 [0,0.000111639)
 [0,0.000112116)
 [0,0.000112176)
 [0,0.000112474)
 [0,0.000112951)
 [0,0.00011313)
 [0,0.000113368)
 [0,0.000113845)
 [0,0.00011462)
 [0,0.000114739)
 [0,0.000114916)
 [0,0.000115156)
 [0,0.000115335)
 [0,0.000115514)
 [0,0.000115752)
 [0,0.000115871)
 [0,0.000115871)
 [0,0.00011611)
 [0,0.00011611)
 [0,0.00011611)
 [0,0.000116229)
 [0,0.000117481)
 [0,0.000117958)
 [0,0.000118196)
 [0,0.000118196)
 [0,0.000118285)
 [0,0.000118494)
 [0,0.000118911)
 [0,0.00011909)
 [0,0.000119209)
 [0,0.000119686)
 [0,0.000119746)
 [0,0.000120103)
 [0,0.000120163)
 [0,0.000120163)
 [0,0.000120938)
 [0,0.000121236)
 [0,0.000121534)
 [0,0.000121772)
 [0,0.000121832)
 [0,0.000122011)
 [0,0.000122011)
 [0,0.0001221)
 [0,0.000122607)
 [0,0.000123143)
 [0,0.000123262)
 [0,0.00012356)
 [0,0.000124156)
 [0,0.000124454)
 [0,0.000124693)
 [0,0.000124753)
 [0,0.000124931)
 [0,0.000125051)
 [0,0.000125229)
 [0,0.000125349)
 [0,0.000125468)
 [0,0.000125766)
 [0,0.000126064)
 [0,0.000126262)
 [0,0.000126302)
 [0,0.000126749)
 [0,0.000126898)
 [0,0.000126928)
 [0,0.000127017)
 [0,0.000127316)
 [0,0.000127375)
 [0,0.000127435)
 [0,0.000127614)
 [0,0.000127882)
 [0,0.00012815)
 [0,0.00012821)
 [0,0.000128448)
 [0,0.000128448)
 [0,0.000128567)
 [0,0.000128776)
 [0,0.0001297)
 [0,0.000130177)
 [0,0.000131667)
 [0,0.000131786)
 [0,0.000131845)
 [0,0.000132501)
 [0,0.000133038)
 [0,0.000133097)
 [0,0.000133216)
 [0,0.000133276)
 [0,0.000133693)
 [0,0.000133872)
 [0,0.000134349)
 [0,0.000134408)
 [0,0.000134468)
 [0,0.000134647)
 [0,0.000134677)
 [0,0.000135005)
 [0,0.000135243)
 [0,0.000135362)
 [0,0.000135601)
 [0,0.000135958)
 [0,0.000136077)
 [0,0.000136197)
 [0,0.000136375)
 [0,0.00013715)
 [0,0.000137448)
 [0,0.000137627)
 [0,0.000137657)
 [0,0.000137806)
 [0,0.000138015)
 [0,0.000138044)
 [0,0.000138283)
 [0,0.000138491)
 [0,0.0001387)
 [0,0.0001387)
 [0,0.000139296)
 [0,0.00014019)
 [0,0.00014025)
 [0,0.000140309)
 [0,0.000140727)
 [0,0.000140905)
 [0,0.000141382)
 [0,0.000141501)
 [0,0.00014168)
 [0,0.00014174)
 [0,0.000142276)
 [0,0.000142276)
 [0,0.000142336)
 [0,0.000142395)
 [0,0.000142813)
 [0,0.000143051)
 [0,0.000143409)
 [0,0.000144124)
 [0,0.000144124)
 [0,0.000144184)
 [0,0.000145018)
 [0,0.000145257)
 [0,0.000145555)
 [0,0.000145555)
 [0,0.000145733)
 [0,0.000145912)
 [0,0.000146151)
 [0,0.000146389)
 [0,0.000146389)
 [0,0.000146449)
 [0,0.000147164)
 [0,0.000147581)
 [0,0.0001477)
 [0,0.000149369)
 [0,0.000149488)
 [0,0.000149548)
 [0,0.000149608)
 [0,0.000150144)
 [0,0.000150204)
 [0,0.000150561)
 [0,0.00015074)
 [0,0.000151396)
 [0,0.000151396)
 [0,0.000151813)
 [0,0.000151813)
 [0,0.000151813)
 [0,0.000153065)
 [0,0.000153124)
 [0,0.000153184)
 [0,0.000153214)
 [0,0.00015372)
 [0,0.000154316)
 [0,0.000154555)
 [0,0.000154674)
 [0,0.000154912)
 [0,0.000155389)
 [0,0.000155449)
 [0,0.000155687)
 [0,0.000155926)
 [0,0.000156224)
 [0,0.000156641)
 [0,0.00015676)
 [0,0.00015679)
 [0,0.00015682)
 [0,0.000156879)
 [0,0.000156999)
 [0,0.000157058)
 [0,0.000157237)
 [0,0.000157535)
 [0,0.000157595)
 [0,0.000157714)
 [0,0.000157952)
 [0,0.000158131)
 [0,0.000158191)
 [0,0.000158191)
 [0,0.00015825)
 [0,0.000158399)
 [0,0.000158608)
 [0,0.000159323)
 [0,0.000159919)
 [0,0.000160396)
 [0,0.000160575)
 [0,0.000160694)
 [0,0.000160873)
 [0,0.000162423)
 [0,0.000162899)
 [0,0.000163019)
 [0,0.000163376)
 [0,0.000164211)
 [0,0.000164449)
 [0,0.000164747)
 [0,0.000166118)
 [0,0.000166535)
 [0,0.000167191)
 [0,0.000167429)
 [0,0.000167608)
 [0,0.000167668)
 [0,0.000168145)
 [0,0.000168622)
 [0,0.000169337)
 [0,0.000169754)
 [0,0.000169992)
 [0,0.000170112)
 [0,0.000170261)
 [0,0.000170469)
 [0,0.000170588)
 [0,0.000171006)
 [0,0.000171036)
 [0,0.00017184)
 [0,0.000172377)
 [0,0.000173032)
 [0,0.000173211)
 [0,0.000173271)
 [0,0.000173807)
 [0,0.000174046)
 [0,0.000174344)
 [0,0.000174433)
 [0,0.000174522)
 [0,0.000174671)
 [0,0.000175595)
 [0,0.00017637)
 [0,0.00017792)
 [0,0.000178099)
 [0,0.00017947)
 [0,0.000180036)
 [0,0.000180125)
 [0,0.000180185)
 [0,0.000180423)
 [0,0.000180721)
 [0,0.00018096)
 [0,0.000181019)
 [0,0.000181198)
 [0,0.000181586)
 [0,0.000181645)
 [0,0.000182331)
 [0,0.00018239)
 [0,0.000183165)
 [0,0.000183344)
 [0,0.000183523)
 [0,0.00018394)
 [0,0.000184059)
 [0,0.000184119)
 [0,0.000185072)
 [0,0.000185072)
 [0,0.000185668)
 [0,0.000185847)
 [0,0.000186026)
 [0,0.000186722)
 [0,0.000186771)
 [0,0.000186801)
 [0,0.000186831)
 [0,0.000187039)
 [0,0.000187576)
 [0,0.000187576)
 [0,0.000188172)
 [0,0.000188529)
 [0,0.000189543)
 [0,0.000189722)
 [0,0.0001899)
 [0,0.00019002)
 [0,0.000190318)
 [0,0.000190616)
 [0,0.000191212)
 [0,0.000191242)
 [0,0.000191322)
 [0,0.000191689)
 [0,0.000191808)
 [0,0.000191808)
 [0,0.000192463)
 [0,0.000192523)
 [0,0.000192583)
 [0,0.000192583)
 [0,0.000193238)
 [0,0.000194371)
 [0,0.00019455)
 [0,0.000195146)
 [0,0.000195444)
 [0,0.00019592)
 [0,0.00019628)
 [0,0.000196397)
 [0,0.000196457)
 [0,0.000196594)
 [0,0.000196874)
 [0,0.000196874)
 [0,0.000196993)
 [0,0.000197947)
 [0,0.000198662)
 [0,0.000198841)
 [0,0.00019908)
 [0,0.000200927)
 [0,0.000201225)
 [0,0.000201255)
 [0,0.000201344)
 [0,0.000201344)
 [0,0.000201821)
 [0,0.000202656)
 [0,0.000202954)
 [0,0.000203311)
 [0,0.00020355)
 [0,0.00020355)
 [0,0.00020358)
 [0,0.000203788)
 [0,0.000204146)
 [0,0.000205457)
 [0,0.000205994)
 [0,0.000205994)
 [0,0.000205994)
 [0,0.000206947)
 [0,0.000207365)
 [0,0.000207841)
 [0,0.000208199)
 [0,0.000208557)
 [0,0.000209451)
 [0,0.00020957)
 [0,0.000209749)
 [0,0.000210404)
 [0,0.000210464)
 [0,0.000211716)
 [0,0.000211954)
 [0,0.000212193)
 [0,0.000212252)
 [0,0.000212729)
 [0,0.000213623)
 [0,0.000213742)
 [0,0.000213742)
 [0,0.000214159)
 [0,0.000215322)
 [0,0.000215411)
 [0,0.000215977)
 [0,0.000216544)
 [0,0.000217021)
 [0,0.000217974)
 [0,0.000218034)
 [0,0.000218362)
 [0,0.000218749)
 [0,0.000219077)
 [0,0.000219643)
 [0,0.00022018)
 [0,0.000220537)
 [0,0.000221491)
 [0,0.000222445)
 [0,0.000223398)
 [0,0.000224948)
 [0,0.000225008)
 [0,0.000225127)
 [0,0.000225246)
 [0,0.000225365)
 [0,0.000225723)
 [0,0.000226349)
 [0,0.000226378)
 [0,0.000227332)
 [0,0.000227928)
 [0,0.000228375)
 [0,0.000228584)
 [0,0.000229061)
 [0,0.00022918)
 [0,0.000229239)
 [0,0.000229537)
 [0,0.000229776)
 [0,0.000229895)
 [0,0.000230074)
 [0,0.000230581)
 [0,0.000230849)
 [0,0.000232697)
 [0,0.000233233)
 [0,0.00023365)
 [0,0.00023371)
 [0,0.000233948)
 [0,0.000234008)
 [0,0.000234127)
 [0,0.000234127)
 [0,0.000234842)
 [0,0.000235081)
 [0,0.00023514)
 [0,0.000235736)
 [0,0.000235915)
 [0,0.000235975)
 [0,0.000237405)
 [0,0.000238121)
 [0,0.000238657)
 [0,0.000239283)
 [0,0.000239313)
 [0,0.000240147)
 [0,0.000240207)
 [0,0.000241399)
 [0,0.000242293)
 [0,0.00024277)
 [0,0.000243127)
 [0,0.000243276)
 [0,0.000243306)
 [0,0.000243664)
 [0,0.000244379)
 [0,0.000245631)
 [0,0.000246078)
 [0,0.000246644)
 [0,0.000247836)
 [0,0.000248313)
 [0,0.000248522)
 [0,0.000249028)
 [0,0.000251114)
 [0,0.000252366)
 [0,0.000252485)
 [0,0.000253141)
 [0,0.000255466)
 [0,0.000255495)
 [0,0.000256002)
 [0,0.000256568)
 [0,0.000257075)
 [0,0.000258267)
 [0,0.000259459)
 [0,0.000260144)
 [0,0.000260234)
 [0,0.000260234)
 [0,0.00026077)
 [0,0.000261068)
 [0,0.000261366)
 [0,0.000261486)
 [0,0.000263214)
 [0,0.000264078)
 [0,0.000264883)
 [0,0.000265241)
 [0,0.000265658)
 [0,0.000267208)
 [0,0.000267506)
 [0,0.000267565)
 [0,0.000268579)
 [0,0.000270844)
 [0,0.000270963)
 [0,0.000271022)
 [0,0.000271082)
 [0,0.000271082)
 [0,0.000271499)
 [0,0.000272334)
 [0,0.00027293)
 [0,0.000272989)
 [0,0.000273049)
 [0,0.000274211)
 [0,0.000275671)
 [0,0.0002774)
 [0,0.000277668)
 [0,0.000279725)
 [0,0.000280499)
 [0,0.000280857)
 [0,0.000281036)
 [0,0.000281155)
 [0,0.000281513)
 [0,0.000281751)
 [0,0.00028199)
 [0,0.000282347)
 [0,0.000283539)
 [0,0.000283688)
 [0,0.000283778)
 [0,0.000283957)
 [0,0.00028494)
 [0,0.000285327)
 [0,0.00028789)
 [0,0.000287959)
 [0,0.00028801)
 [0,0.000288129)
 [0,0.000289738)
 [0,0.000289977)
 [0,0.000290126)
 [0,0.000290245)
 [0,0.000290573)
 [0,0.000292063)
 [0,0.000292122)
 [0,0.000293255)
 [0,0.000293314)
 [0,0.000293374)
 [0,0.000293434)
 [0,0.000293613)
 [0,0.000293732)
 [0,0.00029403)
 [0,0.000294358)
 [0,0.000294685)
 [0,0.000295341)
 [0,0.000296116)
 [0,0.000298321)
 [0,0.000298321)
 [0,0.000298381)
 [0,0.00029856)
 [0,0.000299513)
 [0,0.000299811)
 [0,0.000299811)
 [0,0.000299931)
 [0,0.00030005)
 [0,0.000300288)
 [0,0.000302851)
 [0,0.000303149)
 [0,0.000304699)
 [0,0.000304937)
 [0,0.000304937)
 [0,0.000306278)
 [0,0.000306904)
 [0,0.000307113)
 [0,0.00030911)
 [0,0.000309885)
 [0,0.000310421)
 [0,0.000311673)
 [0,0.000312507)
 [0,0.000312984)
 [0,0.00031352)
 [0,0.000314832)
 [0,0.000315487)
 [0,0.000317097)
 [0,0.000317931)
 [0,0.00031966)
 [0,0.000319719)
 [0,0.000319928)
 [0,0.000320345)
 [0,0.000320494)
 [0,0.000321269)
 [0,0.000321746)
 [0,0.000323117)
 [0,0.000323474)
 [0,0.000323772)
 [0,0.00032413)
 [0,0.000324547)
 [0,0.000324786)
 [0,0.000325203)
 [0,0.00032571)
 [0,0.000326157)
 [0,0.000326633)
 [0,0.000326753)
 [0,0.000327259)
 [0,0.000327766)
 [0,0.000327826)
 [0,0.000327885)
 [0,0.000328541)
 [0,0.00032872)
 [0,0.000328958)
 [0,0.000330031)
 [0,0.000331908)
 [0,0.000332057)
 [0,0.00033325)
 [0,0.00033325)
 [0,0.000333905)
 [0,0.000337511)
 [0,0.000337541)
 [0,0.000338942)
 [0,0.000340283)
 [0,0.000340959)
 [0,0.000342071)
 [0,0.000343174)
 [0,0.000345469)
 [0,0.000346035)
 [0,0.000346899)
 [0,0.000350118)
 [0,0.000350177)
 [0,0.000353366)
 [0,0.000353396)
 [0,0.000357419)
 [0,0.000359595)
 [0,0.000360489)
 [0,0.000361145)
 [0,0.000362098)
 [0,0.000362813)
 [0,0.000363111)
 [0,0.00036335)
 [0,0.000363409)
 [0,0.000365078)
 [0,0.000367641)
 [0,0.000368237)
 [0,0.000372047)
 [0,0.00037238)
 [0,0.000374109)
 [0,0.000374496)
 [0,0.000375092)
 [0,0.00037545)
 [0,0.000376672)
 [0,0.000378519)
 [0,0.000380427)
 [0,0.000380635)
 [0,0.000380814)
 [0,0.000380933)
 [0,0.000382304)
 [0,0.000382483)
 [0,0.0003829)
 [0,0.000383854)
 [0,0.00038439)
 [0,0.000384748)
 [0,0.000385046)
 [0,0.000388563)
 [0,0.000389397)
 [0,0.000389636)
 [0,0.000389665)
 [0,0.000389814)
 [0,0.000390023)
 [0,0.000391901)
 [0,0.000393778)
 [0,0.000393927)
 [0,0.000394374)
 [0,0.000394802)
 [0,0.000399709)
 [0,0.000401972)
 [0,0.000402093)
 [0,0.00040257)
 [0,0.000402868)
 [0,0.000403434)
 [0,0.000404239)
 [0,0.000404403)
 [0,0.000405014)
 [0,0.000405163)
 [0,0.000406086)
 [0,0.00040777)
 [0,0.000409104)
 [0,0.000409156)
 [0,0.000409842)
 [0,0.000410497)
 [0,0.000410557)
 [0,0.000412047)
 [0,0.000414908)
 [0,0.000415057)
 [0,0.000418663)
 [0,0.000419617)
 [0,0.000420928)
 [0,0.000421584)
 [0,0.000421584)
 [0,0.00042218)
 [0,0.000423133)
 [0,0.000424176)
 [0,0.000425935)
 [0,0.000430614)
 [0,0.000434499)
 [0,0.000434846)
 [0,0.000435263)
 [0,0.000436425)
 [0,0.000436693)
 [0,0.000438392)
 [0,0.000439167)
 [0,0.000440359)
 [0,0.000440747)
 [0,0.000441432)
 [0,0.000444621)
 [0,0.000444919)
 [0,0.000445724)
 [0,0.000446379)
 [0,0.000446558)
 [0,0.000446796)
 [0,0.000447184)
 [0,0.00045073)
 [0,0.000451148)
 [0,0.000452638)
 [0,0.000452727)
 [0,0.000452876)
 [0,0.000453591)
 [0,0.000454307)
 [0,0.00045526)
 [0,0.000457227)
 [0,0.000458837)
 [0,0.000460088)
 [0,0.000460952)
 [0,0.000461161)
 [0,0.000461638)
 [0,0.000461698)
 [0,0.000462472)
 [0,0.000462621)
 [0,0.000465095)
 [0,0.000465631)
 [0,0.000468075)
 [0,0.000469893)
 [0,0.000472844)
 [0,0.000474125)
 [0,0.000474244)
 [0,0.000474691)
 [0,0.000476122)
 [0,0.000477612)
 [0,0.000479251)
 [0,0.000480831)
 [0,0.000481367)
 [0,0.000483751)
 [0,0.00048387)
 [0,0.000484496)
 [0,0.000486509)
 [0,0.000487738)
 [0,0.000487761)
 [0,0.000488043)
 [0,0.000491679)
 [0,0.000492322)
 [0,0.000493228)
 [0,0.000495315)
 [0,0.000496805)
 [0,0.00050056)
 [0,0.000501633)
 [0,0.000501812)
 [0,0.000504196)
 [0,0.000504851)
 [0,0.000505805)
 [0,0.000506214)
 [0,0.000507891)
 [0,0.000507951)
 [0,0.00050804)
 [0,0.0005095)
 [0,0.000510514)
 [0,0.000511527)
 [0,0.000512123)
 [0,0.000512809)
 [0,0.000513434)
 [0,0.000515759)
 [0,0.000517517)
 [0,0.000518233)
 [0,0.00051865)
 [0,0.000519097)
 [0,0.000519306)
 [0,0.000519633)
 [0,0.000525219)
 [0,0.000525564)
 [0,0.000525624)
 [0,0.000531644)
 [0,0.000531793)
 [0,0.000537157)
 [0,0.000538766)
 [0,0.000542343)
 [0,0.000542998)
 [0,0.000543058)
 [0,0.000544459)
 [0,0.000544518)
 [0,0.000545472)
 [0,0.000546396)
 [0,0.000549495)
 [0,0.000553071)
 [0,0.00055322)
 [0,0.000555217)
 [0,0.000561118)
 [0,0.000561595)
 [0,0.000561973)
 [0,0.00056228)
 [0,0.000562906)
 [0,0.000565797)
 [0,0.000565857)
 [0,0.000566304)
 [0,0.000569046)
 [0,0.000569403)
 [0,0.000570357)
 [0,0.000570953)
 [0,0.000570953)
 [0,0.000572026)
 [0,0.000574887)
 [0,0.000577629)
 [0,0.000579894)
 [0,0.000588387)
 [0,0.000588983)
 [0,0.000597924)
 [0,0.000597935)
 [0,0.000601888)
 [0,0.000603102)
 [0,0.000609398)
 [0,0.000610054)
 [0,0.000610769)
 [0,0.000613123)
 [0,0.000614166)
 [0,0.000621676)
 [0,0.000622224)
 [0,0.000623107)
 [0,0.000623435)
 [0,0.000623882)
 [0,0.00062418)
 [0,0.000624686)
 [0,0.00062573)
 [0,0.00062716)
 [0,0.000628754)
 [0,0.000629127)
 [0,0.000630826)
 [0,0.000632703)
 [0,0.00063616)
 [0,0.000636518)
 [0,0.000636556)
 [0,0.000636816)
 [0,0.000641346)
 [0,0.000641376)
 [0,0.00064677)
 [0,0.000653233)
 [0,0.000653803)
 [0,0.000657797)
 [0,0.000659555)
 [0,0.00066027)
 [0,0.000661075)
 [0,0.000661373)
 [0,0.000665039)
 [0,0.000667141)
 [0,0.000670046)
 [0,0.000670164)
 [0,0.000672936)
 [0,0.000680149)
 [0,0.000680387)
 [0,0.000682056)
 [0,0.000683367)
 [0,0.000684261)
 [0,0.000687301)
 [0,0.00068742)
 [0,0.000688195)
 [0,0.000694275)
 [0,0.000696599)
 [0,0.000700742)
 [0,0.000703424)
 [0,0.000710416)
 [0,0.000712931)
 [0,0.000718082)
 [0,0.000719786)
 [0,0.000724167)
 [0,0.000724435)
 [0,0.000727892)
 [0,0.000728386)
 [0,0.000729084)
 [0,0.000731945)
 [0,0.000735372)
 [0,0.000736356)
 [0,0.000738055)
 [0,0.000750746)
 [0,0.000751436)
 [0,0.000755308)
 [0,0.000755846)
 [0,0.000760853)
 [0,0.000762969)
 [0,0.000765115)
 [0,0.000765979)
 [0,0.000769198)
 [0,0.000773638)
 [0,0.00077635)
 [0,0.000785947)
 [0,0.000796852)
 [0,0.000802377)
 [0,0.000804096)
 [0,0.000806212)
 [0,0.000812054)
 [0,0.000813097)
 [0,0.000814825)
 [0,0.000817418)
 [0,0.000818134)
 [0,0.000818968)
 [0,0.000820637)
 [0,0.000821966)
 [0,0.000825793)
 [0,0.000830144)
 [0,0.00083061)
 [0,0.000831634)
 [0,0.000831962)
 [0,0.000836283)
 [0,0.000840312)
 [0,0.000843926)
 [0,0.0008443)
 [0,0.000844699)
 [0,0.000846744)
 [0,0.000846952)
 [0,0.000848131)
 [0,0.000850171)
 [0,0.00085245)
 [0,0.000854522)
 [0,0.000859321)
 [0,0.000862598)
 [0,0.000866713)
 [0,0.00086695)
 [0,0.000870287)
 [0,0.00087443)
 [0,0.000875384)
 [0,0.000876933)
 [0,0.0008775)
 [0,0.000881433)
 [0,0.000885516)
 [0,0.000885695)
 [0,0.000885963)
 [0,0.000886142)
 [0,0.000889269)
 [0,0.000890315)
 [0,0.000894547)
 [0,0.000895642)
 [0,0.000895649)
 [0,0.00090161)
 [0,0.000904977)
 [0,0.000909865)
 [0,0.000920475)
 [0,0.000920913)
 [0,0.000925779)
 [0,0.000929862)
 [0,0.000934392)
 [0,0.000935048)
 [0,0.000952184)
 [0,0.000952884)
 [0,0.000954866)
 [0,0.000955493)
 [0,0.000956674)
 [0,0.000960977)
 [0,0.000964522)
 [0,0.000965267)
 [0,0.000970738)
 [0,0.000972003)
 [0,0.000981987)
 [0,0.000983536)
 [0,0.000984437)
 [0,0.000984669)
 [0,0.000984967)
 [0,0.000990152)
 [0,0.000991374)
 [0,0.00101393)
 [0,0.00101628)
 [0,0.00101712)
 [0,0.00101814)
 [0,0.00102311)
 [0,0.00102618)
 [0,0.00102645)
 [0,0.00102657)
 [0,0.00104105)
 [0,0.00104245)
 [0,0.00104326)
 [0,0.00104729)
 [0,0.00106622)
 [0,0.00108061)
 [0,0.00108064)
 [0,0.00108153)
 [0,0.00108465)
 [0,0.00108875)
 [0,0.0010891)
 [0,0.00109253)
 [0,0.00109512)
 [0,0.0010961)
 [0,0.00109806)
 [0,0.00109867)
 [0,0.00109872)
 [0,0.00110445)
 [0,0.00111288)
 [0,0.00111443)
 [0,0.0011189)
 [0,0.00112439)
 [0,0.00112521)
 [0,0.00112557)
 [0,0.00113395)
 [0,0.00113545)
 [0,0.00113746)
 [0,0.00113821)
 [0,0.00114027)
 [0,0.00114173)
 [0,0.00114679)
 [0,0.00114992)
 [0,0.0011521)
 [0,0.00115296)
 [0,0.00115481)
 [0,0.00116602)
 [0,0.0011693)
 [0,0.00117394)
 [0,0.00117573)
 [0,0.00117871)
 [0,0.00118688)
 [0,0.00120336)
 [0,0.00120928)
 [0,0.00120959)
 [0,0.00120987)
 [0,0.00121284)
 [0,0.00122184)
 [0,0.00122303)
 [0,0.00122318)
 [0,0.00122377)
 [0,0.00122396)
 [0,0.00123106)
 [0,0.0012315)
 [0,0.0012324)
 [0,0.00123256)
 [0,0.00123269)
 [0,0.00124064)
 [0,0.00124085)
 [0,0.00124246)
 [0,0.00124353)
 [0,0.00124654)
 [0,0.00125307)
 [0,0.00125703)
 [0,0.00125735)
 [0,0.00126246)
 [0,0.00126544)
 [0,0.00126927)
 [0,0.00127377)
 [0,0.00127473)
 [0,0.00127591)
 [0,0.00127941)
 [0,0.00128078)
 [0,0.00128117)
 [0,0.00128263)
 [0,0.00128546)
 [0,0.00128671)
 [0,0.00128755)
 [0,0.00129466)
 [0,0.00129652)
 [0,0.00129733)
 [0,0.00131327)
 [0,0.00131357)
 [0,0.00131491)
 [0,0.00132078)
 [0,0.0013259)
 [0,0.00132701)
 [0,0.00133133)
 [0,0.00133667)
 [0,0.00133782)
 [0,0.00134084)
 [0,0.00134171)
 [0,0.00135683)
 [0,0.00136134)
 [0,0.0013651)
 [0,0.00136984)
 [0,0.00137129)
 [0,0.00137952)
 [0,0.00138367)
 [0,0.00139607)
 [0,0.0013971)
 [0,0.00140145)
 [0,0.00140852)
 [0,0.00140958)
 [0,0.00141348)
 [0,0.0014185)
 [0,0.00142038)
 [0,0.00142268)
 [0,0.00143524)
 [0,0.0014409)
 [0,0.00145042)
 [0,0.00145191)
 [0,0.00145423)
 [0,0.00145574)
 [0,0.00145659)
 [0,0.00146058)
 [0,0.00146262)
 [0,0.00146417)
 [0,0.00146792)
 [0,0.00147216)
 [0,0.00147375)
 [0,0.00148527)
 [0,0.00148622)
 [0,0.00148732)
 [0,0.00149906)
 [0,0.00150022)
 [0,0.0015016)
 [0,0.00150929)
 [0,0.00150943)
 [0,0.00152006)
 [0,0.00152687)
 [0,0.00152795)
 [0,0.00153498)
 [0,0.00153581)
 [0,0.00153943)
 [0,0.00154407)
 [0,0.00155054)
 [0,0.00155571)
 [0,0.00155663)
 [0,0.00155881)
 [0,0.00156475)
 [0,0.00156498)
 [0,0.00156529)
 [0,0.001566)
 [0,0.00156659)
 [0,0.00156918)
 [0,0.00157188)
 [0,0.00157294)
 [0,0.00157477)
 [0,0.00157844)
 [0,0.00158039)
 [0,0.00159276)
 [0,0.00160139)
 [0,0.00160623)
 [0,0.0016081)
 [0,0.00160963)
 [0,0.00161068)
 [0,0.00161731)
 [0,0.00161907)
 [0,0.00163381)
 [0,0.00163667)
 [0,0.00164719)
 [0,0.00164918)
 [0,0.00165055)
 [0,0.00165266)
 [0,0.00165933)
 [0,0.00166058)
 [0,0.00167887)
 [0,0.00167972)
 [0,0.00168649)
 [0,0.00168758)
 [0,0.00168965)
 [0,0.00170082)
 [0,0.00170273)
 [0,0.00170299)
 [0,0.00170323)
 [0,0.00170664)
 [0,0.00171078)
 [0,0.00171119)
 [0,0.00171664)
 [0,0.00172573)
 [0,0.00175368)
 [0,0.00175623)
 [0,0.00176092)
 [0,0.00176281)
 [0,0.00176498)
 [0,0.00176642)
 [0,0.00177302)
 [0,0.00177625)
 [0,0.00177694)
 [0,0.0017776)
 [0,0.00178473)
 [0,0.00178725)
 [0,0.00178802)
 [0,0.00178841)
 [0,0.0017893)
 [0,0.00178988)
 [0,0.00181872)
 [0,0.00181881)
 [0,0.00182027)
 [0,0.00182766)
 [0,0.00182941)
 [0,0.00183382)
 [0,0.00184259)
 [0,0.00184634)
 [0,0.00184728)
 [0,0.00185186)
 [0,0.00185405)
 [0,0.00185477)
 [0,0.00187078)
 [0,0.00188677)
 [0,0.00188932)
 [0,0.00189062)
 [0,0.00189249)
 [0,0.00189571)
 [0,0.00190365)
 [0,0.00190848)
 [0,0.00191086)
 [0,0.00191333)
 [0,0.00191482)
 [0,0.00191785)
 [0,0.00192538)
 [0,0.00193483)
 [0,0.00193729)
 [0,0.00194654)
 [0,0.00197104)
 [0,0.00197171)
 [0,0.00197235)
 [0,0.00198243)
 [0,0.00198514)
 [0,0.00198676)
 [0,0.00199045)
 [0,0.00199269)
 [0,0.00199423)
 [0,0.00199819)
 [0,0.00200169)
 [0,0.00200523)
 [0,0.00200863)
 [0,0.00201742)
 [0,0.00201869)
 [0,0.0020203)
 [0,0.00203064)
 [0,0.0020338)
 [0,0.00203887)
 [0,0.00204179)
 [0,0.00204227)
 [0,0.00204667)
 [0,0.00204879)
 [0,0.00205094)
 [0,0.00206398)
 [0,0.00207054)
 [0,0.00207248)
 [0,0.00207365)
 [0,0.00207528)
 [0,0.00207667)
 [0,0.00208125)
 [0,0.00209102)
 [0,0.00209177)
 [0,0.00209901)
 [0,0.00210267)
 [0,0.00211083)
 [0,0.00212252)
 [0,0.00212756)
 [0,0.00213441)
 [0,0.00213459)
 [0,0.00213827)
 [0,0.00214433)
 [0,0.00214508)
 [0,0.00215399)
 [0,0.0021605)
 [0,0.00216099)
 [0,0.00216243)
 [0,0.0021654)
 [0,0.00217307)
 [0,0.00217399)
 [0,0.0021757)
 [0,0.00218449)
 [0,0.00218484)
 [0,0.00218986)
 [0,0.00219676)
 [0,0.00219774)
 [0,0.00219788)
 [0,0.0021992)
 [0,0.00220786)
 [0,0.00221086)
 [0,0.00221902)
 [0,0.00222382)
 [0,0.00222383)
 [0,0.00222987)
 [0,0.00222993)
 [0,0.00223504)
 [0,0.0022414)
 [0,0.0022421)
 [0,0.00224301)
 [0,0.00224956)
 [0,0.00225188)
 [0,0.00225548)
 [0,0.00225811)
 [0,0.0022584)
 [0,0.00226124)
 [0,0.00226341)
 [0,0.00226847)
 [0,0.00227401)
 [0,0.00227759)
 [0,0.00227906)
 [0,0.00228333)
 [0,0.00228531)
 [0,0.00228633)
 [0,0.00228839)
 [0,0.002293)
 [0,0.00229388)
 [0,0.00231124)
 [0,0.00232289)
 [0,0.00233337)
 [0,0.00233796)
 [0,0.00233831)
 [0,0.00233865)
 [0,0.002347)
 [0,0.00234842)
 [0,0.00235168)
 [0,0.00235256)
 [0,0.00235432)
 [0,0.00235556)
 [0,0.0023559)
 [0,0.00236163)
 [0,0.00236989)
 [0,0.00237019)
 [0,0.00237095)
 [0,0.00237327)
 [0,0.00237996)
 [0,0.0023801)
 [0,0.00238041)
 [0,0.00238625)
 [0,0.00239759)
 [0,0.00240179)
 [0,0.00240382)
 [0,0.00240568)
 [0,0.00241107)
 [0,0.00241398)
 [0,0.0024156)
 [0,0.00241869)
 [0,0.00241955)
 [0,0.00243119)
 [0,0.00243894)
 [0,0.00246195)
 [0,0.00246417)
 [0,0.0024656)
 [0,0.00246594)
 [0,0.00247287)
 [0,0.00248331)
 [0,0.00249466)
 [0,0.00250219)
 [0,0.00250291)
 [0,0.00251047)
 [0,0.00251704)
 [0,0.00252289)
 [0,0.00252319)
 [0,0.00253098)
 [0,0.0025325)
 [0,0.00253401)
 [0,0.00253475)
 [0,0.00253719)
 [0,0.00253758)
 [0,0.00254195)
 [0,0.00254747)
 [0,0.00254957)
 [0,0.0025534)
 [0,0.00255936)
 [0,0.0025614)
 [0,0.00256298)
 [0,0.0025681)
 [0,0.00257507)
 [0,0.00257535)
 [0,0.00257602)
 [0,0.00257764)
 [0,0.00257884)
 [0,0.00258148)
 [0,0.0025982)
 [0,0.00260918)
 [0,0.00260926)
 [0,0.00261061)
 [0,0.00261621)
 [0,0.00262817)
 [0,0.00262972)
 [0,0.00263026)
 [0,0.00263167)
 [0,0.00263532)
 [0,0.00263994)
 [0,0.00264136)
 [0,0.00264177)
 [0,0.00265)
 [0,0.00265125)
 [0,0.00265506)
 [0,0.00265635)
 [0,0.00266009)
 [0,0.00266824)
 [0,0.00267443)
 [0,0.00267819)
 [0,0.00268338)
 [0,0.00268808)
 [0,0.00269418)
 [0,0.00270435)
 [0,0.00271464)
 [0,0.00271962)
 [0,0.00273106)
 [0,0.00274133)
 [0,0.00274372)
 [0,0.0027504)
 [0,0.00275057)
 [0,0.00275067)
 [0,0.00275146)
 [0,0.002759)
 [0,0.00276142)
 [0,0.00276426)
 [0,0.00276782)
 [0,0.00277442)
 [0,0.00277963)
 [0,0.00278037)
 [0,0.00278557)
 [0,0.00278615)
 [0,0.00278657)
 [0,0.00278953)
 [0,0.00279667)
 [0,0.00279775)
 [0,0.00281399)
 [0,0.00281762)
 [0,0.00282012)
 [0,0.00282683)
 [0,0.0028275)
 [0,0.00283861)
 [0,0.00283999)
 [0,0.00284116)
 [0,0.00284187)
 [0,0.0028506)
 [0,0.00285725)
 [0,0.00285765)
 [0,0.00287512)
 [0,0.00288513)
 [0,0.00289145)
 [0,0.00289158)
 [0,0.00289163)
 [0,0.00289197)
 [0,0.00290494)
 [0,0.00291187)
 [0,0.00292516)
 [0,0.00293136)
 [0,0.00293155)
 [0,0.00295127)
 [0,0.00295639)
 [0,0.0029853)
 [0,0.00298552)
 [0,0.0029901)
 [0,0.00299761)
 [0,0.00300121)
 [0,0.00300479)
 [0,0.00300601)
 [0,0.00301344)
 [0,0.0030159)
 [0,0.00302234)
 [0,0.00302802)
 [0,0.00303292)
 [0,0.00303772)
 [0,0.00304109)
 [0,0.00304236)
 [0,0.00304449)
 [0,0.00306374)
 [0,0.00306389)
 [0,0.00307135)
 [0,0.00307149)
 [0,0.00308273)
 [0,0.00308666)
 [0,0.00308865)
 [0,0.00309004)
 [0,0.00309617)
 [0,0.00309905)
 [0,0.00310431)
 [0,0.00310505)
 [0,0.0031104)
 [0,0.00311053)
 [0,0.00311565)
 [0,0.00311948)
 [0,0.00312417)
 [0,0.00313427)
 [0,0.00314001)
 [0,0.00314133)
 [0,0.00314528)
 [0,0.00314927)
 [0,0.00315168)
 [0,0.003164)
 [0,0.00316585)
 [0,0.0031668)
 [0,0.0031674)
 [0,0.00317267)
 [0,0.00317385)
 [0,0.00317744)
 [0,0.00317771)
 [0,0.00318553)
 [0,0.00318572)
 [0,0.00318636)
 [0,0.00318706)
 [0,0.00318886)
 [0,0.00319169)
 [0,0.00319532)
 [0,0.00319963)
 [0,0.00320614)
 [0,0.00320792)
 [0,0.00320839)
 [0,0.00321338)
 [0,0.00322464)
 [0,0.00322517)
 [0,0.00322555)
 [0,0.00322804)
 [0,0.0032302)
 [0,0.00323773)
 [0,0.00324121)
 [0,0.00324752)
 [0,0.00324915)
 [0,0.00325318)
 [0,0.00325419)
 [0,0.00325597)
 [0,0.0032587)
 [0,0.00325893)
 [0,0.0032614)
 [0,0.00326379)
 [0,0.00326503)
 [0,0.00327076)
 [0,0.00328682)
 [0,0.00329631)
 [0,0.00329741)
 [0,0.00330014)
 [0,0.00330154)
 [0,0.00330423)
 [0,0.0033102)
 [0,0.00331108)
 [0,0.003314)
 [0,0.0033163)
 [0,0.00332288)
 [0,0.00332369)
 [0,0.00332483)
 [0,0.00332938)
 [0,0.00334535)
 [0,0.00334599)
 [0,0.00334668)
 [0,0.00334808)
 [0,0.00335162)
 [0,0.00335273)
 [0,0.00335308)
 [0,0.00335397)
 [0,0.00336208)
 [0,0.00336233)
 [0,0.00336252)
 [0,0.00337289)
 [0,0.00338166)
 [0,0.00338287)
 [0,0.00339182)
 [0,0.00340873)
 [0,0.00341524)
 [0,0.00341524)
 [0,0.00341685)
 [0,0.00342597)
 [0,0.00343065)
 [0,0.00344342)
 [0,0.00344591)
 [0,0.00345235)
 [0,0.0034573)
 [0,0.00345857)
 [0,0.0034621)
 [0,0.00346494)
 [0,0.00346527)
 [0,0.00347365)
 [0,0.00347816)
 [0,0.00348585)
 [0,0.00349526)
 [0,0.00349833)
 [0,0.00350236)
 [0,0.00350499)
 [0,0.00350655)
 [0,0.00350813)
 [0,0.00351252)
 [0,0.003514)
 [0,0.003517)
 [0,0.00351835)
 [0,0.00351976)
 [0,0.00352817)
 [0,0.00352841)
 [0,0.00353142)
 [0,0.00354593)
 [0,0.0035471)
 [0,0.00354952)
 [0,0.00354958)
 [0,0.00355225)
 [0,0.00355431)
 [0,0.00356101)
 [0,0.00356409)
 [0,0.00357192)
 [0,0.00357686)
 [0,0.0035845)
 [0,0.00358743)
 [0,0.00358764)
 [0,0.0036005)
 [0,0.0036036)
 [0,0.00360797)
 [0,0.00362332)
 [0,0.00362408)
 [0,0.00363201)
 [0,0.00363564)
 [0,0.00363877)
 [0,0.0036418)
 [0,0.00364252)
 [0,0.0036467)
 [0,0.00364801)
 [0,0.00365117)
 [0,0.0036521)
 [0,0.00365619)
 [0,0.00365862)
 [0,0.00365987)
 [0,0.00366771)
 [0,0.00367085)
 [0,0.00367247)
 [0,0.00367323)
 [0,0.00367482)
 [0,0.00367785)
 [0,0.00368007)
 [0,0.00368636)
 [0,0.00368845)
 [0,0.00368894)
 [0,0.00369681)
 [0,0.00369734)
 [0,0.00370662)
 [0,0.00370821)
 [0,0.00370976)
 [0,0.00371094)
 [0,0.00371145)
 [0,0.00371206)
 [0,0.00371321)
 [0,0.00371485)
 [0,0.00371624)
 [0,0.00371766)
 [0,0.00372094)
 [0,0.00372339)
 [0,0.00372583)
 [0,0.00372677)
 [0,0.00372716)
 [0,0.00374204)
 [0,0.00374465)
 [0,0.00374747)
 [0,0.00375138)
 [0,0.00375283)
 [0,0.00376287)
 [0,0.00377382)
 [0,0.00377476)
 [0,0.00378069)
 [0,0.00378211)
 [0,0.00378305)
 [0,0.00378552)
 [0,0.00378859)
 [0,0.00379019)
 [0,0.00379395)
 [0,0.00379623)
 [0,0.00380315)
 [0,0.0038053)
 [0,0.00380733)
 [0,0.00381268)
 [0,0.00381315)
 [0,0.0038132)
 [0,0.00382542)
 [0,0.00383583)
 [0,0.00383615)
 [0,0.00383819)
 [0,0.00384647)
 [0,0.00384711)
 [0,0.00385218)
 [0,0.00385299)
 [0,0.00385569)
 [0,0.00386294)
 [0,0.00387224)
 [0,0.00387407)
 [0,0.00387553)
 [0,0.00388351)
 [0,0.00388672)
 [0,0.00388749)
 [0,0.0038894)
 [0,0.00389307)
 [0,0.00389448)
 [0,0.00390098)
 [0,0.00390488)
 [0,0.00390695)
 [0,0.00391031)
 [0,0.00391059)
 [0,0.00391378)
 [0,0.0039147)
 [0,0.00392903)
 [0,0.00392995)
 [0,0.0039325)
 [0,0.00393653)
 [0,0.00394089)
 [0,0.00394869)
 [0,0.00395377)
 [0,0.00396068)
 [0,0.00396371)
 [0,0.00396399)
 [0,0.00396595)
 [0,0.00396688)
 [0,0.00397622)
 [0,0.00397984)
 [0,0.00398283)
 [0,0.00398471)
 [0,0.00398976)
 [0,0.00400014)
 [0,0.00400055)
 [0,0.00400092)
 [0,0.00400642)
 [0,0.00401121)
 [0,0.00401608)
 [0,0.00401641)
 [0,0.00402043)
 [0,0.00402206)
 [0,0.00402395)
 [0,0.00402647)
 [0,0.00402696)
 [0,0.00402727)
 [0,0.00402805)
 [0,0.00402926)
 [0,0.00402951)
 [0,0.00403668)
 [0,0.00404173)
 [0,0.00404737)
 [0,0.00404968)
 [0,0.00406364)
 [0,0.00406495)
 [0,0.0040658)
 [0,0.00406647)
 [0,0.00407249)
 [0,0.00407415)
 [0,0.00407477)
 [0,0.00408082)
 [0,0.00409067)
 [0,0.004092)
 [0,0.00409238)
 [0,0.00409865)
 [0,0.0041024)
 [0,0.00411012)
 [0,0.00411081)
 [0,0.00411201)
 [0,0.00411291)
 [0,0.00412349)
 [0,0.00412568)
 [0,0.00412593)
 [0,0.00413024)
 [0,0.00414714)
 [0,0.00414914)
 [0,0.00415103)
 [0,0.00415185)
 [0,0.00416434)
 [0,0.00416856)
 [0,0.00417456)
 [0,0.00417543)
 [0,0.00418243)
 [0,0.00418449)
 [0,0.0041887)
 [0,0.00418978)
 [0,0.00419037)
 [0,0.00419603)
 [0,0.00421288)
 [0,0.00421543)
 [0,0.00421688)
 [0,0.00421726)
 [0,0.00421972)
 [0,0.00422129)
 [0,0.0042278)
 [0,0.00423307)
 [0,0.00423811)
 [0,0.00424701)
 [0,0.0042478)
 [0,0.00425158)
 [0,0.00425408)
 [0,0.00425767)
 [0,0.00425884)
 [0,0.00426131)
 [0,0.00426537)
 [0,0.00426623)
 [0,0.00426895)
 [0,0.00427134)
 [0,0.004275)
 [0,0.00427512)
 [0,0.00427935)
 [0,0.00428221)
 [0,0.0042846)
 [0,0.00429265)
 [0,0.00429355)
 [0,0.00429394)
 [0,0.00429905)
 [0,0.00431205)
 [0,0.00432614)
 [0,0.00433321)
 [0,0.00433368)
 [0,0.00433377)
 [0,0.00433842)
 [0,0.00434345)
 [0,0.00434407)
 [0,0.00434499)
 [0,0.00435868)
 [0,0.00436262)
 [0,0.00436284)
 [0,0.00436348)
 [0,0.00436458)
 [0,0.00436462)
 [0,0.00437302)
 [0,0.00437689)
 [0,0.00437909)
 [0,0.00438121)
 [0,0.00439236)
 [0,0.00439441)
 [0,0.00439631)
 [0,0.00439809)
 [0,0.00440464)
 [0,0.00441033)
 [0,0.00442187)
 [0,0.00442611)
 [0,0.00443377)
 [0,0.00443482)
 [0,0.00443849)
 [0,0.00444175)
 [0,0.00444364)
 [0,0.00444592)
 [0,0.00444653)
 [0,0.00444735)
 [0,0.00444871)
 [0,0.00445601)
 [0,0.00445675)
 [0,0.00445966)
 [0,0.00446048)
 [0,0.00446397)
 [0,0.00446427)
 [0,0.00447064)
 [0,0.00448209)
 [0,0.00448382)
 [0,0.00448442)
 [0,0.00448544)
 [0,0.00449012)
 [0,0.0044931)
 [0,0.00450001)
 [0,0.00450484)
 [0,0.00450512)
 [0,0.00450724)
 [0,0.00450884)
 [0,0.00451019)
 [0,0.00451299)
 [0,0.00451392)
 [0,0.00451648)
 [0,0.00452427)
 [0,0.00452824)
 [0,0.00452856)
 [0,0.00452874)
 [0,0.0045354)
 [0,0.0045432)
 [0,0.00455318)
 [0,0.00455714)
 [0,0.00456408)
 [0,0.0045671)
 [0,0.00456853)
 [0,0.00457198)
 [0,0.00457233)
 [0,0.00457778)
 [0,0.00458032)
 [0,0.00458316)
 [0,0.00458494)
 [0,0.00458836)
 [0,0.00458883)
 [0,0.00458885)
 [0,0.00458968)
 [0,0.00459461)
 [0,0.0045981)
 [0,0.00460192)
 [0,0.00460315)
 [0,0.00460865)
 [0,0.00461026)
 [0,0.0046104)
 [0,0.00461245)
 [0,0.00462551)
 [0,0.004628)
 [0,0.00462827)
 [0,0.00462843)
 [0,0.00463052)
 [0,0.00463337)
 [0,0.00463378)
 [0,0.00464152)
 [0,0.00464401)
 [0,0.00465149)
 [0,0.00465659)
 [0,0.00466383)
 [0,0.00466532)
 [0,0.00467164)
 [0,0.00467655)
 [0,0.00467682)
 [0,0.00467816)
 [0,0.00467876)
 [0,0.00468759)
 [0,0.00469692)
 [0,0.00469996)
 [0,0.0047014)
 [0,0.00470241)
 [0,0.00470483)
 [0,0.00470632)
 [0,0.00470839)
 [0,0.00471567)
 [0,0.00472347)
 [0,0.00472351)
 [0,0.00472453)
 [0,0.00472598)
 [0,0.00472642)
 [0,0.00472831)
 [0,0.00472846)
 [0,0.00472929)
 [0,0.00473026)
 [0,0.00473042)
 [0,0.00473167)
 [0,0.00474111)
 [0,0.00474191)
 [0,0.00474468)
 [0,0.00475472)
 [0,0.00475475)
 [0,0.00475597)
 [0,0.00476539)
 [0,0.00476718)
 [0,0.00476806)
 [0,0.00477655)
 [0,0.00478182)
 [0,0.00478274)
 [0,0.00479269)
 [0,0.00480304)
 [0,0.00480713)
 [0,0.00481254)
 [0,0.0048317)
 [0,0.0048329)
 [0,0.00483465)
 [0,0.00483557)
 [0,0.00484028)
 [0,0.00484108)
 [0,0.00484316)
 [0,0.0048433)
 [0,0.00484395)
 [0,0.0048527)
 [0,0.00485627)
 [0,0.00485733)
 [0,0.00486036)
 [0,0.00486337)
 [0,0.00486339)
 [0,0.0048634)
 [0,0.00486793)
 [0,0.00486816)
 [0,0.00487421)
 [0,0.00487944)
 [0,0.00488651)
 [0,0.00489704)
 [0,0.00489715)
 [0,0.00490009)
 [0,0.00490118)
 [0,0.00490553)
 [0,0.00490797)
 [0,0.00491959)
 [0,0.00492282)
 [0,0.00492332)
 [0,0.00492501)
 [0,0.00494433)
 [0,0.00494879)
 [0,0.0049497)
 [0,0.0049549)
 [0,0.00495902)
 [0,0.00496544)
 [0,0.00497115)
 [0,0.00497732)
 [0,0.00497903)
 [0,0.00498469)
 [0,0.00499985)
 [0,0.00500257)
 [0,0.00500278)
 [0,0.00500686)
 [0,0.00500777)
 [0,0.00501442)
 [0,0.00501479)
 [0,0.00501965)
 [0,0.00502814)
 [0,0.00503025)
 [0,0.00503765)
 [0,0.00503795)
 [0,0.00504878)
 [0,0.00505392)
 [0,0.00506476)
 [0,0.00507471)
 [0,0.00508226)
 [0,0.00508259)
 [0,0.00508328)
 [0,0.00508494)
 [0,0.00508582)
 [0,0.00508844)
 [0,0.00508993)
 [0,0.00509424)
 [0,0.00509672)
 [0,0.00509839)
 [0,0.00510049)
 [0,0.00510588)
 [0,0.00511145)
 [0,0.00511154)
 [0,0.00511244)
 [0,0.00511534)
 [0,0.00511816)
 [0,0.00512836)
 [0,0.00513605)
 [0,0.00514379)
 [0,0.00514864)
 [0,0.00515643)
 [0,0.00517754)
 [0,0.00517895)
 [0,0.00518023)
 [0,0.0051808)
 [0,0.00518637)
 [0,0.00519247)
 [0,0.0051977)
 [0,0.00520242)
 [0,0.00520317)
 [0,0.00520579)
 [0,0.00521325)
 [0,0.00521561)
 [0,0.00521999)
 [0,0.00522464)
 [0,0.00522847)
 [0,0.00523652)
 [0,0.00523758)
 [0,0.00524814)
 [0,0.00525453)
 [0,0.00525876)
 [0,0.00525923)
 [0,0.00526231)
 [0,0.00527194)
 [0,0.0052761)
 [0,0.00529224)
 [0,0.00531418)
 [0,0.00532092)
 [0,0.00532404)
 [0,0.00532422)
 [0,0.00532626)
 [0,0.00533348)
 [0,0.00534134)
 [0,0.00534225)
 [0,0.00534388)
 [0,0.00534801)
 [0,0.00535059)
 [0,0.00535913)
 [0,0.00536855)
 [0,0.00538815)
 [0,0.00538934)
 [0,0.00539871)
 [0,0.00540211)
 [0,0.0054029)
 [0,0.00541159)
 [0,0.00541289)
 [0,0.0054171)
 [0,0.00541776)
 [0,0.00542133)
 [0,0.00543106)
 [0,0.00543351)
 [0,0.00543412)
 [0,0.00543829)
 [0,0.00543988)
 [0,0.00544095)
 [0,0.0054415)
 [0,0.00544573)
 [0,0.00544819)
 [0,0.00546715)
 [0,0.00546933)
 [0,0.00546961)
 [0,0.00547938)
 [0,0.00548211)
 [0,0.00548345)
 [0,0.00551264)
 [0,0.00552041)
 [0,0.00552098)
 [0,0.00552105)
 [0,0.00553269)
 [0,0.00554798)
 [0,0.00555073)
 [0,0.00555469)
 [0,0.00555525)
 [0,0.00557251)
 [0,0.00559171)
 [0,0.0055999)
 [0,0.00560165)
 [0,0.00560271)
 [0,0.0056104)
 [0,0.00561522)
 [0,0.00561679)
 [0,0.00562215)
 [0,0.00562218)
 [0,0.00562218)
 [0,0.00562409)
 [0,0.00563063)
 [0,0.00563931)
 [0,0.00564317)
 [0,0.00564592)
 [0,0.00564633)
 [0,0.00564834)
 [0,0.00565305)
 [0,0.00565308)
 [0,0.00565555)
 [0,0.00565621)
 [0,0.00566098)
 [0,0.00566271)
 [0,0.00566866)
 [0,0.00567155)
 [0,0.0056765)
 [0,0.00568238)
 [0,0.00568524)
 [0,0.00569575)
 [0,0.00569937)
 [0,0.00569941)
 [0,0.0057006)
 [0,0.0057067)
 [0,0.00570726)
 [0,0.00571216)
 [0,0.00571632)
 [0,0.00571832)
 [0,0.00573106)
 [0,0.00573452)
 [0,0.00574061)
 [0,0.00575256)
 [0,0.00575648)
 [0,0.00575688)
 [0,0.00577462)
 [0,0.00577491)
 [0,0.00578643)
 [0,0.00578971)
 [0,0.00581108)
 [0,0.00582398)
 [0,0.00583595)
 [0,0.00583621)
 [0,0.00584062)
 [0,0.00584341)
 [0,0.00584548)
 [0,0.00584681)
 [0,0.00584689)
 [0,0.00586747)
 [0,0.00587462)
 [0,0.00588332)
 [0,0.00588452)
 [0,0.00588581)
 [0,0.00588724)
 [0,0.0059074)
 [0,0.00591208)
 [0,0.00591417)
 [0,0.00592012)
 [0,0.00592711)
 [0,0.00592754)
 [0,0.00592838)
 [0,0.00592947)
 [0,0.00592954)
 [0,0.00593304)
 [0,0.00593677)
 [0,0.00594142)
 [0,0.00594377)
 [0,0.00594885)
 [0,0.00594926)
 [0,0.0059539)
 [0,0.00595802)
 [0,0.00596347)
 [0,0.00596998)
 [0,0.00598086)
 [0,0.00598731)
 [0,0.00599827)
 [0,0.00599857)
 [0,0.00600194)
 [0,0.00602)
 [0,0.00602911)
 [0,0.00603202)
 [0,0.00605167)
 [0,0.00607026)
 [0,0.0060833)
 [0,0.00608363)
 [0,0.00609504)
 [0,0.0061056)
 [0,0.00612761)
 [0,0.00612843)
 [0,0.00613156)
 [0,0.00613416)
 [0,0.00613846)
 [0,0.006142)
 [0,0.00614833)
 [0,0.0061503)
 [0,0.0061517)
 [0,0.0061547)
 [0,0.00616354)
 [0,0.00616697)
 [0,0.00619737)
 [0,0.00620859)
 [0,0.0062199)
 [0,0.00622287)
 [0,0.00623172)
 [0,0.00623392)
 [0,0.00623601)
 [0,0.00624097)
 [0,0.00625237)
 [0,0.00625559)
 [0,0.00626749)
 [0,0.00627331)
 [0,0.0062894)
 [0,0.0063121)
 [0,0.0063191)
 [0,0.00633542)
 [0,0.00634002)
 [0,0.00634338)
 [0,0.00634657)
 [0,0.00636406)
 [0,0.00639324)
 [0,0.00639383)
 [0,0.00639458)
 [0,0.00641658)
 [0,0.00643726)
 [0,0.0064395)
 [0,0.00644552)
 [0,0.0064533)
 [0,0.00645465)
 [0,0.0064708)
 [0,0.00647264)
 [0,0.00647456)
 [0,0.00648029)
 [0,0.00648857)
 [0,0.00650352)
 [0,0.00650491)
 [0,0.00650725)
 [0,0.00653281)
 [0,0.00654605)
 [0,0.00654824)
 [0,0.00655704)
 [0,0.00656062)
 [0,0.00656406)
 [0,0.00658406)
 [0,0.00658795)
 [0,0.00659085)
 [0,0.00660248)
 [0,0.00660427)
 [0,0.00662563)
 [0,0.00663032)
 [0,0.00663221)
 [0,0.00667055)
 [0,0.00668426)
 [0,0.00669451)
 [0,0.00669817)
 [0,0.00670772)
 [0,0.00670982)
 [0,0.00671407)
 [0,0.00672978)
 [0,0.00673062)
 [0,0.0067334)
 [0,0.00675078)
 [0,0.00675465)
 [0,0.00675582)
 [0,0.00676266)
 [0,0.00679065)
 [0,0.0068174)
 [0,0.00682853)
 [0,0.00684148)
 [0,0.00684248)
 [0,0.0068476)
 [0,0.00685511)
 [0,0.0068568)
 [0,0.00685763)
 [0,0.00688267)
 [0,0.0068984)
 [0,0.00691099)
 [0,0.00693317)
 [0,0.00696637)
 [0,0.00697579)
 [0,0.0069935)
 [0,0.00700036)
 [0,0.00700336)
 [0,0.00700341)
 [0,0.00703574)
 [0,0.00706521)
 [0,0.00706865)
 [0,0.00708529)
 [0,0.00708664)
 [0,0.00708748)
 [0,0.00710676)
 [0,0.00711757)
 [0,0.00714372)
 [0,0.00715063)
 [0,0.00715178)
 [0,0.00715246)
 [0,0.00716527)
 [0,0.00717928)
 [0,0.00720378)
 [0,0.00721329)
 [0,0.00722975)
 [0,0.00723007)
 [0,0.00723913)
 [0,0.00726119)
 [0,0.00726417)
 [0,0.00728616)
 [0,0.00732081)
 [0,0.00732921)
 [0,0.00735901)
 [0,0.00736474)
 [0,0.00736897)
 [0,0.0073726)
 [0,0.00738488)
 [0,0.00739107)
 [0,0.00740659)
 [0,0.00741897)
 [0,0.00744488)
 [0,0.0074513)
 [0,0.00748465)
 [0,0.00751519)
 [0,0.00751608)
 [0,0.00751672)
 [0,0.00754202)
 [0,0.00754229)
 [0,0.00757514)
 [0,0.00757598)
 [0,0.00759925)
 [0,0.00761171)
 [0,0.00761589)
 [0,0.00767112)
 [0,0.00769011)
 [0,0.00770079)
 [0,0.00770159)
 [0,0.00770481)
 [0,0.00773058)
 [0,0.00773446)
 [0,0.00774195)
 [0,0.0077491)
 [0,0.00775313)
 [0,0.0077534)
 [0,0.00776123)
 [0,0.00776733)
 [0,0.00778457)
 [0,0.00779302)
 [0,0.00781125)
 [0,0.00781135)
 [0,0.0078125)
 [0,0.00781569)
 [0,0.00781592)
 [0,0.00782397)
 [0,0.00783191)
 [0,0.00783776)
 [0,0.00785491)
 [0,0.0079184)
 [0,0.00794235)
 [0,0.00794322)
 [0,0.00796822)
 [0,0.00797037)
 [0,0.00797679)
 [0,0.00798093)
 [0,0.00799533)
 [0,0.0079979)
 [0,0.0080258)
 [0,0.00803692)
 [0,0.00803837)
 [0,0.00805613)
 [0,0.00805632)
 [0,0.00807945)
 [0,0.00810589)
 [0,0.00812425)
 [0,0.00812938)
 [0,0.00815115)
 [0,0.00818488)
 [0,0.00819321)
 [0,0.00824279)
 [0,0.00828435)
 [0,0.00829998)
 [0,0.00833258)
 [0,0.00834225)
 [0,0.00838013)
 [0,0.00840387)
 [0,0.00846058)
 [0,0.00850458)
 [0,0.00850813)
 [0,0.0085315)
 [0,0.00854679)
 [0,0.00855888)
 [0,0.00856335)
 [0,0.00857005)
 [0,0.00858621)
 [0,0.00861251)
 [0,0.00863238)
 [0,0.00863246)
 [0,0.00869088)
 [0,0.00875945)
 [0,0.00876789)
 [0,0.00879814)
 [0,0.0088088)
 [0,0.00882868)
 [0,0.00884059)
 [0,0.00886382)
 [0,0.00887229)
 [0,0.00888375)
 [0,0.00893024)
 [0,0.00894805)
 [0,0.00895435)
 [0,0.00897867)
 [0,0.00901885)
 [0,0.00908404)
 [0,0.00910597)
 [0,0.00911739)
 [0,0.00920349)
 [0,0.0092178)
 [0,0.00925152)
 [0,0.00926272)
 [0,0.00927606)
 [0,0.00928455)
 [0,0.00934822)
 [0,0.00937158)
 [0,0.00938138)
 [0,0.00941408)
 [0,0.00943626)
 [0,0.00948056)
 [0,0.00949528)
 [0,0.0095159)
 [0,0.00952124)
 [0,0.00952156)
 [0,0.00959958)
 [0,0.00963703)
 [0,0.00969467)
 [0,0.0097618)
 [0,0.00976698)
 [0,0.00982315)
 [0,0.0098388)
 [0,0.00986196)
 [0,0.00986412)
 [0,0.00987621)
 [0,0.00989975)
 [0,0.00991356)
 [0,0.00992063)
 [0,0.00998225)
 [0,0.0100704)
 [0,0.0100976)
 [0,0.0101916)
 [0,0.0102016)
 [0,0.0102409)
 [0,0.0102416)
 [0,0.0102456)
 [0,0.0103433)
 [0,0.0104152)
 [0,0.0104657)
 [0,0.0104884)
 [0,0.0105212)
 [0,0.0105477)
 [0,0.010548)
 [0,0.010549)
 [0,0.0105612)
 [0,0.0105628)
 [0,0.0105899)
 [0,0.0105955)
 [0,0.0106072)
 [0,0.010612)
 [0,0.0106593)
 [0,0.0107095)
 [0,0.01072)
 [0,0.0107344)
 [0,0.0107471)
 [0,0.010763)
 [0,0.0107792)
 [0,0.0108091)
 [0,0.0110004)
 [0,0.0110391)
 [0,0.0110697)
 [0,0.0110735)
 [0,0.0110917)
 [0,0.0110992)
 [0,0.011132)
 [0,0.0111854)
 [0,0.0111866)
 [0,0.011189)
 [0,0.0112219)
 [0,0.0114381)
 [0,0.0114476)
 [0,0.0114988)
 [0,0.0116998)
 [0,0.0117918)
 [0,0.0118359)
 [0,0.0119274)
 [0,0.0121084)
 [0,0.0121327)
 [0,0.0121817)
 [0,0.012372)
 [0,0.0124004)
 [0,0.0126314)
 [0,0.0126975)
 [0,0.0127084)
 [0,0.0130048)
 [0,0.0130315)
 [0,0.0130398)
 [0,0.0130781)
 [0,0.0131683)
 [0,0.013202)
 [0,0.0132091)
 [0,0.0132164)
 [0,0.0132456)
 [0,0.0135189)
 [0,0.0135954)
 [0,0.0137431)
 [0,0.013902)
 [0,0.0139929)
 [0,0.0140128)
 [0,0.014156)
 [0,0.0142859)
 [0,0.0144175)
 [0,0.0148044)
 [0,0.0151662)
 [0,0.0152342)
 [0,0.015327)
 [0,0.0155676)
 [0,0.015744)
 [0,0.0157483)
 [0,0.0157505)
 [0,0.0158255)
 [0,0.0159817)
 [0,0.0162473)
 [0,0.0162863)
 [0,0.0162876)
 [0,0.0164029)
 [0,0.0166058)
 [0,0.016661)
 [0,0.0170963)
 [0,0.0171006)
 [0,0.0173416)
 [0,0.0175301)
 [0,0.0182488)
 [0,0.0185951)
 [0,0.0188619)
 [0,0.0192309)
 [0,0.0193865)
 [0,0.0195943)
 [0,0.0197914)
 [0,0.0199038)
 [0,0.0201581)
 [0,0.0201751)
 [0,0.0203514)
 [0,0.0203728)
 [0,0.02085)
 [0,0.0215547)
 [0,0.02173)
 [0,0.0218542)
 [0,0.0221994)
 [0,0.0228273)
 [0,0.0233957)
 [0,0.0234277)
 [0,0.0236528)
 [0,0.0237261)
 [0,0.0239592)
 [0,0.0240547)
 [0,0.0245631)
 [0,0.0252793)
 [0,0.0272826)
 [0,0.0311516)
 [0,0.0321963)
 [0,0.0329862)
 [0,0.036524)
 [0,0.0379301)
 [0,0.0386831)
 [0,0.0406905)
 [0,0.0472374)
 [0,0.0513177)
 [0,0.051937)
 [0,0.12423)
 [0,0.185006)
 [0,0.196998)
 [0, )
