point cloud with 3608 points in dimension 2
value range: [0,0.848393]
distance matrix with 3608 points, using threshold at enclosing radius 0.42547
persistence intervals in dim 0:
 [0,8.34465e-07)
 [0,8.34465e-07)
 [0,8.34465e-07)
 [0,8.34465e-07)
 [0,8.9407e-07)
 [0,8.9407e-07)
 [0,9.53674e-07)
 [0,9.53674e-07)
 [0,1.10269e-06)
 [0,1.78814e-06)
 [0,1.96695e-06)
 [0,2.5034e-06)
 [0,2.563e-06)
 [0,2.6226e-06)
 [0,2.68221e-06)
 [0,2.74181e-06)
 [0,2.80142e-06)
 [0,2.80142e-06)
 [0,3.03984e-06)
 [0,3.15905e-06)
 [0,3.30806e-06)
 [0,3.39746e-06)
 [0,3.39746e-06)
 [0,3.39746e-06)
 [0,3.45707e-06)
 [0,3.45707e-06)
 [0,3.51667e-06)
 [0,3.57628e-06)
 [0,3.63588e-06)
 [0,3.69549e-06)
 [0,3.99351e-06)
 [0,4.23193e-06)
 [0,4.32134e-06)
 [0,4.41074e-06)
 [0,4.41074e-06)
 [0,4.52995e-06)
 [0,4.58956e-06)
 [0,4.64916e-06)
 [0,5.06639e-06)
 [0,5.06639e-06)
 [0,5.84126e-06)
 [0,6.07967e-06)
 [0,6.19888e-06)
 [0,6.25849e-06)
 [0,6.3777e-06)
 [0,6.73532e-06)
 [0,6.79493e-06)
 [0,6.91414e-06)
 [0,6.91414e-06)
 [0,7.27177e-06)
 [0,7.51019e-06)
 [0,7.51019e-06)
 [0,7.51019e-06)
 [0,7.7486e-06)
 [0,7.7486e-06)
 [0,7.86781e-06)
 [0,7.92742e-06)
 [0,8.10623e-06)
 [0,8.16584e-06)
 [0,8.46386e-06)
 [0,8.64267e-06)
 [0,8.70228e-06)
 [0,8.70228e-06)
 [0,8.73208e-06)
 [0,8.76188e-06)
 [0,8.82149e-06)
 [0,8.88109e-06)
 [0,8.88109e-06)
 [0,9.17912e-06)
 [0,9.41753e-06)
 [0,9.41753e-06)
 [0,9.41753e-06)
 [0,9.47714e-06)
 [0,9.47714e-06)
 [0,9.59635e-06)
 [0,9.71556e-06)
 [0,9.77516e-06)
 [0,9.89437e-06)
 [0,9.89437e-06)
 [0,1.00732e-05)
 [0,1.00732e-05)
 [0,1.01328e-05)
 [0,1.01328e-05)
 [0,1.0252e-05)
 [0,1.0252e-05)
 [0,1.04308e-05)
 [0,1.04904e-05)
 [0,1.055e-05)
 [0,1.07288e-05)
 [0,1.09673e-05)
 [0,1.10269e-05)
 [0,1.11461e-05)
 [0,1.16825e-05)
 [0,1.18017e-05)
 [0,1.24276e-05)
 [0,1.2517e-05)
 [0,1.26362e-05)
 [0,1.26362e-05)
 [0,1.26958e-05)
 [0,1.27554e-05)
 [0,1.27554e-05)
 [0,1.27554e-05)
 [0,1.27554e-05)
 [0,1.28746e-05)
 [0,1.29938e-05)
 [0,1.30534e-05)
 [0,1.31726e-05)
 [0,1.31726e-05)
 [0,1.32918e-05)
 [0,1.33514e-05)
 [0,1.33514e-05)
 [0,1.33514e-05)
 [0,1.33514e-05)
 [0,1.34706e-05)
 [0,1.35899e-05)
 [0,1.36495e-05)
 [0,1.38283e-05)
 [0,1.38283e-05)
 [0,1.41859e-05)
 [0,1.41859e-05)
 [0,1.42455e-05)
 [0,1.43051e-05)
 [0,1.43647e-05)
 [0,1.44839e-05)
 [0,1.47223e-05)
 [0,1.47223e-05)
 [0,1.47521e-05)
 [0,1.50502e-05)
 [0,1.52588e-05)
 [0,1.5378e-05)
 [0,1.54376e-05)
 [0,1.57952e-05)
 [0,1.57952e-05)
 [0,1.5974e-05)
 [0,1.61529e-05)
 [0,1.62125e-05)
 [0,1.66297e-05)
 [0,1.66893e-05)
 [0,1.69277e-05)
 [0,1.69277e-05)
 [0,1.71661e-05)
 [0,1.74642e-05)
 [0,1.75238e-05)
 [0,1.77622e-05)
 [0,1.77622e-05)
 [0,1.78814e-05)
 [0,1.80602e-05)
 [0,1.81198e-05)
 [0,1.82986e-05)
 [0,1.84774e-05)
 [0,1.84774e-05)
 [0,1.89543e-05)
 [0,1.90139e-05)
 [0,1.90139e-05)
 [0,1.90735e-05)
 [0,1.91331e-05)
 [0,1.94311e-05)
 [0,1.94311e-05)
 [0,1.94609e-05)
 [0,1.96695e-05)
 [0,2.0206e-05)
 [0,2.03252e-05)
 [0,2.06232e-05)
 [0,2.06828e-05)
 [0,2.07424e-05)
 [0,2.0802e-05)
 [0,2.0802e-05)
 [0,2.09808e-05)
 [0,2.10404e-05)
 [0,2.13385e-05)
 [0,2.13981e-05)
 [0,2.16365e-05)
 [0,2.18153e-05)
 [0,2.18749e-05)
 [0,2.18749e-05)
 [0,2.18749e-05)
 [0,2.19345e-05)
 [0,2.22325e-05)
 [0,2.25306e-05)
 [0,2.25902e-05)
 [0,2.27094e-05)
 [0,2.2769e-05)
 [0,2.28286e-05)
 [0,2.32458e-05)
 [0,2.3365e-05)
 [0,2.35438e-05)
 [0,2.39015e-05)
 [0,2.39611e-05)
 [0,2.39611e-05)
 [0,2.42591e-05)
 [0,2.46763e-05)
 [0,2.47359e-05)
 [0,2.47955e-05)
 [0,2.5034e-05)
 [0,2.53916e-05)
 [0,2.55704e-05)
 [0,2.57492e-05)
 [0,2.59876e-05)
 [0,2.61068e-05)
 [0,2.62856e-05)
 [0,2.66433e-05)
 [0,2.67029e-05)
 [0,2.68221e-05)
 [0,2.68221e-05)
 [0,2.68817e-05)
 [0,2.69413e-05)
 [0,2.69413e-05)
 [0,2.74181e-05)
 [0,2.74479e-05)
 [0,2.77162e-05)
 [0,2.79546e-05)
 [0,2.80142e-05)
 [0,2.80738e-05)
 [0,2.80738e-05)
 [0,2.81334e-05)
 [0,2.83122e-05)
 [0,2.83122e-05)
 [0,2.84314e-05)
 [0,2.84314e-05)
 [0,2.8491e-05)
 [0,2.8491e-05)
 [0,2.85506e-05)
 [0,2.86102e-05)
 [0,2.86102e-05)
 [0,2.86698e-05)
 [0,2.87294e-05)
 [0,2.90871e-05)
 [0,2.91467e-05)
 [0,2.95639e-05)
 [0,2.95639e-05)
 [0,2.95639e-05)
 [0,2.99215e-05)
 [0,3.01003e-05)
 [0,3.03984e-05)
 [0,3.05772e-05)
 [0,3.0756e-05)
 [0,3.0905e-05)
 [0,3.1054e-05)
 [0,3.1054e-05)
 [0,3.11136e-05)
 [0,3.11732e-05)
 [0,3.12328e-05)
 [0,3.12924e-05)
 [0,3.12924e-05)
 [0,3.12924e-05)
 [0,3.17097e-05)
 [0,3.18885e-05)
 [0,3.19481e-05)
 [0,3.20077e-05)
 [0,3.20077e-05)
 [0,3.20077e-05)
 [0,3.21269e-05)
 [0,3.22461e-05)
 [0,3.23057e-05)
 [0,3.23653e-05)
 [0,3.23653e-05)
 [0,3.24845e-05)
 [0,3.24845e-05)
 [0,3.26931e-05)
 [0,3.28422e-05)
 [0,3.31402e-05)
 [0,3.33786e-05)
 [0,3.34382e-05)
 [0,3.37362e-05)
 [0,3.37958e-05)
 [0,3.38554e-05)
 [0,3.3915e-05)
 [0,3.40343e-05)
 [0,3.42727e-05)
 [0,3.43323e-05)
 [0,3.43919e-05)
 [0,3.45707e-05)
 [0,3.46303e-05)
 [0,3.47495e-05)
 [0,3.49283e-05)
 [0,3.52263e-05)
 [0,3.53456e-05)
 [0,3.57032e-05)
 [0,3.57032e-05)
 [0,3.57628e-05)
 [0,3.59416e-05)
 [0,3.60608e-05)
 [0,3.61204e-05)
 [0,3.64184e-05)
 [0,3.64184e-05)
 [0,3.6478e-05)
 [0,3.67761e-05)
 [0,3.67761e-05)
 [0,3.70145e-05)
 [0,3.71933e-05)
 [0,3.72231e-05)
 [0,3.73125e-05)
 [0,3.73125e-05)
 [0,3.75509e-05)
 [0,3.76105e-05)
 [0,3.79682e-05)
 [0,3.80874e-05)
 [0,3.8147e-05)
 [0,3.83854e-05)
 [0,3.83854e-05)
 [0,3.85046e-05)
 [0,3.85642e-05)
 [0,3.85642e-05)
 [0,3.88026e-05)
 [0,3.88026e-05)
 [0,3.89218e-05)
 [0,3.89814e-05)
 [0,3.9041e-05)
 [0,3.92795e-05)
 [0,3.95477e-05)
 [0,3.97563e-05)
 [0,3.98755e-05)
 [0,3.99351e-05)
 [0,4.00543e-05)
 [0,4.02331e-05)
 [0,4.02927e-05)
 [0,4.04119e-05)
 [0,4.04716e-05)
 [0,4.04716e-05)
 [0,4.08292e-05)
 [0,4.08292e-05)
 [0,4.08292e-05)
 [0,4.09484e-05)
 [0,4.10676e-05)
 [0,4.11272e-05)
 [0,4.11868e-05)
 [0,4.15444e-05)
 [0,4.16636e-05)
 [0,4.16636e-05)
 [0,4.17829e-05)
 [0,4.17829e-05)
 [0,4.19617e-05)
 [0,4.21405e-05)
 [0,4.23193e-05)
 [0,4.23193e-05)
 [0,4.24385e-05)
 [0,4.29153e-05)
 [0,4.29749e-05)
 [0,4.30346e-05)
 [0,4.32134e-05)
 [0,4.3273e-05)
 [0,4.33922e-05)
 [0,4.36306e-05)
 [0,4.37498e-05)
 [0,4.3869e-05)
 [0,4.39882e-05)
 [0,4.43459e-05)
 [0,4.44651e-05)
 [0,4.46439e-05)
 [0,4.50611e-05)
 [0,4.51803e-05)
 [0,4.52399e-05)
 [0,4.52995e-05)
 [0,4.53591e-05)
 [0,4.55379e-05)
 [0,4.56274e-05)
 [0,4.5687e-05)
 [0,4.5836e-05)
 [0,4.5836e-05)
 [0,4.58956e-05)
 [0,4.58956e-05)
 [0,4.59552e-05)
 [0,4.59552e-05)
 [0,4.60148e-05)
 [0,4.62532e-05)
 [0,4.65512e-05)
 [0,4.673e-05)
 [0,4.67896e-05)
 [0,4.68493e-05)
 [0,4.69685e-05)
 [0,4.71473e-05)
 [0,4.71473e-05)
 [0,4.72069e-05)
 [0,4.73261e-05)
 [0,4.73261e-05)
 [0,4.75645e-05)
 [0,4.77433e-05)
 [0,4.78625e-05)
 [0,4.78625e-05)
 [0,4.82202e-05)
 [0,4.82798e-05)
 [0,4.82798e-05)
 [0,4.8399e-05)
 [0,4.84586e-05)
 [0,4.85182e-05)
 [0,4.85182e-05)
 [0,4.85778e-05)
 [0,4.86374e-05)
 [0,4.86374e-05)
 [0,4.87566e-05)
 [0,4.88758e-05)
 [0,4.91142e-05)
 [0,4.93526e-05)
 [0,4.96507e-05)
 [0,4.97103e-05)
 [0,5.00679e-05)
 [0,5.03659e-05)
 [0,5.07236e-05)
 [0,5.07832e-05)
 [0,5.07832e-05)
 [0,5.10216e-05)
 [0,5.10216e-05)
 [0,5.10812e-05)
 [0,5.11408e-05)
 [0,5.11408e-05)
 [0,5.12004e-05)
 [0,5.12004e-05)
 [0,5.126e-05)
 [0,5.13792e-05)
 [0,5.13792e-05)
 [0,5.14388e-05)
 [0,5.14388e-05)
 [0,5.16176e-05)
 [0,5.17368e-05)
 [0,5.17368e-05)
 [0,5.25117e-05)
 [0,5.26905e-05)
 [0,5.29885e-05)
 [0,5.30481e-05)
 [0,5.32865e-05)
 [0,5.33462e-05)
 [0,5.37038e-05)
 [0,5.38826e-05)
 [0,5.40614e-05)
 [0,5.4121e-05)
 [0,5.43594e-05)
 [0,5.44786e-05)
 [0,5.45681e-05)
 [0,5.45979e-05)
 [0,5.50151e-05)
 [0,5.51343e-05)
 [0,5.51343e-05)
 [0,5.53727e-05)
 [0,5.54323e-05)
 [0,5.59688e-05)
 [0,5.63264e-05)
 [0,5.6386e-05)
 [0,5.64456e-05)
 [0,5.6535e-05)
 [0,5.66244e-05)
 [0,5.6684e-05)
 [0,5.68628e-05)
 [0,5.68628e-05)
 [0,5.69522e-05)
 [0,5.71907e-05)
 [0,5.73397e-05)
 [0,5.76973e-05)
 [0,5.77867e-05)
 [0,5.79953e-05)
 [0,5.79953e-05)
 [0,5.82933e-05)
 [0,5.87702e-05)
 [0,5.88298e-05)
 [0,6.02603e-05)
 [0,6.03199e-05)
 [0,6.09756e-05)
 [0,6.1214e-05)
 [0,6.1512e-05)
 [0,6.16312e-05)
 [0,6.16908e-05)
 [0,6.20484e-05)
 [0,6.22272e-05)
 [0,6.22571e-05)
 [0,6.25849e-05)
 [0,6.25849e-05)
 [0,6.26445e-05)
 [0,6.27041e-05)
 [0,6.27637e-05)
 [0,6.28233e-05)
 [0,6.29425e-05)
 [0,6.32405e-05)
 [0,6.33001e-05)
 [0,6.33001e-05)
 [0,6.34789e-05)
 [0,6.35087e-05)
 [0,6.3628e-05)
 [0,6.36578e-05)
 [0,6.38962e-05)
 [0,6.39558e-05)
 [0,6.41346e-05)
 [0,6.43134e-05)
 [0,6.4671e-05)
 [0,6.49095e-05)
 [0,6.57439e-05)
 [0,6.60419e-05)
 [0,6.6489e-05)
 [0,6.66082e-05)
 [0,6.71148e-05)
 [0,6.71744e-05)
 [0,6.72042e-05)
 [0,6.72936e-05)
 [0,6.75321e-05)
 [0,6.77109e-05)
 [0,6.78301e-05)
 [0,6.80089e-05)
 [0,6.86049e-05)
 [0,6.87242e-05)
 [0,6.88434e-05)
 [0,6.88434e-05)
 [0,6.91414e-05)
 [0,6.91712e-05)
 [0,6.92606e-05)
 [0,6.99758e-05)
 [0,7.00355e-05)
 [0,7.00355e-05)
 [0,7.00951e-05)
 [0,7.00951e-05)
 [0,7.00951e-05)
 [0,7.01547e-05)
 [0,7.04527e-05)
 [0,7.04527e-05)
 [0,7.05123e-05)
 [0,7.05123e-05)
 [0,7.06911e-05)
 [0,7.07507e-05)
 [0,7.08103e-05)
 [0,7.10487e-05)
 [0,7.11083e-05)
 [0,7.13468e-05)
 [0,7.17044e-05)
 [0,7.18236e-05)
 [0,7.2062e-05)
 [0,7.236e-05)
 [0,7.24792e-05)
 [0,7.26581e-05)
 [0,7.28965e-05)
 [0,7.28965e-05)
 [0,7.30753e-05)
 [0,7.30753e-05)
 [0,7.31349e-05)
 [0,7.38204e-05)
 [0,7.38502e-05)
 [0,7.42078e-05)
 [0,7.42674e-05)
 [0,7.4327e-05)
 [0,7.43866e-05)
 [0,7.45356e-05)
 [0,7.48634e-05)
 [0,7.49826e-05)
 [0,7.59959e-05)
 [0,7.60555e-05)
 [0,7.62343e-05)
 [0,7.62343e-05)
 [0,7.63535e-05)
 [0,7.64728e-05)
 [0,7.65324e-05)
 [0,7.65324e-05)
 [0,7.6592e-05)
 [0,7.70092e-05)
 [0,7.70092e-05)
 [0,7.72774e-05)
 [0,7.75456e-05)
 [0,7.77245e-05)
 [0,7.79629e-05)
 [0,7.80821e-05)
 [0,7.82013e-05)
 [0,7.84993e-05)
 [0,7.86781e-05)
 [0,7.89762e-05)
 [0,7.93934e-05)
 [0,7.93934e-05)
 [0,7.9453e-05)
 [0,7.9453e-05)
 [0,7.9453e-05)
 [0,7.95722e-05)
 [0,7.9751e-05)
 [0,7.98106e-05)
 [0,7.99298e-05)
 [0,8.01384e-05)
 [0,8.02279e-05)
 [0,8.02279e-05)
 [0,8.03173e-05)
 [0,8.03471e-05)
 [0,8.04067e-05)
 [0,8.05855e-05)
 [0,8.11815e-05)
 [0,8.14795e-05)
 [0,8.15988e-05)
 [0,8.15988e-05)
 [0,8.15988e-05)
 [0,8.18968e-05)
 [0,8.19564e-05)
 [0,8.20756e-05)
 [0,8.21948e-05)
 [0,8.22246e-05)
 [0,8.29697e-05)
 [0,8.30889e-05)
 [0,8.32081e-05)
 [0,8.36253e-05)
 [0,8.36849e-05)
 [0,8.37445e-05)
 [0,8.38041e-05)
 [0,8.38637e-05)
 [0,8.41022e-05)
 [0,8.42214e-05)
 [0,8.47578e-05)
 [0,8.48174e-05)
 [0,8.49366e-05)
 [0,8.50558e-05)
 [0,8.51154e-05)
 [0,8.51154e-05)
 [0,8.52048e-05)
 [0,8.60095e-05)
 [0,8.60095e-05)
 [0,8.60691e-05)
 [0,8.61585e-05)
 [0,8.61883e-05)
 [0,8.62479e-05)
 [0,8.67248e-05)
 [0,8.67248e-05)
 [0,8.70228e-05)
 [0,8.7142e-05)
 [0,8.7142e-05)
 [0,8.72612e-05)
 [0,8.744e-05)
 [0,8.74698e-05)
 [0,8.76188e-05)
 [0,8.7738e-05)
 [0,8.77976e-05)
 [0,8.78572e-05)
 [0,8.78572e-05)
 [0,8.85725e-05)
 [0,8.87513e-05)
 [0,8.89301e-05)
 [0,8.90791e-05)
 [0,8.94666e-05)
 [0,8.96454e-05)
 [0,8.99434e-05)
 [0,9.00626e-05)
 [0,9.01222e-05)
 [0,9.07779e-05)
 [0,9.08971e-05)
 [0,9.12547e-05)
 [0,9.12845e-05)
 [0,9.19104e-05)
 [0,9.22978e-05)
 [0,9.23276e-05)
 [0,9.2715e-05)
 [0,9.29236e-05)
 [0,9.31025e-05)
 [0,9.31621e-05)
 [0,9.32217e-05)
 [0,9.32217e-05)
 [0,9.32813e-05)
 [0,9.32813e-05)
 [0,9.37581e-05)
 [0,9.44138e-05)
 [0,9.44138e-05)
 [0,9.4533e-05)
 [0,9.47118e-05)
 [0,9.49502e-05)
 [0,9.51886e-05)
 [0,9.54866e-05)
 [0,9.57251e-05)
 [0,9.63211e-05)
 [0,9.63211e-05)
 [0,9.65595e-05)
 [0,9.67383e-05)
 [0,9.70662e-05)
 [0,9.7096e-05)
 [0,9.71556e-05)
 [0,9.72152e-05)
 [0,9.72748e-05)
 [0,9.72748e-05)
 [0,9.75728e-05)
 [0,9.77516e-05)
 [0,9.79304e-05)
 [0,9.79602e-05)
 [0,9.799e-05)
 [0,9.81092e-05)
 [0,9.89437e-05)
 [0,9.9659e-05)
 [0,9.9659e-05)
 [0,9.9659e-05)
 [0,9.97186e-05)
 [0,9.97186e-05)
 [0,9.97782e-05)
 [0,0.000100553)
 [0,0.000100672)
 [0,0.000100791)
 [0,0.000100791)
 [0,0.00010097)
 [0,0.000101089)
 [0,0.000101209)
 [0,0.000101268)
 [0,0.000101447)
 [0,0.000101507)
 [0,0.000101924)
 [0,0.000101984)
 [0,0.000102162)
 [0,0.000102222)
 [0,0.000102282)
 [0,0.000102341)
 [0,0.00010252)
 [0,0.000102699)
 [0,0.000103295)
 [0,0.000103772)
 [0,0.00010395)
 [0,0.00010401)
 [0,0.000104129)
 [0,0.000104189)
 [0,0.000104308)
 [0,0.000104427)
 [0,0.000104547)
 [0,0.000104725)
 [0,0.000104904)
 [0,0.000105619)
 [0,0.000105977)
 [0,0.000106692)
 [0,0.000106692)
 [0,0.000106871)
 [0,0.00010699)
 [0,0.000107408)
 [0,0.000108361)
 [0,0.000108778)
 [0,0.000109047)
 [0,0.000109076)
 [0,0.000109255)
 [0,0.000109613)
 [0,0.000109613)
 [0,0.00011003)
 [0,0.000110269)
 [0,0.000110269)
 [0,0.000110477)
 [0,0.000110686)
 [0,0.000110805)
 [0,0.000110805)
 [0,0.000110805)
 [0,0.000110984)
 [0,0.000111043)
 [0,0.000111043)
 [0,0.000111103)
 [0,0.000111192)
 [0,0.000111341)
 [0,0.000111431)
 [0,0.000111461)
 [0,0.000111699)
 [0,0.000111699)
 [0,0.000111818)
 [0,0.000111878)
 [0,0.000111997)
 [0,0.000112236)
 [0,0.000112325)
 [0,0.000112325)
 [0,0.000112504)
 [0,0.000112534)
 [0,0.000112832)
 [0,0.00011313)
 [0,0.000113189)
 [0,0.000113249)
 [0,0.000113428)
 [0,0.000113547)
 [0,0.000113785)
 [0,0.000113904)
 [0,0.000113964)
 [0,0.000114024)
 [0,0.000114739)
 [0,0.000114799)
 [0,0.000114918)
 [0,0.000114977)
 [0,0.000115097)
 [0,0.000115335)
 [0,0.000115931)
 [0,0.000115991)
 [0,0.000116229)
 [0,0.000116259)
 [0,0.000116646)
 [0,0.000117302)
 [0,0.00011766)
 [0,0.000118256)
 [0,0.000118315)
 [0,0.000118554)
 [0,0.000118673)
 [0,0.000118732)
 [0,0.000118852)
 [0,0.00011903)
 [0,0.000119686)
 [0,0.000119805)
 [0,0.000119805)
 [0,0.000119984)
 [0,0.000120103)
 [0,0.000120163)
 [0,0.000120282)
 [0,0.000120401)
 [0,0.00012064)
 [0,0.000120819)
 [0,0.000121355)
 [0,0.000121415)
 [0,0.000121593)
 [0,0.000121653)
 [0,0.000121772)
 [0,0.000121802)
 [0,0.000122279)
 [0,0.000122488)
 [0,0.000122607)
 [0,0.000122726)
 [0,0.000122905)
 [0,0.00012356)
 [0,0.000123858)
 [0,0.000124097)
 [0,0.000124484)
 [0,0.000124872)
 [0,0.000125021)
 [0,0.00012511)
 [0,0.000125259)
 [0,0.000125557)
 [0,0.000125915)
 [0,0.000126004)
 [0,0.0001266)
 [0,0.000126779)
 [0,0.000127077)
 [0,0.000127316)
 [0,0.000127554)
 [0,0.00012815)
 [0,0.000128448)
 [0,0.000129223)
 [0,0.000129759)
 [0,0.000129938)
 [0,0.000130057)
 [0,0.000130117)
 [0,0.000130147)
 [0,0.000130773)
 [0,0.00013119)
 [0,0.00013119)
 [0,0.000132829)
 [0,0.000133038)
 [0,0.000133097)
 [0,0.000133276)
 [0,0.000133336)
 [0,0.00013411)
 [0,0.00013423)
 [0,0.000134349)
 [0,0.000134408)
 [0,0.000134468)
 [0,0.000134826)
 [0,0.000135064)
 [0,0.000135422)
 [0,0.000135541)
 [0,0.000136018)
 [0,0.000136435)
 [0,0.000136554)
 [0,0.000136673)
 [0,0.000136793)
 [0,0.000136971)
 [0,0.000136971)
 [0,0.00013715)
 [0,0.00013721)
 [0,0.000137687)
 [0,0.000137746)
 [0,0.000137806)
 [0,0.000138104)
 [0,0.000139177)
 [0,0.000139177)
 [0,0.000139296)
 [0,0.000139534)
 [0,0.000139594)
 [0,0.000139892)
 [0,0.000140309)
 [0,0.000140548)
 [0,0.000140846)
 [0,0.000140846)
 [0,0.000141263)
 [0,0.000141323)
 [0,0.000141442)
 [0,0.00014174)
 [0,0.000142157)
 [0,0.000142157)
 [0,0.000142515)
 [0,0.000142515)
 [0,0.000142574)
 [0,0.000142634)
 [0,0.0001432)
 [0,0.000143349)
 [0,0.000143409)
 [0,0.000143588)
 [0,0.000143617)
 [0,0.000143647)
 [0,0.000144243)
 [0,0.000144303)
 [0,0.000144482)
 [0,0.000144482)
 [0,0.00014466)
 [0,0.000144958)
 [0,0.000145137)
 [0,0.000145227)
 [0,0.000145465)
 [0,0.000145495)
 [0,0.000145853)
 [0,0.000146031)
 [0,0.000146061)
 [0,0.000146449)
 [0,0.000146449)
 [0,0.000146508)
 [0,0.000146627)
 [0,0.000146687)
 [0,0.000146747)
 [0,0.000146985)
 [0,0.000147223)
 [0,0.000147462)
 [0,0.000147581)
 [0,0.000148118)
 [0,0.000148356)
 [0,0.000148475)
 [0,0.000148594)
 [0,0.00014919)
 [0,0.000149429)
 [0,0.000149429)
 [0,0.000149548)
 [0,0.000150114)
 [0,0.000150263)
 [0,0.000151157)
 [0,0.000151396)
 [0,0.000151575)
 [0,0.000151932)
 [0,0.000152111)
 [0,0.000152111)
 [0,0.000152171)
 [0,0.000152171)
 [0,0.000152349)
 [0,0.000152469)
 [0,0.000152469)
 [0,0.000153601)
 [0,0.00015372)
 [0,0.000156164)
 [0,0.000156164)
 [0,0.000156224)
 [0,0.000156462)
 [0,0.000157267)
 [0,0.000157475)
 [0,0.000157595)
 [0,0.000158012)
 [0,0.000158131)
 [0,0.00015825)
 [0,0.000158429)
 [0,0.000159353)
 [0,0.000160277)
 [0,0.000161141)
 [0,0.000161256)
 [0,0.000161648)
 [0,0.000161767)
 [0,0.000161946)
 [0,0.000162363)
 [0,0.000162661)
 [0,0.00016287)
 [0,0.000162959)
 [0,0.000163078)
 [0,0.000163257)
 [0,0.000163436)
 [0,0.000163555)
 [0,0.000163794)
 [0,0.000163853)
 [0,0.000165224)
 [0,0.000165224)
 [0,0.000165761)
 [0,0.000165939)
 [0,0.000166357)
 [0,0.000166416)
 [0,0.000166655)
 [0,0.000166774)
 [0,0.000166953)
 [0,0.000167489)
 [0,0.000167906)
 [0,0.000168264)
 [0,0.000168264)
 [0,0.0001688)
 [0,0.00016886)
 [0,0.00016892)
 [0,0.000168979)
 [0,0.000169337)
 [0,0.000170946)
 [0,0.000171125)
 [0,0.000171542)
 [0,0.000172168)
 [0,0.000172198)
 [0,0.00017345)
 [0,0.000173867)
 [0,0.000174224)
 [0,0.000174463)
 [0,0.000174493)
 [0,0.000174761)
 [0,0.000175595)
 [0,0.000175953)
 [0,0.000176609)
 [0,0.000176758)
 [0,0.000176966)
 [0,0.000177503)
 [0,0.000177741)
 [0,0.000177741)
 [0,0.000178576)
 [0,0.000179172)
 [0,0.00017935)
 [0,0.000180006)
 [0,0.000181258)
 [0,0.000181258)
 [0,0.000181317)
 [0,0.000181735)
 [0,0.000182211)
 [0,0.000182271)
 [0,0.00018239)
 [0,0.00018245)
 [0,0.000183344)
 [0,0.000183761)
 [0,0.000184059)
 [0,0.000184655)
 [0,0.000185192)
 [0,0.00018537)
 [0,0.000186056)
 [0,0.000186682)
 [0,0.000186801)
 [0,0.000187635)
 [0,0.000187635)
 [0,0.000187665)
 [0,0.000187755)
 [0,0.000188112)
 [0,0.000190139)
 [0,0.000190854)
 [0,0.000190914)
 [0,0.000191152)
 [0,0.000191927)
 [0,0.000192225)
 [0,0.000193238)
 [0,0.000193238)
 [0,0.000193357)
 [0,0.000193536)
 [0,0.000193596)
 [0,0.000193805)
 [0,0.000193894)
 [0,0.000194013)
 [0,0.000194073)
 [0,0.000194132)
 [0,0.000194371)
 [0,0.000194788)
 [0,0.000194907)
 [0,0.000195324)
 [0,0.000195533)
 [0,0.000195861)
 [0,0.00019592)
 [0,0.000196218)
 [0,0.000196338)
 [0,0.00019753)
 [0,0.000197768)
 [0,0.000198156)
 [0,0.000198603)
 [0,0.00019896)
 [0,0.000199199)
 [0,0.000199497)
 [0,0.000200272)
 [0,0.00020054)
 [0,0.000200987)
 [0,0.000201762)
 [0,0.000202119)
 [0,0.000202179)
 [0,0.000203788)
 [0,0.000204921)
 [0,0.000205278)
 [0,0.000205398)
 [0,0.000205517)
 [0,0.000205517)
 [0,0.000205576)
 [0,0.000205964)
 [0,0.000206232)
 [0,0.000206828)
 [0,0.000207335)
 [0,0.000207484)
 [0,0.000207722)
 [0,0.000208199)
 [0,0.000209063)
 [0,0.00020957)
 [0,0.000210285)
 [0,0.000210822)
 [0,0.000210881)
 [0,0.000211149)
 [0,0.000211179)
 [0,0.000211388)
 [0,0.000211835)
 [0,0.000212133)
 [0,0.000212371)
 [0,0.00021261)
 [0,0.000213563)
 [0,0.000213623)
 [0,0.000213802)
 [0,0.000214159)
 [0,0.000214398)
 [0,0.000214458)
 [0,0.000214756)
 [0,0.000214934)
 [0,0.00021565)
 [0,0.000215679)
 [0,0.000215769)
 [0,0.000215977)
 [0,0.000216126)
 [0,0.000217199)
 [0,0.000217557)
 [0,0.00021863)
 [0,0.00021866)
 [0,0.000219285)
 [0,0.000219405)
 [0,0.000220239)
 [0,0.000220418)
 [0,0.000220537)
 [0,0.000220954)
 [0,0.000221372)
 [0,0.000221938)
 [0,0.000223041)
 [0,0.000223219)
 [0,0.000223517)
 [0,0.000223815)
 [0,0.000223875)
 [0,0.000224531)
 [0,0.000225365)
 [0,0.000225842)
 [0,0.000226259)
 [0,0.000226974)
 [0,0.000227511)
 [0,0.000227511)
 [0,0.00022769)
 [0,0.000227869)
 [0,0.000228107)
 [0,0.000228584)
 [0,0.000228882)
 [0,0.000229478)
 [0,0.000229716)
 [0,0.000229776)
 [0,0.000229835)
 [0,0.000230326)
 [0,0.000230789)
 [0,0.000231147)
 [0,0.000232279)
 [0,0.000232637)
 [0,0.000233233)
 [0,0.000233293)
 [0,0.0002352)
 [0,0.00023526)
 [0,0.000235558)
 [0,0.00023675)
 [0,0.000237107)
 [0,0.000237525)
 [0,0.000237644)
 [0,0.000238478)
 [0,0.000238657)
 [0,0.000239551)
 [0,0.000240088)
 [0,0.000240684)
 [0,0.000240765)
 [0,0.000241458)
 [0,0.000241578)
 [0,0.000241578)
 [0,0.000241697)
 [0,0.000241816)
 [0,0.000242174)
 [0,0.000242352)
 [0,0.000242382)
 [0,0.000242472)
 [0,0.000242472)
 [0,0.000242949)
 [0,0.000244379)
 [0,0.000244558)
 [0,0.000244737)
 [0,0.000245035)
 [0,0.000245422)
 [0,0.000246346)
 [0,0.000247061)
 [0,0.000247776)
 [0,0.000248134)
 [0,0.000248335)
 [0,0.000248611)
 [0,0.000249684)
 [0,0.000250041)
 [0,0.000250101)
 [0,0.000250459)
 [0,0.000251055)
 [0,0.000251174)
 [0,0.000251591)
 [0,0.000252783)
 [0,0.000253409)
 [0,0.000253797)
 [0,0.00025475)
 [0,0.000255048)
 [0,0.000255346)
 [0,0.000255525)
 [0,0.0002563)
 [0,0.000256896)
 [0,0.000257254)
 [0,0.000257432)
 [0,0.00025773)
 [0,0.000257939)
 [0,0.000258505)
 [0,0.000258684)
 [0,0.000258744)
 [0,0.000260144)
 [0,0.000261307)
 [0,0.000262558)
 [0,0.000263095)
 [0,0.000263542)
 [0,0.000264198)
 [0,0.000264466)
 [0,0.000264645)
 [0,0.000264972)
 [0,0.000265241)
 [0,0.000265777)
 [0,0.000265956)
 [0,0.000267744)
 [0,0.000268131)
 [0,0.000268161)
 [0,0.000269055)
 [0,0.000269413)
 [0,0.000269413)
 [0,0.000269502)
 [0,0.000270158)
 [0,0.000270844)
 [0,0.000271141)
 [0,0.000271797)
 [0,0.000271916)
 [0,0.000272086)
 [0,0.000272214)
 [0,0.000272632)
 [0,0.000272721)
 [0,0.00027281)
 [0,0.0002729)
 [0,0.000273049)
 [0,0.000273168)
 [0,0.000273287)
 [0,0.000274837)
 [0,0.000275254)
 [0,0.000276327)
 [0,0.000276357)
 [0,0.000276685)
 [0,0.000276923)
 [0,0.000280917)
 [0,0.000281602)
 [0,0.000281811)
 [0,0.000282824)
 [0,0.00028336)
 [0,0.00028342)
 [0,0.000283778)
 [0,0.000284553)
 [0,0.000285113)
 [0,0.000285447)
 [0,0.000286102)
 [0,0.000286579)
 [0,0.000286758)
 [0,0.000286937)
 [0,0.000289559)
 [0,0.000289857)
 [0,0.000289977)
 [0,0.000290394)
 [0,0.000291012)
 [0,0.000291049)
 [0,0.000291198)
 [0,0.000291288)
 [0,0.000291646)
 [0,0.000292063)
 [0,0.000292778)
 [0,0.000293195)
 [0,0.000293404)
 [0,0.000293791)
 [0,0.000293791)
 [0,0.000294)
 [0,0.000294626)
 [0,0.000294626)
 [0,0.00029543)
 [0,0.000297189)
 [0,0.000297189)
 [0,0.000298381)
 [0,0.000299096)
 [0,0.000299275)
 [0,0.000299543)
 [0,0.000299722)
 [0,0.000299841)
 [0,0.000300467)
 [0,0.000301301)
 [0,0.000301361)
 [0,0.000302583)
 [0,0.000302672)
 [0,0.000303209)
 [0,0.000304103)
 [0,0.000304341)
 [0,0.000304759)
 [0,0.000305593)
 [0,0.000305682)
 [0,0.00030601)
 [0,0.000306129)
 [0,0.000307798)
 [0,0.000309885)
 [0,0.000310421)
 [0,0.000310719)
 [0,0.000311077)
 [0,0.00031203)
 [0,0.000312179)
 [0,0.000312239)
 [0,0.000312507)
 [0,0.000313342)
 [0,0.000313699)
 [0,0.000313878)
 [0,0.000314057)
 [0,0.000314355)
 [0,0.000315309)
 [0,0.000315487)
 [0,0.000315547)
 [0,0.000315636)
 [0,0.000315785)
 [0,0.000319958)
 [0,0.000320077)
 [0,0.000320762)
 [0,0.000320911)
 [0,0.000321329)
 [0,0.000321686)
 [0,0.000322998)
 [0,0.000323117)
 [0,0.000323653)
 [0,0.000324845)
 [0,0.000325024)
 [0,0.000325501)
 [0,0.000326693)
 [0,0.00032717)
 [0,0.000327349)
 [0,0.000327647)
 [0,0.000327885)
 [0,0.000328183)
 [0,0.000328839)
 [0,0.000329018)
 [0,0.000329256)
 [0,0.000329614)
 [0,0.000329733)
 [0,0.000330269)
 [0,0.000332236)
 [0,0.000332534)
 [0,0.000333309)
 [0,0.000334263)
 [0,0.000334948)
 [0,0.000335217)
 [0,0.000336234)
 [0,0.000336549)
 [0,0.000340342)
 [0,0.000340402)
 [0,0.000340521)
 [0,0.000342727)
 [0,0.000343084)
 [0,0.000343919)
 [0,0.00034529)
 [0,0.000348091)
 [0,0.000349164)
 [0,0.000350475)
 [0,0.000352025)
 [0,0.000352561)
 [0,0.0003528)
 [0,0.000352859)
 [0,0.000353277)
 [0,0.000354975)
 [0,0.000355363)
 [0,0.000356559)
 [0,0.000356793)
 [0,0.000357062)
 [0,0.000357628)
 [0,0.000358939)
 [0,0.000359118)
 [0,0.000359297)
 [0,0.000359744)
 [0,0.000362098)
 [0,0.000362754)
 [0,0.000364989)
 [0,0.000365257)
 [0,0.000366926)
 [0,0.000367403)
 [0,0.000367812)
 [0,0.000370115)
 [0,0.000371099)
 [0,0.000373244)
 [0,0.000374019)
 [0,0.000375628)
 [0,0.000376701)
 [0,0.000377595)
 [0,0.000378609)
 [0,0.000379026)
 [0,0.000379026)
 [0,0.000379026)
 [0,0.000379562)
 [0,0.0003829)
 [0,0.000383288)
 [0,0.000384599)
 [0,0.000385731)
 [0,0.00038594)
 [0,0.000386953)
 [0,0.000387371)
 [0,0.000388265)
 [0,0.000390291)
 [0,0.000390857)
 [0,0.000391602)
 [0,0.00039196)
 [0,0.000394553)
 [0,0.000394732)
 [0,0.000394821)
 [0,0.000396103)
 [0,0.000396192)
 [0,0.00039649)
 [0,0.000397384)
 [0,0.000398457)
 [0,0.000399292)
 [0,0.00039947)
 [0,0.00040096)
 [0,0.000401676)
 [0,0.000401676)
 [0,0.000401974)
 [0,0.00040257)
 [0,0.000403821)
 [0,0.000403941)
 [0,0.000405908)
 [0,0.000407487)
 [0,0.000407875)
 [0,0.000408471)
 [0,0.000408798)
 [0,0.000409007)
 [0,0.000409424)
 [0,0.00041002)
 [0,0.000412464)
 [0,0.000412822)
 [0,0.000413209)
 [0,0.000413418)
 [0,0.000415325)
 [0,0.000415415)
 [0,0.000415534)
 [0,0.000416934)
 [0,0.00041759)
 [0,0.000417888)
 [0,0.000417948)
 [0,0.000420868)
 [0,0.000420949)
 [0,0.000421047)
 [0,0.000422776)
 [0,0.000423908)
 [0,0.000424236)
 [0,0.000424325)
 [0,0.000424504)
 [0,0.000426412)
 [0,0.000427246)
 [0,0.000427842)
 [0,0.000429318)
 [0,0.000431478)
 [0,0.000431836)
 [0,0.000432104)
 [0,0.00043416)
 [0,0.00043425)
 [0,0.000434995)
 [0,0.000435114)
 [0,0.000435173)
 [0,0.000435233)
 [0,0.000435561)
 [0,0.000436127)
 [0,0.000444233)
 [0,0.000444829)
 [0,0.000449359)
 [0,0.000450671)
 [0,0.000451297)
 [0,0.000451565)
 [0,0.000453115)
 [0,0.000453651)
 [0,0.00045532)
 [0,0.000455439)
 [0,0.000456095)
 [0,0.000456452)
 [0,0.00045687)
 [0,0.000458389)
 [0,0.000458479)
 [0,0.000459433)
 [0,0.000460863)
 [0,0.000461578)
 [0,0.000461936)
 [0,0.000462055)
 [0,0.000463262)
 [0,0.000463575)
 [0,0.000463963)
 [0,0.000464261)
 [0,0.000464737)
 [0,0.000467304)
 [0,0.000469267)
 [0,0.000469387)
 [0,0.000471801)
 [0,0.000474691)
 [0,0.000475705)
 [0,0.000477076)
 [0,0.000477314)
 [0,0.000479537)
 [0,0.000483751)
 [0,0.00048697)
 [0,0.000489533)
 [0,0.000490487)
 [0,0.000491649)
 [0,0.000492275)
 [0,0.000493139)
 [0,0.000494301)
 [0,0.000496686)
 [0,0.000496775)
 [0,0.000502169)
 [0,0.000502288)
 [0,0.000503987)
 [0,0.000504017)
 [0,0.000506103)
 [0,0.000507355)
 [0,0.000507653)
 [0,0.000508964)
 [0,0.000509963)
 [0,0.000510275)
 [0,0.000510335)
 [0,0.000511348)
 [0,0.000513494)
 [0,0.000513673)
 [0,0.000520051)
 [0,0.000522196)
 [0,0.000522971)
 [0,0.000526607)
 [0,0.000527263)
 [0,0.000529289)
 [0,0.000530963)
 [0,0.000531197)
 [0,0.000532531)
 [0,0.00053665)
 [0,0.000537634)
 [0,0.000539333)
 [0,0.000539839)
 [0,0.000540167)
 [0,0.000540376)
 [0,0.000541031)
 [0,0.000541776)
 [0,0.000543654)
 [0,0.000546047)
 [0,0.000546813)
 [0,0.000548915)
 [0,0.000549078)
 [0,0.000553679)
 [0,0.000553995)
 [0,0.000555515)
 [0,0.000555813)
 [0,0.000558674)
 [0,0.000560105)
 [0,0.000562936)
 [0,0.000564724)
 [0,0.000567079)
 [0,0.000567585)
 [0,0.00056839)
 [0,0.000569642)
 [0,0.000572026)
 [0,0.000572808)
 [0,0.000575304)
 [0,0.000577927)
 [0,0.000579268)
 [0,0.000579655)
 [0,0.000590861)
 [0,0.000594676)
 [0,0.000595033)
 [0,0.000595689)
 [0,0.000600219)
 [0,0.000603914)
 [0,0.000606418)
 [0,0.000608683)
 [0,0.000609138)
 [0,0.000610095)
 [0,0.000613213)
 [0,0.000614077)
 [0,0.000616014)
 [0,0.000620902)
 [0,0.00062272)
 [0,0.000626326)
 [0,0.000629902)
 [0,0.000633113)
 [0,0.000634074)
 [0,0.000635058)
 [0,0.000637084)
 [0,0.000639737)
 [0,0.00064011)
 [0,0.00064072)
 [0,0.000641999)
 [0,0.000642896)
 [0,0.000644326)
 [0,0.000649254)
 [0,0.0006494)
 [0,0.000651866)
 [0,0.000654787)
 [0,0.000655359)
 [0,0.000655413)
 [0,0.00065735)
 [0,0.00066059)
 [0,0.000665716)
 [0,0.000667751)
 [0,0.000668585)
 [0,0.000669718)
 [0,0.000671625)
 [0,0.000674516)
 [0,0.000677807)
 [0,0.000677884)
 [0,0.000686014)
 [0,0.000689)
 [0,0.000690593)
 [0,0.00069212)
 [0,0.000694066)
 [0,0.00069508)
 [0,0.000695556)
 [0,0.000695676)
 [0,0.000697732)
 [0,0.000697884)
 [0,0.000699894)
 [0,0.000701427)
 [0,0.000702977)
 [0,0.000703156)
 [0,0.000703812)
 [0,0.000704497)
 [0,0.000705875)
 [0,0.000711322)
 [0,0.000712761)
 [0,0.000714779)
 [0,0.000718317)
 [0,0.000719898)
 [0,0.000722587)
 [0,0.000726223)
 [0,0.00073728)
 [0,0.000746012)
 [0,0.00074649)
 [0,0.000751064)
 [0,0.000752658)
 [0,0.000757694)
 [0,0.00076738)
 [0,0.000778496)
 [0,0.000779278)
 [0,0.000781893)
 [0,0.000782371)
 [0,0.000783014)
 [0,0.000784487)
 [0,0.00078544)
 [0,0.000785936)
 [0,0.000786126)
 [0,0.000787297)
 [0,0.000787689)
 [0,0.000788122)
 [0,0.000791202)
 [0,0.000791848)
 [0,0.000798047)
 [0,0.000798196)
 [0,0.00079906)
 [0,0.000799239)
 [0,0.000801325)
 [0,0.000803769)
 [0,0.000809789)
 [0,0.000821527)
 [0,0.00082761)
 [0,0.000832438)
 [0,0.000843257)
 [0,0.000849694)
 [0,0.000855138)
 [0,0.000858247)
 [0,0.000859946)
 [0,0.000860304)
 [0,0.000865157)
 [0,0.000868851)
 [0,0.000869542)
 [0,0.000870356)
 [0,0.000876158)
 [0,0.000877097)
 [0,0.000880241)
 [0,0.000884398)
 [0,0.00088499)
 [0,0.000886217)
 [0,0.000891003)
 [0,0.000892699)
 [0,0.000898093)
 [0,0.000899858)
 [0,0.000902438)
 [0,0.00090611)
 [0,0.000909994)
 [0,0.000918186)
 [0,0.000924617)
 [0,0.00092968)
 [0,0.00093383)
 [0,0.00093478)
 [0,0.000939142)
 [0,0.000939606)
 [0,0.0009414)
 [0,0.000943408)
 [0,0.000946571)
 [0,0.00094676)
 [0,0.000949145)
 [0,0.000949263)
 [0,0.000950962)
 [0,0.00095105)
 [0,0.000954103)
 [0,0.00095585)
 [0,0.000960469)
 [0,0.000962618)
 [0,0.000963941)
 [0,0.000964161)
 [0,0.000971287)
 [0,0.000971526)
 [0,0.000974834)
 [0,0.000976056)
 [0,0.000976452)
 [0,0.000976711)
 [0,0.000979155)
 [0,0.000979384)
 [0,0.000980592)
 [0,0.000983116)
 [0,0.000991583)
 [0,0.00099352)
 [0,0.000994976)
 [0,0.000999647)
 [0,0.00100669)
 [0,0.00100916)
 [0,0.00101063)
 [0,0.00101334)
 [0,0.00101525)
 [0,0.00101642)
 [0,0.00101774)
 [0,0.00101969)
 [0,0.00102839)
 [0,0.00103046)
 [0,0.00103831)
 [0,0.00104013)
 [0,0.00104132)
 [0,0.00104166)
 [0,0.00104456)
 [0,0.00104487)
 [0,0.00105046)
 [0,0.00105107)
 [0,0.00106117)
 [0,0.00106325)
 [0,0.00106494)
 [0,0.00106758)
 [0,0.00107014)
 [0,0.00108084)
 [0,0.00108162)
 [0,0.00108231)
 [0,0.00108349)
 [0,0.0010896)
 [0,0.00109024)
 [0,0.00109255)
 [0,0.00109255)
 [0,0.00109971)
 [0,0.00110098)
 [0,0.00110104)
 [0,0.00110257)
 [0,0.00110324)
 [0,0.00110346)
 [0,0.00110476)
 [0,0.00110641)
 [0,0.00111553)
 [0,0.00111571)
 [0,0.00111708)
 [0,0.00112027)
 [0,0.00112426)
 [0,0.00112511)
 [0,0.00112638)
 [0,0.00112841)
 [0,0.00112851)
 [0,0.00112966)
 [0,0.00113097)
 [0,0.00113645)
 [0,0.00113806)
 [0,0.00114949)
 [0,0.00115467)
 [0,0.00115643)
 [0,0.00116527)
 [0,0.00116534)
 [0,0.00117368)
 [0,0.00117472)
 [0,0.00117934)
 [0,0.00117949)
 [0,0.00118335)
 [0,0.00118518)
 [0,0.00118966)
 [0,0.00119133)
 [0,0.00119522)
 [0,0.00119643)
 [0,0.00120242)
 [0,0.00120312)
 [0,0.00121242)
 [0,0.00121629)
 [0,0.00121692)
 [0,0.00122059)
 [0,0.00122437)
 [0,0.00122541)
 [0,0.00123828)
 [0,0.00124019)
 [0,0.00124777)
 [0,0.00125152)
 [0,0.00125226)
 [0,0.00126182)
 [0,0.00127078)
 [0,0.00127405)
 [0,0.00127524)
 [0,0.00127541)
 [0,0.00127972)
 [0,0.00128138)
 [0,0.00128449)
 [0,0.00128537)
 [0,0.00128664)
 [0,0.00128855)
 [0,0.00129265)
 [0,0.0012939)
 [0,0.00129689)
 [0,0.00129886)
 [0,0.00130111)
 [0,0.00130625)
 [0,0.00130892)
 [0,0.00131233)
 [0,0.00131506)
 [0,0.00131658)
 [0,0.00131815)
 [0,0.00132438)
 [0,0.00132626)
 [0,0.00133583)
 [0,0.00134146)
 [0,0.00134547)
 [0,0.00134784)
 [0,0.00134959)
 [0,0.00135062)
 [0,0.00135291)
 [0,0.00135373)
 [0,0.00135885)
 [0,0.00135892)
 [0,0.00136158)
 [0,0.00136212)
 [0,0.0013625)
 [0,0.00136256)
 [0,0.00136551)
 [0,0.00136674)
 [0,0.00137584)
 [0,0.00138678)
 [0,0.00138817)
 [0,0.0013945)
 [0,0.00139458)
 [0,0.00139469)
 [0,0.00140269)
 [0,0.00141653)
 [0,0.00142322)
 [0,0.00142339)
 [0,0.00142649)
 [0,0.00143683)
 [0,0.00143764)
 [0,0.00143817)
 [0,0.00143948)
 [0,0.00144423)
 [0,0.00144797)
 [0,0.00144821)
 [0,0.00144827)
 [0,0.00145438)
 [0,0.00145765)
 [0,0.00145836)
 [0,0.00146133)
 [0,0.00146158)
 [0,0.00148063)
 [0,0.00148166)
 [0,0.00148446)
 [0,0.00148995)
 [0,0.00149179)
 [0,0.00149186)
 [0,0.00150073)
 [0,0.00150198)
 [0,0.00150771)
 [0,0.00151105)
 [0,0.00151354)
 [0,0.00151433)
 [0,0.00151908)
 [0,0.00152257)
 [0,0.00152588)
 [0,0.00152639)
 [0,0.00152798)
 [0,0.0015308)
 [0,0.00153195)
 [0,0.00153233)
 [0,0.00153764)
 [0,0.00153935)
 [0,0.00154213)
 [0,0.00154256)
 [0,0.00154403)
 [0,0.00154528)
 [0,0.00154747)
 [0,0.001548)
 [0,0.00154817)
 [0,0.00155061)
 [0,0.00155267)
 [0,0.00155412)
 [0,0.00155968)
 [0,0.00156097)
 [0,0.00156188)
 [0,0.00156196)
 [0,0.00156918)
 [0,0.00157168)
 [0,0.0015747)
 [0,0.00157795)
 [0,0.00157872)
 [0,0.00157973)
 [0,0.00158008)
 [0,0.00159012)
 [0,0.0015904)
 [0,0.00159517)
 [0,0.00159538)
 [0,0.00159585)
 [0,0.00160154)
 [0,0.00160238)
 [0,0.0016041)
 [0,0.00160597)
 [0,0.00160691)
 [0,0.00160734)
 [0,0.00160766)
 [0,0.00161023)
 [0,0.00161296)
 [0,0.00161743)
 [0,0.00161862)
 [0,0.00162152)
 [0,0.00162484)
 [0,0.00162849)
 [0,0.00163687)
 [0,0.00164744)
 [0,0.00164849)
 [0,0.00164922)
 [0,0.00165446)
 [0,0.00165719)
 [0,0.00165762)
 [0,0.00165883)
 [0,0.00165965)
 [0,0.0016647)
 [0,0.00167269)
 [0,0.00167544)
 [0,0.00168043)
 [0,0.00168329)
 [0,0.00168335)
 [0,0.00168932)
 [0,0.0016994)
 [0,0.00171093)
 [0,0.00171573)
 [0,0.00172071)
 [0,0.00172727)
 [0,0.00172955)
 [0,0.00173126)
 [0,0.00173423)
 [0,0.00173504)
 [0,0.00173521)
 [0,0.0017359)
 [0,0.0017383)
 [0,0.00174195)
 [0,0.001745)
 [0,0.00174854)
 [0,0.00174893)
 [0,0.00175671)
 [0,0.00175832)
 [0,0.00175911)
 [0,0.00176827)
 [0,0.00177274)
 [0,0.00177686)
 [0,0.00178161)
 [0,0.00178741)
 [0,0.00178821)
 [0,0.00179313)
 [0,0.00179398)
 [0,0.00179614)
 [0,0.00179866)
 [0,0.00180271)
 [0,0.00180349)
 [0,0.00181283)
 [0,0.00181526)
 [0,0.00181708)
 [0,0.00181741)
 [0,0.0018187)
 [0,0.00182084)
 [0,0.00182319)
 [0,0.0018241)
 [0,0.00183833)
 [0,0.00183925)
 [0,0.00183994)
 [0,0.00184449)
 [0,0.00184832)
 [0,0.00184862)
 [0,0.00185583)
 [0,0.00185675)
 [0,0.00185908)
 [0,0.00186347)
 [0,0.00186824)
 [0,0.00187144)
 [0,0.00187247)
 [0,0.00187352)
 [0,0.00187729)
 [0,0.00188035)
 [0,0.00189317)
 [0,0.00190106)
 [0,0.0019079)
 [0,0.00191002)
 [0,0.00191102)
 [0,0.00191342)
 [0,0.00191714)
 [0,0.00191813)
 [0,0.00191893)
 [0,0.0019201)
 [0,0.0019206)
 [0,0.00192083)
 [0,0.00192207)
 [0,0.00192236)
 [0,0.00192602)
 [0,0.00192967)
 [0,0.00192995)
 [0,0.00193054)
 [0,0.00193297)
 [0,0.00193881)
 [0,0.00194352)
 [0,0.00194423)
 [0,0.0019443)
 [0,0.00195371)
 [0,0.00195606)
 [0,0.00195679)
 [0,0.00195885)
 [0,0.00196417)
 [0,0.00196541)
 [0,0.00196799)
 [0,0.00197522)
 [0,0.0019794)
 [0,0.00199091)
 [0,0.00199772)
 [0,0.00199898)
 [0,0.00199899)
 [0,0.00200154)
 [0,0.00200987)
 [0,0.00202058)
 [0,0.00202125)
 [0,0.00202142)
 [0,0.00202628)
 [0,0.00202634)
 [0,0.00203154)
 [0,0.00203222)
 [0,0.00203643)
 [0,0.00203673)
 [0,0.00204203)
 [0,0.00204641)
 [0,0.00205245)
 [0,0.00205364)
 [0,0.00205425)
 [0,0.00205788)
 [0,0.00205906)
 [0,0.00206193)
 [0,0.00206671)
 [0,0.00206802)
 [0,0.00207173)
 [0,0.00207778)
 [0,0.00208008)
 [0,0.00208338)
 [0,0.00208821)
 [0,0.00209161)
 [0,0.0020967)
 [0,0.00210014)
 [0,0.00210427)
 [0,0.00210434)
 [0,0.00210619)
 [0,0.00210675)
 [0,0.00211171)
 [0,0.00211261)
 [0,0.00211852)
 [0,0.00212099)
 [0,0.00212326)
 [0,0.00212688)
 [0,0.00212807)
 [0,0.00213194)
 [0,0.00213603)
 [0,0.00213984)
 [0,0.00214761)
 [0,0.00215007)
 [0,0.00216078)
 [0,0.00216159)
 [0,0.00216234)
 [0,0.00216262)
 [0,0.00216322)
 [0,0.00216614)
 [0,0.00216645)
 [0,0.00216653)
 [0,0.0021696)
 [0,0.00216973)
 [0,0.00217201)
 [0,0.00218316)
 [0,0.00218794)
 [0,0.00219004)
 [0,0.00219258)
 [0,0.00220831)
 [0,0.00221327)
 [0,0.00221622)
 [0,0.00221749)
 [0,0.00222013)
 [0,0.00222151)
 [0,0.00223002)
 [0,0.00223101)
 [0,0.00223129)
 [0,0.00223549)
 [0,0.00223768)
 [0,0.00224004)
 [0,0.00224534)
 [0,0.00224891)
 [0,0.00225023)
 [0,0.00225804)
 [0,0.00225959)
 [0,0.00226451)
 [0,0.00227127)
 [0,0.0022734)
 [0,0.00227838)
 [0,0.00227862)
 [0,0.00228108)
 [0,0.00228352)
 [0,0.00229005)
 [0,0.00229231)
 [0,0.00229383)
 [0,0.00229643)
 [0,0.00230178)
 [0,0.00230643)
 [0,0.00231163)
 [0,0.00231431)
 [0,0.00232557)
 [0,0.00232608)
 [0,0.00232619)
 [0,0.00232625)
 [0,0.00232883)
 [0,0.00233167)
 [0,0.00233238)
 [0,0.0023368)
 [0,0.00233713)
 [0,0.00234076)
 [0,0.00234794)
 [0,0.00235346)
 [0,0.00235546)
 [0,0.00235829)
 [0,0.00236044)
 [0,0.00236092)
 [0,0.00236564)
 [0,0.00236767)
 [0,0.00237073)
 [0,0.00237536)
 [0,0.00237621)
 [0,0.00237739)
 [0,0.00237941)
 [0,0.00238151)
 [0,0.00238496)
 [0,0.00239105)
 [0,0.00239274)
 [0,0.00239333)
 [0,0.00239463)
 [0,0.00239603)
 [0,0.00240392)
 [0,0.00240753)
 [0,0.00242119)
 [0,0.0024215)
 [0,0.00242484)
 [0,0.00242666)
 [0,0.00242758)
 [0,0.00242836)
 [0,0.00243369)
 [0,0.00243562)
 [0,0.00243901)
 [0,0.00243966)
 [0,0.00244241)
 [0,0.00244365)
 [0,0.00245084)
 [0,0.00245316)
 [0,0.00246119)
 [0,0.00246202)
 [0,0.00247046)
 [0,0.00247053)
 [0,0.00247332)
 [0,0.00247354)
 [0,0.00247625)
 [0,0.0024777)
 [0,0.00247773)
 [0,0.00247835)
 [0,0.00248023)
 [0,0.00248094)
 [0,0.00248397)
 [0,0.00248503)
 [0,0.00248994)
 [0,0.00249208)
 [0,0.00249568)
 [0,0.0024978)
 [0,0.00250528)
 [0,0.00250556)
 [0,0.00250645)
 [0,0.00251044)
 [0,0.00251321)
 [0,0.00251409)
 [0,0.00251923)
 [0,0.00251959)
 [0,0.00252405)
 [0,0.00253519)
 [0,0.00253938)
 [0,0.00254034)
 [0,0.00254238)
 [0,0.00254244)
 [0,0.00254333)
 [0,0.00254918)
 [0,0.00255371)
 [0,0.00255383)
 [0,0.00255815)
 [0,0.00256226)
 [0,0.00256375)
 [0,0.00256777)
 [0,0.00256946)
 [0,0.00257263)
 [0,0.00257632)
 [0,0.00258067)
 [0,0.00258476)
 [0,0.00258992)
 [0,0.00259276)
 [0,0.00259531)
 [0,0.00260032)
 [0,0.0026029)
 [0,0.00261052)
 [0,0.00261083)
 [0,0.00261086)
 [0,0.00261814)
 [0,0.00261865)
 [0,0.00261998)
 [0,0.00262036)
 [0,0.00262189)
 [0,0.00262597)
 [0,0.00262638)
 [0,0.00262839)
 [0,0.00263125)
 [0,0.00263142)
 [0,0.00263546)
 [0,0.0026355)
 [0,0.00264351)
 [0,0.00265016)
 [0,0.00265201)
 [0,0.00265209)
 [0,0.00265404)
 [0,0.00266441)
 [0,0.00266902)
 [0,0.00267198)
 [0,0.00267564)
 [0,0.00268417)
 [0,0.00268479)
 [0,0.00268863)
 [0,0.00268996)
 [0,0.00269262)
 [0,0.00269691)
 [0,0.00270578)
 [0,0.0027065)
 [0,0.00270984)
 [0,0.00271389)
 [0,0.00272168)
 [0,0.00272506)
 [0,0.00272575)
 [0,0.00273019)
 [0,0.00273307)
 [0,0.00273505)
 [0,0.00273709)
 [0,0.00274121)
 [0,0.00274431)
 [0,0.00274521)
 [0,0.00274536)
 [0,0.00275894)
 [0,0.00276227)
 [0,0.0027701)
 [0,0.00277074)
 [0,0.00277544)
 [0,0.00277585)
 [0,0.00277948)
 [0,0.00278059)
 [0,0.002783)
 [0,0.00278669)
 [0,0.00278869)
 [0,0.00280296)
 [0,0.00280404)
 [0,0.0028159)
 [0,0.00281629)
 [0,0.00281913)
 [0,0.00282637)
 [0,0.00282955)
 [0,0.00283269)
 [0,0.00283583)
 [0,0.00283715)
 [0,0.00283878)
 [0,0.00284163)
 [0,0.00284226)
 [0,0.0028442)
 [0,0.00284561)
 [0,0.00284901)
 [0,0.00285303)
 [0,0.00286268)
 [0,0.00286377)
 [0,0.00286859)
 [0,0.00287332)
 [0,0.00287361)
 [0,0.00287576)
 [0,0.00287791)
 [0,0.00288093)
 [0,0.00288518)
 [0,0.0028863)
 [0,0.00288756)
 [0,0.00289674)
 [0,0.00289765)
 [0,0.00290212)
 [0,0.0029111)
 [0,0.00292321)
 [0,0.00292543)
 [0,0.00292758)
 [0,0.00292798)
 [0,0.0029315)
 [0,0.00293319)
 [0,0.00293456)
 [0,0.00293892)
 [0,0.00294228)
 [0,0.00294237)
 [0,0.00294321)
 [0,0.00294384)
 [0,0.00294626)
 [0,0.002949)
 [0,0.00295018)
 [0,0.00295055)
 [0,0.00296795)
 [0,0.00296814)
 [0,0.00297086)
 [0,0.00297791)
 [0,0.0029811)
 [0,0.0029816)
 [0,0.00298201)
 [0,0.00298357)
 [0,0.00298604)
 [0,0.00298671)
 [0,0.00298893)
 [0,0.00298925)
 [0,0.00299009)
 [0,0.00299183)
 [0,0.00299546)
 [0,0.00299573)
 [0,0.00299652)
 [0,0.00299893)
 [0,0.00300315)
 [0,0.00300351)
 [0,0.00300711)
 [0,0.00300744)
 [0,0.00301059)
 [0,0.0030119)
 [0,0.00301493)
 [0,0.00301556)
 [0,0.00301858)
 [0,0.003022)
 [0,0.0030242)
 [0,0.00302439)
 [0,0.00302564)
 [0,0.00303387)
 [0,0.0030368)
 [0,0.00304284)
 [0,0.00304393)
 [0,0.00304623)
 [0,0.00304762)
 [0,0.00305367)
 [0,0.00305439)
 [0,0.00305758)
 [0,0.00305759)
 [0,0.00306137)
 [0,0.00306285)
 [0,0.00306972)
 [0,0.00307073)
 [0,0.00307255)
 [0,0.00307322)
 [0,0.0030742)
 [0,0.00307427)
 [0,0.00307687)
 [0,0.00308676)
 [0,0.0030966)
 [0,0.00309663)
 [0,0.0031048)
 [0,0.00310695)
 [0,0.0031133)
 [0,0.00311388)
 [0,0.00312193)
 [0,0.00312392)
 [0,0.00313277)
 [0,0.00313374)
 [0,0.0031417)
 [0,0.00315404)
 [0,0.00315737)
 [0,0.00316245)
 [0,0.00316296)
 [0,0.00316327)
 [0,0.00316846)
 [0,0.00316852)
 [0,0.00316997)
 [0,0.00317575)
 [0,0.003179)
 [0,0.0031848)
 [0,0.00318829)
 [0,0.00318865)
 [0,0.0031892)
 [0,0.00319318)
 [0,0.00319411)
 [0,0.00319434)
 [0,0.00319964)
 [0,0.00319998)
 [0,0.00320131)
 [0,0.00320178)
 [0,0.0032018)
 [0,0.00320313)
 [0,0.00320369)
 [0,0.00320835)
 [0,0.00321504)
 [0,0.00322192)
 [0,0.0032245)
 [0,0.00323061)
 [0,0.00323231)
 [0,0.00323677)
 [0,0.00323787)
 [0,0.00323893)
 [0,0.00324267)
 [0,0.0032442)
 [0,0.00324441)
 [0,0.00324604)
 [0,0.00325095)
 [0,0.00325313)
 [0,0.00325352)
 [0,0.00326247)
 [0,0.00326337)
 [0,0.00326547)
 [0,0.00327057)
 [0,0.00327655)
 [0,0.00327935)
 [0,0.00327968)
 [0,0.00328185)
 [0,0.00328644)
 [0,0.00330608)
 [0,0.00330618)
 [0,0.0033127)
 [0,0.00331432)
 [0,0.00331674)
 [0,0.00332051)
 [0,0.0033223)
 [0,0.00332361)
 [0,0.00333467)
 [0,0.00334046)
 [0,0.00334198)
 [0,0.00334227)
 [0,0.00334561)
 [0,0.00334747)
 [0,0.0033584)
 [0,0.00335983)
 [0,0.00335995)
 [0,0.00336033)
 [0,0.00336375)
 [0,0.0033638)
 [0,0.00336929)
 [0,0.00337275)
 [0,0.00337532)
 [0,0.00337827)
 [0,0.00338064)
 [0,0.0033808)
 [0,0.00338345)
 [0,0.00338433)
 [0,0.00338601)
 [0,0.00338721)
 [0,0.003395)
 [0,0.0033953)
 [0,0.00339622)
 [0,0.00340045)
 [0,0.0034023)
 [0,0.00340364)
 [0,0.00340473)
 [0,0.00340535)
 [0,0.00340776)
 [0,0.00342741)
 [0,0.00343373)
 [0,0.00343552)
 [0,0.00343578)
 [0,0.00343768)
 [0,0.00344125)
 [0,0.00344345)
 [0,0.0034477)
 [0,0.00344844)
 [0,0.00345099)
 [0,0.00345365)
 [0,0.00345658)
 [0,0.00345679)
 [0,0.00345758)
 [0,0.00346032)
 [0,0.003464)
 [0,0.00346424)
 [0,0.00346583)
 [0,0.00347122)
 [0,0.00347407)
 [0,0.00347894)
 [0,0.00348003)
 [0,0.00348063)
 [0,0.00348551)
 [0,0.00348627)
 [0,0.0034864)
 [0,0.00349028)
 [0,0.00349085)
 [0,0.0034948)
 [0,0.00349863)
 [0,0.0034999)
 [0,0.00350281)
 [0,0.00350688)
 [0,0.00350727)
 [0,0.00351021)
 [0,0.00351026)
 [0,0.00351109)
 [0,0.0035236)
 [0,0.00352618)
 [0,0.00352794)
 [0,0.00352994)
 [0,0.0035327)
 [0,0.0035367)
 [0,0.00353768)
 [0,0.00353855)
 [0,0.00354329)
 [0,0.0035484)
 [0,0.00355041)
 [0,0.0035512)
 [0,0.00355508)
 [0,0.00356085)
 [0,0.00356662)
 [0,0.00357059)
 [0,0.00357277)
 [0,0.00357459)
 [0,0.00357539)
 [0,0.00358035)
 [0,0.00358785)
 [0,0.00358841)
 [0,0.00358899)
 [0,0.00359029)
 [0,0.00359292)
 [0,0.00360393)
 [0,0.00361017)
 [0,0.00361034)
 [0,0.00361084)
 [0,0.00361157)
 [0,0.00361263)
 [0,0.00361392)
 [0,0.0036186)
 [0,0.00361965)
 [0,0.00362147)
 [0,0.00362255)
 [0,0.00362323)
 [0,0.00364068)
 [0,0.00364215)
 [0,0.00364298)
 [0,0.0036431)
 [0,0.00364431)
 [0,0.00364622)
 [0,0.00364718)
 [0,0.00365281)
 [0,0.00365377)
 [0,0.00366419)
 [0,0.00366611)
 [0,0.00366731)
 [0,0.00366872)
 [0,0.0036719)
 [0,0.00367448)
 [0,0.00367541)
 [0,0.00368685)
 [0,0.00368833)
 [0,0.00369917)
 [0,0.00369959)
 [0,0.00370039)
 [0,0.00370302)
 [0,0.003707)
 [0,0.00370816)
 [0,0.00371005)
 [0,0.00371182)
 [0,0.00371319)
 [0,0.00371897)
 [0,0.00372364)
 [0,0.00373319)
 [0,0.00373949)
 [0,0.00374269)
 [0,0.0037452)
 [0,0.00374743)
 [0,0.00375138)
 [0,0.0037515)
 [0,0.00375453)
 [0,0.00375848)
 [0,0.00376145)
 [0,0.00376283)
 [0,0.00376521)
 [0,0.00376714)
 [0,0.00378161)
 [0,0.00378521)
 [0,0.0037862)
 [0,0.00378696)
 [0,0.00378826)
 [0,0.00378849)
 [0,0.00379071)
 [0,0.00380298)
 [0,0.00380475)
 [0,0.00381044)
 [0,0.00382124)
 [0,0.00382544)
 [0,0.00382839)
 [0,0.00383075)
 [0,0.00383304)
 [0,0.00383437)
 [0,0.00384133)
 [0,0.00384226)
 [0,0.00385136)
 [0,0.00385283)
 [0,0.00385478)
 [0,0.003861)
 [0,0.00386505)
 [0,0.00386807)
 [0,0.00386848)
 [0,0.00387025)
 [0,0.00387426)
 [0,0.00389452)
 [0,0.00389536)
 [0,0.00389563)
 [0,0.00389616)
 [0,0.00389785)
 [0,0.00389832)
 [0,0.00389938)
 [0,0.00390655)
 [0,0.00390938)
 [0,0.00392461)
 [0,0.00392927)
 [0,0.0039304)
 [0,0.00393488)
 [0,0.00393639)
 [0,0.00393661)
 [0,0.00393999)
 [0,0.00394793)
 [0,0.00395227)
 [0,0.00395351)
 [0,0.00395893)
 [0,0.003962)
 [0,0.00396422)
 [0,0.0039654)
 [0,0.00396544)
 [0,0.00397065)
 [0,0.00397306)
 [0,0.00397376)
 [0,0.00397476)
 [0,0.00397558)
 [0,0.00397848)
 [0,0.00398053)
 [0,0.00398717)
 [0,0.00398767)
 [0,0.00398913)
 [0,0.00399025)
 [0,0.00399041)
 [0,0.00399125)
 [0,0.00399306)
 [0,0.00399997)
 [0,0.00400035)
 [0,0.00400064)
 [0,0.00400551)
 [0,0.00401556)
 [0,0.00402149)
 [0,0.00402496)
 [0,0.00402636)
 [0,0.00402745)
 [0,0.00402901)
 [0,0.00402989)
 [0,0.00403327)
 [0,0.00403339)
 [0,0.00403377)
 [0,0.00403382)
 [0,0.0040376)
 [0,0.00404205)
 [0,0.00404979)
 [0,0.00405026)
 [0,0.00405554)
 [0,0.00405829)
 [0,0.0040626)
 [0,0.00406465)
 [0,0.00407401)
 [0,0.00407479)
 [0,0.00407621)
 [0,0.00408117)
 [0,0.00408758)
 [0,0.00409123)
 [0,0.00409158)
 [0,0.00409414)
 [0,0.0041073)
 [0,0.00410862)
 [0,0.00411031)
 [0,0.00411901)
 [0,0.00412018)
 [0,0.00412178)
 [0,0.00412179)
 [0,0.00412195)
 [0,0.00412206)
 [0,0.0041234)
 [0,0.00412363)
 [0,0.00412628)
 [0,0.00412923)
 [0,0.00413294)
 [0,0.00413671)
 [0,0.00413916)
 [0,0.00414413)
 [0,0.00414507)
 [0,0.00414692)
 [0,0.004153)
 [0,0.00415533)
 [0,0.00415654)
 [0,0.00416428)
 [0,0.00418443)
 [0,0.00418548)
 [0,0.00418607)
 [0,0.00419262)
 [0,0.00419728)
 [0,0.00419815)
 [0,0.00419864)
 [0,0.00419983)
 [0,0.00420232)
 [0,0.00421448)
 [0,0.00422082)
 [0,0.00422237)
 [0,0.0042242)
 [0,0.00422739)
 [0,0.00422831)
 [0,0.00423323)
 [0,0.00423783)
 [0,0.00424114)
 [0,0.0042431)
 [0,0.00424721)
 [0,0.00424723)
 [0,0.00424884)
 [0,0.00425615)
 [0,0.00425693)
 [0,0.00426114)
 [0,0.00426144)
 [0,0.00426224)
 [0,0.0042661)
 [0,0.00426864)
 [0,0.00426867)
 [0,0.00427105)
 [0,0.00427172)
 [0,0.00427394)
 [0,0.00427809)
 [0,0.00428269)
 [0,0.00428383)
 [0,0.00428417)
 [0,0.00428463)
 [0,0.00428598)
 [0,0.00428806)
 [0,0.00429195)
 [0,0.00429303)
 [0,0.0043014)
 [0,0.0043024)
 [0,0.00430413)
 [0,0.00430645)
 [0,0.00430935)
 [0,0.00431188)
 [0,0.00432049)
 [0,0.00432092)
 [0,0.00432358)
 [0,0.00432529)
 [0,0.00432767)
 [0,0.00432856)
 [0,0.00434065)
 [0,0.00434273)
 [0,0.00434926)
 [0,0.00435574)
 [0,0.00435718)
 [0,0.00436199)
 [0,0.0043624)
 [0,0.00436379)
 [0,0.00436978)
 [0,0.00437462)
 [0,0.00439137)
 [0,0.00440025)
 [0,0.00440102)
 [0,0.00440579)
 [0,0.00440669)
 [0,0.00440932)
 [0,0.00441012)
 [0,0.00441404)
 [0,0.00441582)
 [0,0.00441747)
 [0,0.0044215)
 [0,0.00443047)
 [0,0.0044358)
 [0,0.00443768)
 [0,0.00443967)
 [0,0.00444268)
 [0,0.00444287)
 [0,0.00444649)
 [0,0.00445851)
 [0,0.00446735)
 [0,0.00446768)
 [0,0.00446844)
 [0,0.00447198)
 [0,0.00447347)
 [0,0.00447823)
 [0,0.00447893)
 [0,0.00447922)
 [0,0.00447953)
 [0,0.00448309)
 [0,0.00448512)
 [0,0.00448557)
 [0,0.00449534)
 [0,0.0045041)
 [0,0.00450426)
 [0,0.00450705)
 [0,0.00451284)
 [0,0.00451675)
 [0,0.00452067)
 [0,0.00453216)
 [0,0.00453527)
 [0,0.00453974)
 [0,0.00454156)
 [0,0.00454173)
 [0,0.00454482)
 [0,0.00454861)
 [0,0.004549)
 [0,0.00455261)
 [0,0.00455951)
 [0,0.00456128)
 [0,0.00456179)
 [0,0.00456242)
 [0,0.00456322)
 [0,0.00456408)
 [0,0.00456473)
 [0,0.00456861)
 [0,0.0045715)
 [0,0.00457342)
 [0,0.0045779)
 [0,0.00458029)
 [0,0.00458752)
 [0,0.00458809)
 [0,0.00458903)
 [0,0.0045906)
 [0,0.00459292)
 [0,0.00459344)
 [0,0.00459635)
 [0,0.00460115)
 [0,0.00460541)
 [0,0.00460568)
 [0,0.00460682)
 [0,0.00461217)
 [0,0.00462338)
 [0,0.00463077)
 [0,0.0046457)
 [0,0.00464864)
 [0,0.00464913)
 [0,0.00465819)
 [0,0.00466183)
 [0,0.00466806)
 [0,0.00467274)
 [0,0.0046745)
 [0,0.00467476)
 [0,0.00467996)
 [0,0.00468057)
 [0,0.00468649)
 [0,0.00469135)
 [0,0.004698)
 [0,0.00471775)
 [0,0.0047179)
 [0,0.0047192)
 [0,0.00472014)
 [0,0.00472703)
 [0,0.00472798)
 [0,0.00473003)
 [0,0.00473005)
 [0,0.00473131)
 [0,0.00473135)
 [0,0.00473175)
 [0,0.00474157)
 [0,0.00474331)
 [0,0.00474525)
 [0,0.00474532)
 [0,0.00474921)
 [0,0.00475232)
 [0,0.00475315)
 [0,0.00475545)
 [0,0.00475686)
 [0,0.00476134)
 [0,0.00476242)
 [0,0.0047634)
 [0,0.0047646)
 [0,0.00476534)
 [0,0.00476547)
 [0,0.00476674)
 [0,0.00476922)
 [0,0.00477925)
 [0,0.0047806)
 [0,0.0047876)
 [0,0.00479442)
 [0,0.00479911)
 [0,0.00480312)
 [0,0.00480791)
 [0,0.00481645)
 [0,0.00482474)
 [0,0.00482498)
 [0,0.00483528)
 [0,0.00483661)
 [0,0.00484697)
 [0,0.00484888)
 [0,0.00485374)
 [0,0.00486729)
 [0,0.00488209)
 [0,0.00488665)
 [0,0.00488906)
 [0,0.0049011)
 [0,0.00490181)
 [0,0.00490654)
 [0,0.00490684)
 [0,0.0049079)
 [0,0.0049135)
 [0,0.00491911)
 [0,0.00491928)
 [0,0.00492332)
 [0,0.00493865)
 [0,0.00494219)
 [0,0.00494737)
 [0,0.00495241)
 [0,0.00495251)
 [0,0.00495442)
 [0,0.00496036)
 [0,0.00496547)
 [0,0.00496712)
 [0,0.00497183)
 [0,0.00497506)
 [0,0.00497909)
 [0,0.00497917)
 [0,0.00498249)
 [0,0.00498383)
 [0,0.00498397)
 [0,0.00498973)
 [0,0.00499757)
 [0,0.00499788)
 [0,0.00500325)
 [0,0.00501002)
 [0,0.00501004)
 [0,0.00501359)
 [0,0.00501669)
 [0,0.00502025)
 [0,0.0050246)
 [0,0.0050263)
 [0,0.00502823)
 [0,0.00502855)
 [0,0.00503459)
 [0,0.00504009)
 [0,0.00504019)
 [0,0.00504684)
 [0,0.00505288)
 [0,0.00505676)
 [0,0.00505839)
 [0,0.00506229)
 [0,0.00506272)
 [0,0.00506836)
 [0,0.00507127)
 [0,0.00508121)
 [0,0.00508352)
 [0,0.00508583)
 [0,0.00508792)
 [0,0.00509067)
 [0,0.00509607)
 [0,0.00509754)
 [0,0.0051009)
 [0,0.00511104)
 [0,0.00511207)
 [0,0.00511454)
 [0,0.00511744)
 [0,0.00512948)
 [0,0.00513281)
 [0,0.00513452)
 [0,0.0051365)
 [0,0.00513778)
 [0,0.00514337)
 [0,0.00514555)
 [0,0.00515081)
 [0,0.00516037)
 [0,0.00516314)
 [0,0.00516489)
 [0,0.0051671)
 [0,0.00516829)
 [0,0.00518692)
 [0,0.00518701)
 [0,0.00518983)
 [0,0.005191)
 [0,0.00519392)
 [0,0.00519973)
 [0,0.00520697)
 [0,0.0052076)
 [0,0.00521208)
 [0,0.00521475)
 [0,0.00521673)
 [0,0.00521805)
 [0,0.00523897)
 [0,0.00524272)
 [0,0.00524445)
 [0,0.00526343)
 [0,0.0052652)
 [0,0.00526627)
 [0,0.00526787)
 [0,0.0052708)
 [0,0.00527146)
 [0,0.00527261)
 [0,0.00527766)
 [0,0.00528142)
 [0,0.00528296)
 [0,0.0052831)
 [0,0.00528722)
 [0,0.00529116)
 [0,0.00530793)
 [0,0.00531178)
 [0,0.00531935)
 [0,0.00532359)
 [0,0.00532704)
 [0,0.00533149)
 [0,0.00534294)
 [0,0.00535499)
 [0,0.00535647)
 [0,0.00535651)
 [0,0.00536173)
 [0,0.00536727)
 [0,0.0053743)
 [0,0.00537578)
 [0,0.00538507)
 [0,0.00539623)
 [0,0.00539821)
 [0,0.0054061)
 [0,0.00540857)
 [0,0.00541304)
 [0,0.00541405)
 [0,0.00541482)
 [0,0.00541758)
 [0,0.00541935)
 [0,0.00541998)
 [0,0.00542383)
 [0,0.00543128)
 [0,0.00543179)
 [0,0.00543283)
 [0,0.00543676)
 [0,0.00543815)
 [0,0.00546521)
 [0,0.00546553)
 [0,0.00546558)
 [0,0.00547167)
 [0,0.00548375)
 [0,0.00548562)
 [0,0.00548719)
 [0,0.00548994)
 [0,0.00549652)
 [0,0.00549677)
 [0,0.00549872)
 [0,0.00550755)
 [0,0.00551316)
 [0,0.00551372)
 [0,0.00551546)
 [0,0.0055159)
 [0,0.00552825)
 [0,0.00553178)
 [0,0.00554158)
 [0,0.00554433)
 [0,0.00554548)
 [0,0.00555209)
 [0,0.00555354)
 [0,0.00555956)
 [0,0.0055617)
 [0,0.0055643)
 [0,0.00556454)
 [0,0.00557571)
 [0,0.00557759)
 [0,0.00558268)
 [0,0.00558359)
 [0,0.00559409)
 [0,0.00559916)
 [0,0.00562048)
 [0,0.00562114)
 [0,0.00562191)
 [0,0.00563)
 [0,0.00563349)
 [0,0.00563462)
 [0,0.0056371)
 [0,0.00564065)
 [0,0.0056438)
 [0,0.00565463)
 [0,0.00566235)
 [0,0.00566306)
 [0,0.00566372)
 [0,0.00567114)
 [0,0.00567387)
 [0,0.00567774)
 [0,0.00568061)
 [0,0.0056819)
 [0,0.00568329)
 [0,0.00568944)
 [0,0.00569085)
 [0,0.00569199)
 [0,0.00569436)
 [0,0.00569512)
 [0,0.00569553)
 [0,0.00570456)
 [0,0.0057089)
 [0,0.00571288)
 [0,0.00571307)
 [0,0.0057241)
 [0,0.00573367)
 [0,0.00573858)
 [0,0.00574036)
 [0,0.00574266)
 [0,0.0057638)
 [0,0.00576668)
 [0,0.00577133)
 [0,0.00577604)
 [0,0.00578205)
 [0,0.00578743)
 [0,0.00579147)
 [0,0.00579193)
 [0,0.00579623)
 [0,0.00580147)
 [0,0.00580471)
 [0,0.00581004)
 [0,0.00582227)
 [0,0.00583047)
 [0,0.00583068)
 [0,0.00583211)
 [0,0.00583515)
 [0,0.00583529)
 [0,0.00583949)
 [0,0.00584297)
 [0,0.00584739)
 [0,0.00584798)
 [0,0.00586556)
 [0,0.00586926)
 [0,0.00587299)
 [0,0.00588373)
 [0,0.00589242)
 [0,0.00589378)
 [0,0.00590967)
 [0,0.00592425)
 [0,0.00593466)
 [0,0.00594095)
 [0,0.00594484)
 [0,0.00595284)
 [0,0.00595717)
 [0,0.00596095)
 [0,0.00596447)
 [0,0.00597374)
 [0,0.00600072)
 [0,0.00600669)
 [0,0.00601209)
 [0,0.00601865)
 [0,0.0060248)
 [0,0.00602927)
 [0,0.00602936)
 [0,0.00604583)
 [0,0.00604845)
 [0,0.00605473)
 [0,0.00605669)
 [0,0.00605973)
 [0,0.0060663)
 [0,0.00607648)
 [0,0.00607874)
 [0,0.00608515)
 [0,0.0060961)
 [0,0.00610298)
 [0,0.00610551)
 [0,0.00610672)
 [0,0.00610678)
 [0,0.0061118)
 [0,0.00612961)
 [0,0.00613618)
 [0,0.00615141)
 [0,0.00615333)
 [0,0.00615427)
 [0,0.0061549)
 [0,0.00615734)
 [0,0.00616223)
 [0,0.00616261)
 [0,0.00616281)
 [0,0.00617949)
 [0,0.0061857)
 [0,0.00619195)
 [0,0.00619385)
 [0,0.00619555)
 [0,0.00620272)
 [0,0.00620665)
 [0,0.00620993)
 [0,0.00621931)
 [0,0.00622406)
 [0,0.00622588)
 [0,0.00622594)
 [0,0.00623236)
 [0,0.00623696)
 [0,0.00623729)
 [0,0.00624602)
 [0,0.00625189)
 [0,0.00626362)
 [0,0.00629286)
 [0,0.0062944)
 [0,0.00629976)
 [0,0.0063021)
 [0,0.006305)
 [0,0.00630567)
 [0,0.00631452)
 [0,0.00631471)
 [0,0.00631968)
 [0,0.00632174)
 [0,0.00632961)
 [0,0.00633342)
 [0,0.00633366)
 [0,0.00635517)
 [0,0.00636326)
 [0,0.00636858)
 [0,0.00637082)
 [0,0.00638593)
 [0,0.00638989)
 [0,0.00639449)
 [0,0.00640141)
 [0,0.00640726)
 [0,0.00640747)
 [0,0.00640835)
 [0,0.00641379)
 [0,0.00641483)
 [0,0.00642151)
 [0,0.00642716)
 [0,0.00643538)
 [0,0.00643689)
 [0,0.00644469)
 [0,0.00644647)
 [0,0.00644949)
 [0,0.00645855)
 [0,0.00647542)
 [0,0.00647727)
 [0,0.00648509)
 [0,0.00649671)
 [0,0.00652315)
 [0,0.00653501)
 [0,0.00653701)
 [0,0.00654359)
 [0,0.00654688)
 [0,0.00655452)
 [0,0.00656753)
 [0,0.00657555)
 [0,0.00657676)
 [0,0.00658154)
 [0,0.00659169)
 [0,0.00659331)
 [0,0.00659347)
 [0,0.00660783)
 [0,0.00660963)
 [0,0.00661147)
 [0,0.00662877)
 [0,0.00664732)
 [0,0.00664758)
 [0,0.00665045)
 [0,0.00666424)
 [0,0.00666462)
 [0,0.00666992)
 [0,0.00667483)
 [0,0.00669025)
 [0,0.0067193)
 [0,0.00672352)
 [0,0.0067412)
 [0,0.00674397)
 [0,0.00676109)
 [0,0.00677727)
 [0,0.00678463)
 [0,0.00679162)
 [0,0.00684952)
 [0,0.00685198)
 [0,0.00685451)
 [0,0.00688767)
 [0,0.00689055)
 [0,0.00689164)
 [0,0.00689644)
 [0,0.00690105)
 [0,0.0069189)
 [0,0.00691972)
 [0,0.0069409)
 [0,0.00694523)
 [0,0.0069571)
 [0,0.00697468)
 [0,0.00697599)
 [0,0.00700463)
 [0,0.00703907)
 [0,0.00704378)
 [0,0.00705998)
 [0,0.00707555)
 [0,0.00708228)
 [0,0.0071007)
 [0,0.00710411)
 [0,0.00712256)
 [0,0.00712919)
 [0,0.00713133)
 [0,0.00716985)
 [0,0.0071763)
 [0,0.00717681)
 [0,0.00717826)
 [0,0.00718166)
 [0,0.00718422)
 [0,0.00719759)
 [0,0.00723099)
 [0,0.00723851)
 [0,0.00726379)
 [0,0.00726662)
 [0,0.00727006)
 [0,0.00728137)
 [0,0.00729085)
 [0,0.00729815)
 [0,0.00732066)
 [0,0.00733165)
 [0,0.00733264)
 [0,0.00734824)
 [0,0.0073946)
 [0,0.00739533)
 [0,0.0073956)
 [0,0.00740631)
 [0,0.00745158)
 [0,0.00745169)
 [0,0.00745598)
 [0,0.00746102)
 [0,0.00746261)
 [0,0.00746372)
 [0,0.00750242)
 [0,0.00750606)
 [0,0.00752166)
 [0,0.00758366)
 [0,0.00765703)
 [0,0.00765822)
 [0,0.00766844)
 [0,0.00767387)
 [0,0.00768473)
 [0,0.00768522)
 [0,0.00768615)
 [0,0.00774319)
 [0,0.00775717)
 [0,0.00779758)
 [0,0.00780636)
 [0,0.00783924)
 [0,0.00784028)
 [0,0.00786829)
 [0,0.007875)
 [0,0.00787582)
 [0,0.00790243)
 [0,0.00790944)
 [0,0.00791382)
 [0,0.00791627)
 [0,0.00795721)
 [0,0.00807698)
 [0,0.00809183)
 [0,0.00809451)
 [0,0.00809711)
 [0,0.00810023)
 [0,0.0081089)
 [0,0.008133)
 [0,0.00813963)
 [0,0.00814191)
 [0,0.00816989)
 [0,0.00817104)
 [0,0.00821473)
 [0,0.00822264)
 [0,0.00823195)
 [0,0.00823779)
 [0,0.00825998)
 [0,0.00829885)
 [0,0.00830109)
 [0,0.00830983)
 [0,0.00832316)
 [0,0.00832639)
 [0,0.00834239)
 [0,0.00835346)
 [0,0.0083789)
 [0,0.00840794)
 [0,0.00842053)
 [0,0.00844445)
 [0,0.00847085)
 [0,0.00847124)
 [0,0.00847363)
 [0,0.00849826)
 [0,0.00851627)
 [0,0.00853459)
 [0,0.00856283)
 [0,0.00856456)
 [0,0.00858204)
 [0,0.00859845)
 [0,0.00860768)
 [0,0.00864445)
 [0,0.00866612)
 [0,0.00867951)
 [0,0.00870679)
 [0,0.00873634)
 [0,0.00881172)
 [0,0.00883656)
 [0,0.00885892)
 [0,0.00887978)
 [0,0.00889461)
 [0,0.00889488)
 [0,0.0088962)
 [0,0.00892234)
 [0,0.00892742)
 [0,0.00893365)
 [0,0.0089447)
 [0,0.00894895)
 [0,0.00896632)
 [0,0.00897188)
 [0,0.00900997)
 [0,0.00901319)
 [0,0.00907023)
 [0,0.00909495)
 [0,0.00911508)
 [0,0.00911751)
 [0,0.00912121)
 [0,0.00912876)
 [0,0.00914051)
 [0,0.00914952)
 [0,0.00918703)
 [0,0.0092083)
 [0,0.00922613)
 [0,0.00924528)
 [0,0.00926153)
 [0,0.00930834)
 [0,0.00931323)
 [0,0.00932858)
 [0,0.0093602)
 [0,0.00940845)
 [0,0.00943379)
 [0,0.00943653)
 [0,0.0094831)
 [0,0.00948738)
 [0,0.00952508)
 [0,0.00953394)
 [0,0.00956568)
 [0,0.00959784)
 [0,0.00963491)
 [0,0.00965343)
 [0,0.00968732)
 [0,0.00972191)
 [0,0.00973564)
 [0,0.00976919)
 [0,0.00979758)
 [0,0.00979815)
 [0,0.0098012)
 [0,0.009875)
 [0,0.00988187)
 [0,0.0098884)
 [0,0.00997832)
 [0,0.00998383)
 [0,0.0100844)
 [0,0.0100916)
 [0,0.0100932)
 [0,0.0101464)
 [0,0.0101562)
 [0,0.0101792)
 [0,0.0103117)
 [0,0.0103758)
 [0,0.0104016)
 [0,0.0104135)
 [0,0.0104166)
 [0,0.0104288)
 [0,0.0104551)
 [0,0.0104854)
 [0,0.0105443)
 [0,0.0105463)
 [0,0.0105542)
 [0,0.0105764)
 [0,0.0106553)
 [0,0.0108037)
 [0,0.0108157)
 [0,0.0108643)
 [0,0.0108931)
 [0,0.0109322)
 [0,0.0109353)
 [0,0.0109394)
 [0,0.0109898)
 [0,0.01102)
 [0,0.0110523)
 [0,0.0110742)
 [0,0.0110759)
 [0,0.011107)
 [0,0.0111757)
 [0,0.0112187)
 [0,0.0112277)
 [0,0.0112655)
 [0,0.011289)
 [0,0.0113667)
 [0,0.011526)
 [0,0.0115533)
 [0,0.0115758)
 [0,0.0117282)
 [0,0.0117691)
 [0,0.0117869)
 [0,0.0118197)
 [0,0.0118478)
 [0,0.0118679)
 [0,0.0118899)
 [0,0.0119982)
 [0,0.0120224)
 [0,0.0120574)
 [0,0.0120762)
 [0,0.0121229)
 [0,0.012207)
 [0,0.0122302)
 [0,0.0123124)
 [0,0.0124875)
 [0,0.0125095)
 [0,0.0125337)
 [0,0.0126686)
 [0,0.0127518)
 [0,0.0127687)
 [0,0.0129309)
 [0,0.0129492)
 [0,0.0129498)
 [0,0.0132939)
 [0,0.0133679)
 [0,0.0134342)
 [0,0.0135855)
 [0,0.0139261)
 [0,0.0139445)
 [0,0.013991)
 [0,0.0140107)
 [0,0.0141012)
 [0,0.0141329)
 [0,0.0141886)
 [0,0.014235)
 [0,0.0142508)
 [0,0.0144343)
 [0,0.0144997)
 [0,0.0145577)
 [0,0.0146498)
 [0,0.0146608)
 [0,0.0149396)
 [0,0.0151897)
 [0,0.0152911)
 [0,0.0153771)
 [0,0.0154674)
 [0,0.0157095)
 [0,0.0160244)
 [0,0.0161747)
 [0,0.0162164)
 [0,0.016256)
 [0,0.016268)
 [0,0.0163086)
 [0,0.0164836)
 [0,0.0165211)
 [0,0.0168006)
 [0,0.0168268)
 [0,0.0168435)
 [0,0.0170157)
 [0,0.0172063)
 [0,0.0172203)
 [0,0.0174377)
 [0,0.0174647)
 [0,0.0176504)
 [0,0.0183781)
 [0,0.0184288)
 [0,0.0188554)
 [0,0.0191648)
 [0,0.0194306)
 [0,0.0205128)
 [0,0.0213403)
 [0,0.0226089)
 [0,0.0226225)
 [0,0.0230383)
 [0,0.0230723)
 [0,0.0231792)
 [0,0.025463)
 [0,0.0259116)
 [0,0.0265123)
 [0,0.0276405)
 [0,0.0278356)
 [0,0.0279891)
 [0,0.0286917)
 [0,0.0329132)
 [0,0.0332812)
 [0,0.0359639)
 [0,0.0392839)
 [0,0.0400132)
 [0,0.0429584)
 [0,0.0444582)
 [0,0.0447655)
 [0,0.0508863)
 [0,0.0532359)
 [0,0.0534397)
 [0,0.0535184)
 [0,0.0558759)
 [0,0.057153)
 [0,0.0616178)
 [0,0.0805487)
 [0,0.0855982)
 [0,0.0887431)
 [0,0.102267)
 [0,0.103992)
 [0,0.115076)
 [0, )
