point cloud with 5278 points in dimension 2
value range: [0,0.848433]
distance matrix with 5278 points, using threshold at enclosing radius 0.425782
persistence intervals in dim 0:
 [0,8.34465e-07)
 [0,8.34465e-07)
 [0,8.34465e-07)
 [0,8.9407e-07)
 [0,8.9407e-07)
 [0,8.9407e-07)
 [0,8.9407e-07)
 [0,8.9407e-07)
 [0,9.53674e-07)
 [0,9.53674e-07)
 [0,9.53674e-07)
 [0,9.53674e-07)
 [0,9.53674e-07)
 [0,1.01328e-06)
 [0,1.04308e-06)
 [0,1.2219e-06)
 [0,1.66893e-06)
 [0,1.72853e-06)
 [0,1.72853e-06)
 [0,1.78814e-06)
 [0,1.78814e-06)
 [0,1.96695e-06)
 [0,2.02656e-06)
 [0,2.14577e-06)
 [0,2.5034e-06)
 [0,2.563e-06)
 [0,2.563e-06)
 [0,2.563e-06)
 [0,2.563e-06)
 [0,2.563e-06)
 [0,2.6226e-06)
 [0,2.6226e-06)
 [0,2.68221e-06)
 [0,2.68221e-06)
 [0,2.68221e-06)
 [0,2.68221e-06)
 [0,2.68221e-06)
 [0,2.68221e-06)
 [0,2.68221e-06)
 [0,2.74181e-06)
 [0,2.74181e-06)
 [0,2.98023e-06)
 [0,2.98023e-06)
 [0,3.33786e-06)
 [0,3.33786e-06)
 [0,3.33786e-06)
 [0,3.39746e-06)
 [0,3.39746e-06)
 [0,3.39746e-06)
 [0,3.39746e-06)
 [0,3.39746e-06)
 [0,3.45707e-06)
 [0,3.45707e-06)
 [0,3.51667e-06)
 [0,3.51667e-06)
 [0,3.57628e-06)
 [0,3.63588e-06)
 [0,3.8147e-06)
 [0,3.8147e-06)
 [0,3.8743e-06)
 [0,3.93391e-06)
 [0,4.05312e-06)
 [0,4.17232e-06)
 [0,4.23193e-06)
 [0,4.23193e-06)
 [0,4.23193e-06)
 [0,4.29153e-06)
 [0,4.29153e-06)
 [0,4.35114e-06)
 [0,4.38094e-06)
 [0,4.41074e-06)
 [0,4.52995e-06)
 [0,4.52995e-06)
 [0,4.58956e-06)
 [0,4.64916e-06)
 [0,4.67896e-06)
 [0,4.70877e-06)
 [0,4.82798e-06)
 [0,4.88758e-06)
 [0,5.126e-06)
 [0,5.126e-06)
 [0,5.1558e-06)
 [0,5.30481e-06)
 [0,5.39422e-06)
 [0,5.42402e-06)
 [0,5.51343e-06)
 [0,5.54323e-06)
 [0,5.72205e-06)
 [0,5.72205e-06)
 [0,5.90086e-06)
 [0,5.96046e-06)
 [0,6.02007e-06)
 [0,6.02007e-06)
 [0,6.02007e-06)
 [0,6.19888e-06)
 [0,6.19888e-06)
 [0,6.25849e-06)
 [0,6.25849e-06)
 [0,6.25849e-06)
 [0,6.25849e-06)
 [0,6.3777e-06)
 [0,6.55651e-06)
 [0,6.55651e-06)
 [0,6.67572e-06)
 [0,6.67572e-06)
 [0,6.73532e-06)
 [0,6.73532e-06)
 [0,6.79493e-06)
 [0,6.85453e-06)
 [0,6.91414e-06)
 [0,6.91414e-06)
 [0,7.03335e-06)
 [0,7.03335e-06)
 [0,7.09295e-06)
 [0,7.09295e-06)
 [0,7.15256e-06)
 [0,7.15256e-06)
 [0,7.27177e-06)
 [0,7.27177e-06)
 [0,7.45058e-06)
 [0,7.45058e-06)
 [0,7.51019e-06)
 [0,7.51019e-06)
 [0,7.56979e-06)
 [0,7.56979e-06)
 [0,7.56979e-06)
 [0,7.62939e-06)
 [0,7.7486e-06)
 [0,7.7486e-06)
 [0,7.7486e-06)
 [0,7.7486e-06)
 [0,7.86781e-06)
 [0,7.86781e-06)
 [0,7.98702e-06)
 [0,8.04663e-06)
 [0,8.40425e-06)
 [0,8.46386e-06)
 [0,8.46386e-06)
 [0,8.46386e-06)
 [0,8.52346e-06)
 [0,8.70228e-06)
 [0,8.70228e-06)
 [0,8.76188e-06)
 [0,8.88109e-06)
 [0,8.88109e-06)
 [0,8.9407e-06)
 [0,8.9407e-06)
 [0,8.9407e-06)
 [0,9.05991e-06)
 [0,9.17912e-06)
 [0,9.17912e-06)
 [0,9.26852e-06)
 [0,9.29832e-06)
 [0,9.35793e-06)
 [0,9.35793e-06)
 [0,9.41753e-06)
 [0,9.47714e-06)
 [0,9.47714e-06)
 [0,9.59635e-06)
 [0,9.83477e-06)
 [0,9.83477e-06)
 [0,9.89437e-06)
 [0,9.95397e-06)
 [0,1.00136e-05)
 [0,1.00136e-05)
 [0,1.00136e-05)
 [0,1.00136e-05)
 [0,1.00732e-05)
 [0,1.01328e-05)
 [0,1.01328e-05)
 [0,1.01924e-05)
 [0,1.01924e-05)
 [0,1.01924e-05)
 [0,1.01924e-05)
 [0,1.0252e-05)
 [0,1.0252e-05)
 [0,1.0252e-05)
 [0,1.05202e-05)
 [0,1.055e-05)
 [0,1.055e-05)
 [0,1.06096e-05)
 [0,1.07884e-05)
 [0,1.07884e-05)
 [0,1.09076e-05)
 [0,1.09673e-05)
 [0,1.09673e-05)
 [0,1.09673e-05)
 [0,1.10269e-05)
 [0,1.10865e-05)
 [0,1.10865e-05)
 [0,1.11461e-05)
 [0,1.11461e-05)
 [0,1.11461e-05)
 [0,1.11759e-05)
 [0,1.12653e-05)
 [0,1.12653e-05)
 [0,1.13249e-05)
 [0,1.13249e-05)
 [0,1.14441e-05)
 [0,1.18017e-05)
 [0,1.18017e-05)
 [0,1.18017e-05)
 [0,1.18613e-05)
 [0,1.19209e-05)
 [0,1.19805e-05)
 [0,1.19805e-05)
 [0,1.21593e-05)
 [0,1.23978e-05)
 [0,1.24574e-05)
 [0,1.25766e-05)
 [0,1.26958e-05)
 [0,1.27554e-05)
 [0,1.27554e-05)
 [0,1.2815e-05)
 [0,1.2815e-05)
 [0,1.28746e-05)
 [0,1.28746e-05)
 [0,1.2964e-05)
 [0,1.30534e-05)
 [0,1.32666e-05)
 [0,1.3411e-05)
 [0,1.34706e-05)
 [0,1.35005e-05)
 [0,1.35303e-05)
 [0,1.35303e-05)
 [0,1.35899e-05)
 [0,1.35899e-05)
 [0,1.37091e-05)
 [0,1.37091e-05)
 [0,1.37687e-05)
 [0,1.37687e-05)
 [0,1.37687e-05)
 [0,1.38879e-05)
 [0,1.38879e-05)
 [0,1.40667e-05)
 [0,1.42455e-05)
 [0,1.42455e-05)
 [0,1.43051e-05)
 [0,1.43647e-05)
 [0,1.44243e-05)
 [0,1.44243e-05)
 [0,1.44839e-05)
 [0,1.45435e-05)
 [0,1.46031e-05)
 [0,1.46627e-05)
 [0,1.47223e-05)
 [0,1.47223e-05)
 [0,1.4782e-05)
 [0,1.49012e-05)
 [0,1.49012e-05)
 [0,1.49608e-05)
 [0,1.50204e-05)
 [0,1.51098e-05)
 [0,1.51396e-05)
 [0,1.51992e-05)
 [0,1.51992e-05)
 [0,1.53184e-05)
 [0,1.5378e-05)
 [0,1.54376e-05)
 [0,1.55568e-05)
 [0,1.55568e-05)
 [0,1.56164e-05)
 [0,1.5676e-05)
 [0,1.57952e-05)
 [0,1.57952e-05)
 [0,1.58548e-05)
 [0,1.59144e-05)
 [0,1.5974e-05)
 [0,1.61827e-05)
 [0,1.62721e-05)
 [0,1.62721e-05)
 [0,1.63317e-05)
 [0,1.63317e-05)
 [0,1.65105e-05)
 [0,1.66893e-05)
 [0,1.67489e-05)
 [0,1.70469e-05)
 [0,1.70469e-05)
 [0,1.71065e-05)
 [0,1.72853e-05)
 [0,1.72853e-05)
 [0,1.72853e-05)
 [0,1.74046e-05)
 [0,1.74642e-05)
 [0,1.75238e-05)
 [0,1.75834e-05)
 [0,1.75834e-05)
 [0,1.77026e-05)
 [0,1.77026e-05)
 [0,1.77622e-05)
 [0,1.78814e-05)
 [0,1.79112e-05)
 [0,1.80006e-05)
 [0,1.80006e-05)
 [0,1.80006e-05)
 [0,1.81794e-05)
 [0,1.82092e-05)
 [0,1.83582e-05)
 [0,1.84178e-05)
 [0,1.84178e-05)
 [0,1.84774e-05)
 [0,1.85966e-05)
 [0,1.87159e-05)
 [0,1.87159e-05)
 [0,1.87159e-05)
 [0,1.87755e-05)
 [0,1.88053e-05)
 [0,1.89543e-05)
 [0,1.89543e-05)
 [0,1.90437e-05)
 [0,1.90735e-05)
 [0,1.91033e-05)
 [0,1.91331e-05)
 [0,1.91927e-05)
 [0,1.91927e-05)
 [0,1.91927e-05)
 [0,1.92523e-05)
 [0,1.92821e-05)
 [0,1.94311e-05)
 [0,1.96099e-05)
 [0,1.96099e-05)
 [0,1.97291e-05)
 [0,1.97291e-05)
 [0,1.97887e-05)
 [0,1.97887e-05)
 [0,1.97887e-05)
 [0,1.97887e-05)
 [0,1.98483e-05)
 [0,1.99676e-05)
 [0,2.00868e-05)
 [0,2.01464e-05)
 [0,2.01464e-05)
 [0,2.01762e-05)
 [0,2.0206e-05)
 [0,2.0206e-05)
 [0,2.0206e-05)
 [0,2.0206e-05)
 [0,2.02656e-05)
 [0,2.02656e-05)
 [0,2.03252e-05)
 [0,2.03848e-05)
 [0,2.03848e-05)
 [0,2.0504e-05)
 [0,2.06232e-05)
 [0,2.06828e-05)
 [0,2.06828e-05)
 [0,2.07126e-05)
 [0,2.0802e-05)
 [0,2.08616e-05)
 [0,2.09212e-05)
 [0,2.09808e-05)
 [0,2.10106e-05)
 [0,2.10404e-05)
 [0,2.10404e-05)
 [0,2.10404e-05)
 [0,2.11e-05)
 [0,2.11e-05)
 [0,2.11e-05)
 [0,2.11596e-05)
 [0,2.11596e-05)
 [0,2.12193e-05)
 [0,2.12789e-05)
 [0,2.13385e-05)
 [0,2.14577e-05)
 [0,2.15173e-05)
 [0,2.15173e-05)
 [0,2.15173e-05)
 [0,2.15769e-05)
 [0,2.16961e-05)
 [0,2.16961e-05)
 [0,2.17557e-05)
 [0,2.17557e-05)
 [0,2.19345e-05)
 [0,2.19345e-05)
 [0,2.19643e-05)
 [0,2.19643e-05)
 [0,2.21133e-05)
 [0,2.23219e-05)
 [0,2.23517e-05)
 [0,2.27094e-05)
 [0,2.2769e-05)
 [0,2.28286e-05)
 [0,2.28584e-05)
 [0,2.28882e-05)
 [0,2.28882e-05)
 [0,2.29478e-05)
 [0,2.29478e-05)
 [0,2.29478e-05)
 [0,2.30074e-05)
 [0,2.3067e-05)
 [0,2.3067e-05)
 [0,2.3067e-05)
 [0,2.31266e-05)
 [0,2.33054e-05)
 [0,2.3365e-05)
 [0,2.34246e-05)
 [0,2.34246e-05)
 [0,2.34842e-05)
 [0,2.34842e-05)
 [0,2.34842e-05)
 [0,2.36034e-05)
 [0,2.36034e-05)
 [0,2.3663e-05)
 [0,2.3663e-05)
 [0,2.37823e-05)
 [0,2.39611e-05)
 [0,2.40803e-05)
 [0,2.41399e-05)
 [0,2.41995e-05)
 [0,2.41995e-05)
 [0,2.42591e-05)
 [0,2.42591e-05)
 [0,2.43187e-05)
 [0,2.43187e-05)
 [0,2.43187e-05)
 [0,2.43783e-05)
 [0,2.43783e-05)
 [0,2.44379e-05)
 [0,2.44379e-05)
 [0,2.46167e-05)
 [0,2.46763e-05)
 [0,2.47359e-05)
 [0,2.47955e-05)
 [0,2.48253e-05)
 [0,2.49147e-05)
 [0,2.49147e-05)
 [0,2.49147e-05)
 [0,2.50936e-05)
 [0,2.50936e-05)
 [0,2.51532e-05)
 [0,2.52128e-05)
 [0,2.52724e-05)
 [0,2.52724e-05)
 [0,2.55704e-05)
 [0,2.563e-05)
 [0,2.56896e-05)
 [0,2.58684e-05)
 [0,2.60472e-05)
 [0,2.61366e-05)
 [0,2.63453e-05)
 [0,2.64049e-05)
 [0,2.64645e-05)
 [0,2.64645e-05)
 [0,2.66433e-05)
 [0,2.67029e-05)
 [0,2.67625e-05)
 [0,2.67625e-05)
 [0,2.67625e-05)
 [0,2.68221e-05)
 [0,2.68817e-05)
 [0,2.68817e-05)
 [0,2.69413e-05)
 [0,2.70009e-05)
 [0,2.70009e-05)
 [0,2.70605e-05)
 [0,2.71201e-05)
 [0,2.71797e-05)
 [0,2.72393e-05)
 [0,2.72393e-05)
 [0,2.72989e-05)
 [0,2.73585e-05)
 [0,2.75373e-05)
 [0,2.75373e-05)
 [0,2.76566e-05)
 [0,2.78354e-05)
 [0,2.7895e-05)
 [0,2.7895e-05)
 [0,2.79546e-05)
 [0,2.79844e-05)
 [0,2.8193e-05)
 [0,2.8193e-05)
 [0,2.82526e-05)
 [0,2.84314e-05)
 [0,2.85506e-05)
 [0,2.86102e-05)
 [0,2.86102e-05)
 [0,2.86102e-05)
 [0,2.87294e-05)
 [0,2.89083e-05)
 [0,2.89083e-05)
 [0,2.89679e-05)
 [0,2.89679e-05)
 [0,2.89679e-05)
 [0,2.90275e-05)
 [0,2.91467e-05)
 [0,2.91467e-05)
 [0,2.92659e-05)
 [0,2.92659e-05)
 [0,2.95043e-05)
 [0,2.95043e-05)
 [0,2.96235e-05)
 [0,2.96235e-05)
 [0,2.97427e-05)
 [0,2.98023e-05)
 [0,2.98023e-05)
 [0,2.99811e-05)
 [0,2.99811e-05)
 [0,3.00109e-05)
 [0,3.00407e-05)
 [0,3.00407e-05)
 [0,3.016e-05)
 [0,3.02792e-05)
 [0,3.03388e-05)
 [0,3.03388e-05)
 [0,3.03388e-05)
 [0,3.03984e-05)
 [0,3.05176e-05)
 [0,3.05176e-05)
 [0,3.05772e-05)
 [0,3.06368e-05)
 [0,3.06368e-05)
 [0,3.0756e-05)
 [0,3.0756e-05)
 [0,3.0756e-05)
 [0,3.08156e-05)
 [0,3.08752e-05)
 [0,3.08752e-05)
 [0,3.08752e-05)
 [0,3.09348e-05)
 [0,3.09348e-05)
 [0,3.1054e-05)
 [0,3.11136e-05)
 [0,3.11732e-05)
 [0,3.12924e-05)
 [0,3.12924e-05)
 [0,3.1352e-05)
 [0,3.14116e-05)
 [0,3.15905e-05)
 [0,3.18289e-05)
 [0,3.21269e-05)
 [0,3.21865e-05)
 [0,3.22461e-05)
 [0,3.24249e-05)
 [0,3.24249e-05)
 [0,3.24845e-05)
 [0,3.26633e-05)
 [0,3.26633e-05)
 [0,3.27826e-05)
 [0,3.28422e-05)
 [0,3.29614e-05)
 [0,3.30806e-05)
 [0,3.31402e-05)
 [0,3.31998e-05)
 [0,3.3319e-05)
 [0,3.33786e-05)
 [0,3.34382e-05)
 [0,3.3617e-05)
 [0,3.36766e-05)
 [0,3.37362e-05)
 [0,3.37958e-05)
 [0,3.37958e-05)
 [0,3.38554e-05)
 [0,3.3915e-05)
 [0,3.3915e-05)
 [0,3.40343e-05)
 [0,3.42131e-05)
 [0,3.44515e-05)
 [0,3.44813e-05)
 [0,3.45111e-05)
 [0,3.45111e-05)
 [0,3.45111e-05)
 [0,3.45707e-05)
 [0,3.45707e-05)
 [0,3.45707e-05)
 [0,3.46303e-05)
 [0,3.49283e-05)
 [0,3.51667e-05)
 [0,3.51667e-05)
 [0,3.52263e-05)
 [0,3.52859e-05)
 [0,3.54648e-05)
 [0,3.5584e-05)
 [0,3.56436e-05)
 [0,3.58224e-05)
 [0,3.60012e-05)
 [0,3.62396e-05)
 [0,3.62396e-05)
 [0,3.6329e-05)
 [0,3.63588e-05)
 [0,3.63588e-05)
 [0,3.64184e-05)
 [0,3.65376e-05)
 [0,3.65973e-05)
 [0,3.65973e-05)
 [0,3.66569e-05)
 [0,3.66569e-05)
 [0,3.67761e-05)
 [0,3.68357e-05)
 [0,3.70145e-05)
 [0,3.71337e-05)
 [0,3.71337e-05)
 [0,3.71933e-05)
 [0,3.71933e-05)
 [0,3.73721e-05)
 [0,3.74913e-05)
 [0,3.76105e-05)
 [0,3.77297e-05)
 [0,3.78489e-05)
 [0,3.78489e-05)
 [0,3.79086e-05)
 [0,3.79086e-05)
 [0,3.82066e-05)
 [0,3.83854e-05)
 [0,3.83854e-05)
 [0,3.8445e-05)
 [0,3.88026e-05)
 [0,3.89218e-05)
 [0,3.9041e-05)
 [0,3.91603e-05)
 [0,3.92199e-05)
 [0,3.92199e-05)
 [0,3.93987e-05)
 [0,3.94285e-05)
 [0,3.94583e-05)
 [0,3.95179e-05)
 [0,3.96967e-05)
 [0,3.98159e-05)
 [0,3.98755e-05)
 [0,3.99947e-05)
 [0,3.99947e-05)
 [0,4.01139e-05)
 [0,4.01139e-05)
 [0,4.01735e-05)
 [0,4.01735e-05)
 [0,4.01735e-05)
 [0,4.02033e-05)
 [0,4.02331e-05)
 [0,4.04119e-05)
 [0,4.04119e-05)
 [0,4.05908e-05)
 [0,4.06504e-05)
 [0,4.06504e-05)
 [0,4.071e-05)
 [0,4.07696e-05)
 [0,4.07696e-05)
 [0,4.08292e-05)
 [0,4.09484e-05)
 [0,4.1008e-05)
 [0,4.10676e-05)
 [0,4.10676e-05)
 [0,4.11272e-05)
 [0,4.13656e-05)
 [0,4.16636e-05)
 [0,4.17232e-05)
 [0,4.17232e-05)
 [0,4.17829e-05)
 [0,4.17829e-05)
 [0,4.19021e-05)
 [0,4.19319e-05)
 [0,4.19915e-05)
 [0,4.20213e-05)
 [0,4.21405e-05)
 [0,4.23193e-05)
 [0,4.23789e-05)
 [0,4.25577e-05)
 [0,4.25577e-05)
 [0,4.26173e-05)
 [0,4.26769e-05)
 [0,4.27961e-05)
 [0,4.28557e-05)
 [0,4.30644e-05)
 [0,4.31538e-05)
 [0,4.32432e-05)
 [0,4.32432e-05)
 [0,4.33028e-05)
 [0,4.34518e-05)
 [0,4.3571e-05)
 [0,4.36008e-05)
 [0,4.36306e-05)
 [0,4.38094e-05)
 [0,4.38094e-05)
 [0,4.38094e-05)
 [0,4.3869e-05)
 [0,4.41074e-05)
 [0,4.41074e-05)
 [0,4.41074e-05)
 [0,4.42266e-05)
 [0,4.43459e-05)
 [0,4.43459e-05)
 [0,4.44055e-05)
 [0,4.44651e-05)
 [0,4.44651e-05)
 [0,4.45843e-05)
 [0,4.50015e-05)
 [0,4.52399e-05)
 [0,4.52995e-05)
 [0,4.53591e-05)
 [0,4.55976e-05)
 [0,4.56572e-05)
 [0,4.57764e-05)
 [0,4.60148e-05)
 [0,4.61042e-05)
 [0,4.61936e-05)
 [0,4.61936e-05)
 [0,4.62532e-05)
 [0,4.63128e-05)
 [0,4.63426e-05)
 [0,4.63724e-05)
 [0,4.673e-05)
 [0,4.68493e-05)
 [0,4.68493e-05)
 [0,4.68493e-05)
 [0,4.69685e-05)
 [0,4.70281e-05)
 [0,4.70877e-05)
 [0,4.72069e-05)
 [0,4.73261e-05)
 [0,4.73261e-05)
 [0,4.73857e-05)
 [0,4.75049e-05)
 [0,4.75049e-05)
 [0,4.75645e-05)
 [0,4.78625e-05)
 [0,4.78625e-05)
 [0,4.79817e-05)
 [0,4.80413e-05)
 [0,4.80413e-05)
 [0,4.82202e-05)
 [0,4.8399e-05)
 [0,4.84586e-05)
 [0,4.84586e-05)
 [0,4.85182e-05)
 [0,4.85182e-05)
 [0,4.8548e-05)
 [0,4.8548e-05)
 [0,4.85778e-05)
 [0,4.87566e-05)
 [0,4.88162e-05)
 [0,4.8846e-05)
 [0,4.8846e-05)
 [0,4.89354e-05)
 [0,4.8995e-05)
 [0,4.8995e-05)
 [0,4.91142e-05)
 [0,4.91738e-05)
 [0,4.91738e-05)
 [0,4.92334e-05)
 [0,4.95315e-05)
 [0,4.95315e-05)
 [0,4.96507e-05)
 [0,4.96805e-05)
 [0,4.99189e-05)
 [0,5.00083e-05)
 [0,5.00083e-05)
 [0,5.00083e-05)
 [0,5.00679e-05)
 [0,5.00679e-05)
 [0,5.03659e-05)
 [0,5.07236e-05)
 [0,5.07832e-05)
 [0,5.08428e-05)
 [0,5.08428e-05)
 [0,5.0962e-05)
 [0,5.0962e-05)
 [0,5.10216e-05)
 [0,5.11408e-05)
 [0,5.12004e-05)
 [0,5.12004e-05)
 [0,5.13196e-05)
 [0,5.16772e-05)
 [0,5.17368e-05)
 [0,5.19156e-05)
 [0,5.19752e-05)
 [0,5.20349e-05)
 [0,5.20349e-05)
 [0,5.20647e-05)
 [0,5.20945e-05)
 [0,5.23329e-05)
 [0,5.25117e-05)
 [0,5.27501e-05)
 [0,5.28693e-05)
 [0,5.28693e-05)
 [0,5.29289e-05)
 [0,5.30481e-05)
 [0,5.30779e-05)
 [0,5.31077e-05)
 [0,5.32269e-05)
 [0,5.33462e-05)
 [0,5.34654e-05)
 [0,5.34654e-05)
 [0,5.35846e-05)
 [0,5.35846e-05)
 [0,5.37038e-05)
 [0,5.37634e-05)
 [0,5.37634e-05)
 [0,5.3823e-05)
 [0,5.3823e-05)
 [0,5.38826e-05)
 [0,5.38826e-05)
 [0,5.41806e-05)
 [0,5.42402e-05)
 [0,5.42402e-05)
 [0,5.42998e-05)
 [0,5.43594e-05)
 [0,5.43594e-05)
 [0,5.43594e-05)
 [0,5.48363e-05)
 [0,5.48363e-05)
 [0,5.50151e-05)
 [0,5.52535e-05)
 [0,5.53131e-05)
 [0,5.53727e-05)
 [0,5.54323e-05)
 [0,5.55515e-05)
 [0,5.55515e-05)
 [0,5.56111e-05)
 [0,5.57899e-05)
 [0,5.57899e-05)
 [0,5.57899e-05)
 [0,5.58496e-05)
 [0,5.59092e-05)
 [0,5.5939e-05)
 [0,5.60284e-05)
 [0,5.6088e-05)
 [0,5.62072e-05)
 [0,5.6386e-05)
 [0,5.6386e-05)
 [0,5.64158e-05)
 [0,5.64456e-05)
 [0,5.6684e-05)
 [0,5.68032e-05)
 [0,5.68628e-05)
 [0,5.69224e-05)
 [0,5.6982e-05)
 [0,5.72205e-05)
 [0,5.72801e-05)
 [0,5.72801e-05)
 [0,5.74589e-05)
 [0,5.74589e-05)
 [0,5.74887e-05)
 [0,5.76973e-05)
 [0,5.79953e-05)
 [0,5.80549e-05)
 [0,5.81145e-05)
 [0,5.81741e-05)
 [0,5.82933e-05)
 [0,5.83231e-05)
 [0,5.84126e-05)
 [0,5.84126e-05)
 [0,5.84722e-05)
 [0,5.84722e-05)
 [0,5.84722e-05)
 [0,5.85318e-05)
 [0,5.85914e-05)
 [0,5.88298e-05)
 [0,5.91874e-05)
 [0,5.92172e-05)
 [0,5.92172e-05)
 [0,5.9247e-05)
 [0,5.9545e-05)
 [0,5.9545e-05)
 [0,5.96642e-05)
 [0,5.96642e-05)
 [0,5.96642e-05)
 [0,5.96642e-05)
 [0,5.9694e-05)
 [0,5.98431e-05)
 [0,5.99623e-05)
 [0,5.99623e-05)
 [0,5.99623e-05)
 [0,6.04391e-05)
 [0,6.04391e-05)
 [0,6.04391e-05)
 [0,6.07967e-05)
 [0,6.07967e-05)
 [0,6.08563e-05)
 [0,6.08563e-05)
 [0,6.09159e-05)
 [0,6.09756e-05)
 [0,6.1214e-05)
 [0,6.13332e-05)
 [0,6.13928e-05)
 [0,6.13928e-05)
 [0,6.13928e-05)
 [0,6.13928e-05)
 [0,6.1512e-05)
 [0,6.16312e-05)
 [0,6.181e-05)
 [0,6.181e-05)
 [0,6.20484e-05)
 [0,6.20484e-05)
 [0,6.2108e-05)
 [0,6.21378e-05)
 [0,6.22272e-05)
 [0,6.22272e-05)
 [0,6.24061e-05)
 [0,6.24657e-05)
 [0,6.25253e-05)
 [0,6.25849e-05)
 [0,6.26445e-05)
 [0,6.27041e-05)
 [0,6.27041e-05)
 [0,6.28233e-05)
 [0,6.28829e-05)
 [0,6.30617e-05)
 [0,6.31809e-05)
 [0,6.34193e-05)
 [0,6.36578e-05)
 [0,6.36578e-05)
 [0,6.36578e-05)
 [0,6.37174e-05)
 [0,6.3777e-05)
 [0,6.38962e-05)
 [0,6.40154e-05)
 [0,6.4075e-05)
 [0,6.42538e-05)
 [0,6.42538e-05)
 [0,6.44326e-05)
 [0,6.44922e-05)
 [0,6.45518e-05)
 [0,6.46114e-05)
 [0,6.46114e-05)
 [0,6.47306e-05)
 [0,6.47902e-05)
 [0,6.50883e-05)
 [0,6.50883e-05)
 [0,6.50883e-05)
 [0,6.52671e-05)
 [0,6.59227e-05)
 [0,6.60419e-05)
 [0,6.61611e-05)
 [0,6.62208e-05)
 [0,6.62208e-05)
 [0,6.64592e-05)
 [0,6.65188e-05)
 [0,6.66976e-05)
 [0,6.67572e-05)
 [0,6.69956e-05)
 [0,6.72042e-05)
 [0,6.72936e-05)
 [0,6.73532e-05)
 [0,6.74725e-05)
 [0,6.75321e-05)
 [0,6.75917e-05)
 [0,6.76513e-05)
 [0,6.76513e-05)
 [0,6.77705e-05)
 [0,6.78301e-05)
 [0,6.79493e-05)
 [0,6.79791e-05)
 [0,6.82473e-05)
 [0,6.86049e-05)
 [0,6.86049e-05)
 [0,6.87242e-05)
 [0,6.87838e-05)
 [0,6.87838e-05)
 [0,6.8903e-05)
 [0,6.90222e-05)
 [0,6.91414e-05)
 [0,6.91414e-05)
 [0,6.91414e-05)
 [0,6.92606e-05)
 [0,6.94394e-05)
 [0,6.94394e-05)
 [0,6.9499e-05)
 [0,6.95884e-05)
 [0,6.9797e-05)
 [0,6.99162e-05)
 [0,6.99461e-05)
 [0,7.00355e-05)
 [0,7.00951e-05)
 [0,7.03931e-05)
 [0,7.06911e-05)
 [0,7.10487e-05)
 [0,7.11381e-05)
 [0,7.12276e-05)
 [0,7.15256e-05)
 [0,7.17044e-05)
 [0,7.18832e-05)
 [0,7.19428e-05)
 [0,7.20024e-05)
 [0,7.20024e-05)
 [0,7.21812e-05)
 [0,7.25389e-05)
 [0,7.25985e-05)
 [0,7.28369e-05)
 [0,7.28369e-05)
 [0,7.28965e-05)
 [0,7.29561e-05)
 [0,7.30157e-05)
 [0,7.33137e-05)
 [0,7.33733e-05)
 [0,7.34925e-05)
 [0,7.34925e-05)
 [0,7.34925e-05)
 [0,7.36713e-05)
 [0,7.38502e-05)
 [0,7.38502e-05)
 [0,7.39992e-05)
 [0,7.40886e-05)
 [0,7.45654e-05)
 [0,7.45654e-05)
 [0,7.46846e-05)
 [0,7.51019e-05)
 [0,7.53999e-05)
 [0,7.56979e-05)
 [0,7.57575e-05)
 [0,7.58171e-05)
 [0,7.58171e-05)
 [0,7.59959e-05)
 [0,7.61747e-05)
 [0,7.61747e-05)
 [0,7.61747e-05)
 [0,7.61747e-05)
 [0,7.62343e-05)
 [0,7.62939e-05)
 [0,7.64728e-05)
 [0,7.64728e-05)
 [0,7.6592e-05)
 [0,7.6592e-05)
 [0,7.67112e-05)
 [0,7.67708e-05)
 [0,7.70092e-05)
 [0,7.7188e-05)
 [0,7.7188e-05)
 [0,7.73668e-05)
 [0,7.75456e-05)
 [0,7.75456e-05)
 [0,7.76052e-05)
 [0,7.76052e-05)
 [0,7.77245e-05)
 [0,7.78437e-05)
 [0,7.78437e-05)
 [0,7.80225e-05)
 [0,7.83205e-05)
 [0,7.83205e-05)
 [0,7.83801e-05)
 [0,7.84397e-05)
 [0,7.84397e-05)
 [0,7.87377e-05)
 [0,7.87973e-05)
 [0,7.87973e-05)
 [0,7.89165e-05)
 [0,7.90358e-05)
 [0,7.9453e-05)
 [0,7.96318e-05)
 [0,7.97212e-05)
 [0,7.9751e-05)
 [0,7.98106e-05)
 [0,7.99894e-05)
 [0,7.99894e-05)
 [0,8.01682e-05)
 [0,8.01682e-05)
 [0,8.01682e-05)
 [0,8.03471e-05)
 [0,8.03471e-05)
 [0,8.04961e-05)
 [0,8.05259e-05)
 [0,8.06451e-05)
 [0,8.07941e-05)
 [0,8.10027e-05)
 [0,8.10027e-05)
 [0,8.10623e-05)
 [0,8.11815e-05)
 [0,8.14199e-05)
 [0,8.14199e-05)
 [0,8.14795e-05)
 [0,8.15392e-05)
 [0,8.16584e-05)
 [0,8.17776e-05)
 [0,8.17776e-05)
 [0,8.17776e-05)
 [0,8.2016e-05)
 [0,8.24928e-05)
 [0,8.28505e-05)
 [0,8.29101e-05)
 [0,8.30591e-05)
 [0,8.31114e-05)
 [0,8.32081e-05)
 [0,8.34465e-05)
 [0,8.35359e-05)
 [0,8.35657e-05)
 [0,8.35955e-05)
 [0,8.36849e-05)
 [0,8.38041e-05)
 [0,8.38637e-05)
 [0,8.39233e-05)
 [0,8.39233e-05)
 [0,8.39531e-05)
 [0,8.39829e-05)
 [0,8.40724e-05)
 [0,8.40724e-05)
 [0,8.44598e-05)
 [0,8.44598e-05)
 [0,8.4579e-05)
 [0,8.46386e-05)
 [0,8.46684e-05)
 [0,8.46982e-05)
 [0,8.4877e-05)
 [0,8.4877e-05)
 [0,8.49366e-05)
 [0,8.51154e-05)
 [0,8.52346e-05)
 [0,8.52346e-05)
 [0,8.52942e-05)
 [0,8.52942e-05)
 [0,8.52942e-05)
 [0,8.54433e-05)
 [0,8.55327e-05)
 [0,8.55327e-05)
 [0,8.55923e-05)
 [0,8.56519e-05)
 [0,8.57115e-05)
 [0,8.57413e-05)
 [0,8.58307e-05)
 [0,8.59499e-05)
 [0,8.61287e-05)
 [0,8.63075e-05)
 [0,8.64267e-05)
 [0,8.64267e-05)
 [0,8.64863e-05)
 [0,8.65757e-05)
 [0,8.66652e-05)
 [0,8.67248e-05)
 [0,8.67844e-05)
 [0,8.69632e-05)
 [0,8.70228e-05)
 [0,8.70228e-05)
 [0,8.70228e-05)
 [0,8.72612e-05)
 [0,8.72612e-05)
 [0,8.73208e-05)
 [0,8.73804e-05)
 [0,8.744e-05)
 [0,8.76486e-05)
 [0,8.76784e-05)
 [0,8.77082e-05)
 [0,8.77976e-05)
 [0,8.78572e-05)
 [0,8.79169e-05)
 [0,8.80957e-05)
 [0,8.82745e-05)
 [0,8.82745e-05)
 [0,8.83341e-05)
 [0,8.83341e-05)
 [0,8.83937e-05)
 [0,8.83937e-05)
 [0,8.85129e-05)
 [0,8.85725e-05)
 [0,8.89301e-05)
 [0,8.89897e-05)
 [0,8.92878e-05)
 [0,8.93474e-05)
 [0,8.9407e-05)
 [0,8.96454e-05)
 [0,8.98242e-05)
 [0,8.98838e-05)
 [0,9.0003e-05)
 [0,9.00626e-05)
 [0,9.02414e-05)
 [0,9.03606e-05)
 [0,9.07183e-05)
 [0,9.07779e-05)
 [0,9.08375e-05)
 [0,9.08375e-05)
 [0,9.08375e-05)
 [0,9.09567e-05)
 [0,9.13143e-05)
 [0,9.13143e-05)
 [0,9.14931e-05)
 [0,9.16123e-05)
 [0,9.17315e-05)
 [0,9.17911e-05)
 [0,9.18806e-05)
 [0,9.19998e-05)
 [0,9.20296e-05)
 [0,9.20296e-05)
 [0,9.23276e-05)
 [0,9.24468e-05)
 [0,9.2566e-05)
 [0,9.27448e-05)
 [0,9.28044e-05)
 [0,9.28342e-05)
 [0,9.29236e-05)
 [0,9.29832e-05)
 [0,9.30428e-05)
 [0,9.31025e-05)
 [0,9.31025e-05)
 [0,9.36389e-05)
 [0,9.38177e-05)
 [0,9.39369e-05)
 [0,9.42349e-05)
 [0,9.42349e-05)
 [0,9.44734e-05)
 [0,9.4533e-05)
 [0,9.4533e-05)
 [0,9.47714e-05)
 [0,9.47714e-05)
 [0,9.4831e-05)
 [0,9.4831e-05)
 [0,9.50694e-05)
 [0,9.52032e-05)
 [0,9.56654e-05)
 [0,9.57847e-05)
 [0,9.59039e-05)
 [0,9.59635e-05)
 [0,9.61125e-05)
 [0,9.61423e-05)
 [0,9.62019e-05)
 [0,9.64403e-05)
 [0,9.66191e-05)
 [0,9.67979e-05)
 [0,9.68575e-05)
 [0,9.68575e-05)
 [0,9.6947e-05)
 [0,9.69768e-05)
 [0,9.7096e-05)
 [0,9.72748e-05)
 [0,9.74536e-05)
 [0,9.7692e-05)
 [0,9.77516e-05)
 [0,9.78112e-05)
 [0,9.80496e-05)
 [0,9.84669e-05)
 [0,9.87053e-05)
 [0,9.87053e-05)
 [0,9.87649e-05)
 [0,9.87649e-05)
 [0,9.91225e-05)
 [0,9.92417e-05)
 [0,9.93013e-05)
 [0,9.93609e-05)
 [0,9.94801e-05)
 [0,9.95398e-05)
 [0,9.97186e-05)
 [0,9.97186e-05)
 [0,9.99272e-05)
 [0,0.000100136)
 [0,0.000100195)
 [0,0.000100255)
 [0,0.000100255)
 [0,0.000100374)
 [0,0.000100493)
 [0,0.000100732)
 [0,0.000100732)
 [0,0.000100851)
 [0,0.000100911)
 [0,0.00010103)
 [0,0.000101149)
 [0,0.000101328)
 [0,0.000101388)
 [0,0.000101447)
 [0,0.000101566)
 [0,0.000101566)
 [0,0.000101626)
 [0,0.000101745)
 [0,0.000101745)
 [0,0.000101805)
 [0,0.000101864)
 [0,0.000101894)
 [0,0.000101984)
 [0,0.000102133)
 [0,0.000102341)
 [0,0.00010246)
 [0,0.000102758)
 [0,0.000102997)
 [0,0.000102997)
 [0,0.000103235)
 [0,0.000103474)
 [0,0.000103593)
 [0,0.000103891)
 [0,0.00010401)
 [0,0.000104308)
 [0,0.000104308)
 [0,0.000104487)
 [0,0.000104517)
 [0,0.000104606)
 [0,0.000104606)
 [0,0.000104636)
 [0,0.000104785)
 [0,0.000104904)
 [0,0.000104904)
 [0,0.000104964)
 [0,0.000105023)
 [0,0.000105023)
 [0,0.000105143)
 [0,0.000105143)
 [0,0.000105202)
 [0,0.000105321)
 [0,0.000105381)
 [0,0.000105441)
 [0,0.000105679)
 [0,0.000106007)
 [0,0.000106037)
 [0,0.000106514)
 [0,0.000106871)
 [0,0.000106871)
 [0,0.000107229)
 [0,0.000107318)
 [0,0.000107586)
 [0,0.000108123)
 [0,0.000108182)
 [0,0.000108302)
 [0,0.000108361)
 [0,0.00010854)
 [0,0.000108778)
 [0,0.000108838)
 [0,0.000108898)
 [0,0.000108927)
 [0,0.000109017)
 [0,0.000109196)
 [0,0.000109375)
 [0,0.000109434)
 [0,0.000109732)
 [0,0.000109792)
 [0,0.000110209)
 [0,0.000110269)
 [0,0.000110328)
 [0,0.000110626)
 [0,0.000110924)
 [0,0.000110984)
 [0,0.000111341)
 [0,0.000111401)
 [0,0.000111759)
 [0,0.000111818)
 [0,0.000111938)
 [0,0.000111938)
 [0,0.000111997)
 [0,0.000112474)
 [0,0.000112742)
 [0,0.000112981)
 [0,0.00011307)
 [0,0.000113308)
 [0,0.000113487)
 [0,0.000113785)
 [0,0.000113785)
 [0,0.000113785)
 [0,0.000113785)
 [0,0.000114053)
 [0,0.000114083)
 [0,0.000114113)
 [0,0.000114202)
 [0,0.000114202)
 [0,0.000114262)
 [0,0.000114322)
 [0,0.000114501)
 [0,0.000114501)
 [0,0.000114858)
 [0,0.000114977)
 [0,0.000115007)
 [0,0.000115097)
 [0,0.000115246)
 [0,0.000115395)
 [0,0.000115395)
 [0,0.000115812)
 [0,0.000115931)
 [0,0.000115931)
 [0,0.000116229)
 [0,0.000116229)
 [0,0.000116289)
 [0,0.000116348)
 [0,0.000116795)
 [0,0.000117004)
 [0,0.000117064)
 [0,0.000117242)
 [0,0.000117242)
 [0,0.000117421)
 [0,0.0001176)
 [0,0.000117838)
 [0,0.000118017)
 [0,0.000118911)
 [0,0.000119328)
 [0,0.000119388)
 [0,0.000119537)
 [0,0.000119627)
 [0,0.000119746)
 [0,0.000119984)
 [0,0.000120163)
 [0,0.000120431)
 [0,0.000120521)
 [0,0.000120759)
 [0,0.000120878)
 [0,0.000121057)
 [0,0.000121117)
 [0,0.000121176)
 [0,0.000121415)
 [0,0.000122249)
 [0,0.000122309)
 [0,0.000122398)
 [0,0.000122517)
 [0,0.000122547)
 [0,0.000122547)
 [0,0.000122666)
 [0,0.000122666)
 [0,0.000122815)
 [0,0.000122905)
 [0,0.000123024)
 [0,0.000123203)
 [0,0.000123203)
 [0,0.000123352)
 [0,0.000123918)
 [0,0.000123918)
 [0,0.000124097)
 [0,0.000124561)
 [0,0.000124574)
 [0,0.000124633)
 [0,0.000124931)
 [0,0.00012517)
 [0,0.000125408)
 [0,0.000125408)
 [0,0.000125468)
 [0,0.000125647)
 [0,0.000125766)
 [0,0.000125825)
 [0,0.000125945)
 [0,0.000126183)
 [0,0.000126183)
 [0,0.000126362)
 [0,0.000126421)
 [0,0.000126421)
 [0,0.000127047)
 [0,0.000127077)
 [0,0.000127316)
 [0,0.000127316)
 [0,0.000127375)
 [0,0.000127673)
 [0,0.000127971)
 [0,0.000127971)
 [0,0.00012809)
 [0,0.000128388)
 [0,0.000128448)
 [0,0.000128508)
 [0,0.000128508)
 [0,0.000128567)
 [0,0.000128746)
 [0,0.000128806)
 [0,0.000128925)
 [0,0.000128925)
 [0,0.000128955)
 [0,0.000129104)
 [0,0.000129163)
 [0,0.000129282)
 [0,0.00012961)
 [0,0.000129879)
 [0,0.000129998)
 [0,0.000130177)
 [0,0.000130236)
 [0,0.000130415)
 [0,0.000130475)
 [0,0.000130475)
 [0,0.000130534)
 [0,0.000130862)
 [0,0.000130892)
 [0,0.000131667)
 [0,0.000132263)
 [0,0.000132263)
 [0,0.000132263)
 [0,0.00013262)
 [0,0.000132799)
 [0,0.000132859)
 [0,0.000132859)
 [0,0.000132918)
 [0,0.000132978)
 [0,0.000133395)
 [0,0.000133574)
 [0,0.000133991)
 [0,0.000134587)
 [0,0.000134677)
 [0,0.000134766)
 [0,0.000134826)
 [0,0.000134915)
 [0,0.000135005)
 [0,0.000135124)
 [0,0.000135481)
 [0,0.000135601)
 [0,0.00013566)
 [0,0.000135839)
 [0,0.000136048)
 [0,0.000136077)
 [0,0.000136256)
 [0,0.000136435)
 [0,0.000136554)
 [0,0.00013715)
 [0,0.000137389)
 [0,0.000137508)
 [0,0.000137508)
 [0,0.000137568)
 [0,0.000137627)
 [0,0.000137687)
 [0,0.000137895)
 [0,0.000137925)
 [0,0.000138104)
 [0,0.000138164)
 [0,0.000138372)
 [0,0.000138521)
 [0,0.000138521)
 [0,0.000138521)
 [0,0.000138879)
 [0,0.000138938)
 [0,0.000139475)
 [0,0.000139594)
 [0,0.000139594)
 [0,0.000139713)
 [0,0.000139892)
 [0,0.000140011)
 [0,0.000140011)
 [0,0.000141501)
 [0,0.000141591)
 [0,0.00014174)
 [0,0.000141919)
 [0,0.000142276)
 [0,0.000142395)
 [0,0.000142694)
 [0,0.000142932)
 [0,0.000142992)
 [0,0.00014326)
 [0,0.000144005)
 [0,0.000144005)
 [0,0.000144124)
 [0,0.000144482)
 [0,0.00014466)
 [0,0.000144958)
 [0,0.000145078)
 [0,0.000145078)
 [0,0.000145137)
 [0,0.000145435)
 [0,0.000145793)
 [0,0.000145972)
 [0,0.000146627)
 [0,0.000146687)
 [0,0.000146747)
 [0,0.000146747)
 [0,0.000146866)
 [0,0.000147045)
 [0,0.000147283)
 [0,0.000147521)
 [0,0.000147879)
 [0,0.000148058)
 [0,0.000148177)
 [0,0.000148177)
 [0,0.000148296)
 [0,0.000148475)
 [0,0.000148475)
 [0,0.000148654)
 [0,0.000148833)
 [0,0.000149429)
 [0,0.000149459)
 [0,0.000149608)
 [0,0.000149637)
 [0,0.000149667)
 [0,0.000150442)
 [0,0.000150859)
 [0,0.000150979)
 [0,0.000151038)
 [0,0.000151098)
 [0,0.000151455)
 [0,0.000151515)
 [0,0.000151634)
 [0,0.000151694)
 [0,0.000151813)
 [0,0.000151843)
 [0,0.000152469)
 [0,0.000152469)
 [0,0.000152588)
 [0,0.000152707)
 [0,0.000152767)
 [0,0.000153065)
 [0,0.000153065)
 [0,0.000153184)
 [0,0.000153303)
 [0,0.000153303)
 [0,0.000153661)
 [0,0.00015378)
 [0,0.00015378)
 [0,0.00015381)
 [0,0.000153899)
 [0,0.000154078)
 [0,0.000154257)
 [0,0.000154436)
 [0,0.000154555)
 [0,0.000155449)
 [0,0.000155538)
 [0,0.000155628)
 [0,0.000155985)
 [0,0.000156283)
 [0,0.000156462)
 [0,0.000156522)
 [0,0.00015682)
 [0,0.000156939)
 [0,0.000157297)
 [0,0.000157416)
 [0,0.000157475)
 [0,0.000157535)
 [0,0.000157654)
 [0,0.000158221)
 [0,0.000158668)
 [0,0.000158846)
 [0,0.000158876)
 [0,0.000159264)
 [0,0.000159264)
 [0,0.000159442)
 [0,0.000159502)
 [0,0.000159532)
 [0,0.0001598)
 [0,0.000160038)
 [0,0.000160128)
 [0,0.000160128)
 [0,0.000160992)
 [0,0.00016129)
 [0,0.000161707)
 [0,0.000162065)
 [0,0.00016281)
 [0,0.000163019)
 [0,0.000163078)
 [0,0.000163108)
 [0,0.000163198)
 [0,0.000163317)
 [0,0.000163466)
 [0,0.000163496)
 [0,0.000163734)
 [0,0.00016387)
 [0,0.000164449)
 [0,0.000164807)
 [0,0.000165045)
 [0,0.000165284)
 [0,0.000165343)
 [0,0.000165582)
 [0,0.000166416)
 [0,0.000166833)
 [0,0.000166893)
 [0,0.000167012)
 [0,0.00016728)
 [0,0.000167668)
 [0,0.000167757)
 [0,0.000167787)
 [0,0.000168443)
 [0,0.000168622)
 [0,0.000169039)
 [0,0.000169337)
 [0,0.000169337)
 [0,0.000169396)
 [0,0.000169396)
 [0,0.000169575)
 [0,0.000170052)
 [0,0.000170112)
 [0,0.000170588)
 [0,0.000170708)
 [0,0.000170827)
 [0,0.000170946)
 [0,0.000170946)
 [0,0.000171006)
 [0,0.000171185)
 [0,0.000171632)
 [0,0.000171721)
 [0,0.000172049)
 [0,0.000172257)
 [0,0.000172496)
 [0,0.000172526)
 [0,0.000172551)
 [0,0.000172615)
 [0,0.000172734)
 [0,0.000172794)
 [0,0.000173211)
 [0,0.00017339)
 [0,0.000173986)
 [0,0.000173986)
 [0,0.000174046)
 [0,0.000174284)
 [0,0.000174493)
 [0,0.000174701)
 [0,0.00017494)
 [0,0.000174969)
 [0,0.000175118)
 [0,0.000175774)
 [0,0.000175893)
 [0,0.000176132)
 [0,0.000176489)
 [0,0.000176847)
 [0,0.000177383)
 [0,0.000177383)
 [0,0.000177383)
 [0,0.000178099)
 [0,0.000178099)
 [0,0.000178248)
 [0,0.000178337)
 [0,0.000178367)
 [0,0.000178397)
 [0,0.000178516)
 [0,0.000178695)
 [0,0.000178814)
 [0,0.000179052)
 [0,0.000179112)
 [0,0.00017941)
 [0,0.00017947)
 [0,0.000179648)
 [0,0.000179797)
 [0,0.000180066)
 [0,0.000180155)
 [0,0.000180483)
 [0,0.000180602)
 [0,0.000180662)
 [0,0.00018096)
 [0,0.00018096)
 [0,0.000181019)
 [0,0.000181079)
 [0,0.000181198)
 [0,0.000182009)
 [0,0.000182033)
 [0,0.00018239)
 [0,0.00018248)
 [0,0.000182509)
 [0,0.000182599)
 [0,0.000183016)
 [0,0.000183165)
 [0,0.00018394)
 [0,0.000183975)
 [0,0.000184076)
 [0,0.000184298)
 [0,0.000184476)
 [0,0.000184506)
 [0,0.000184655)
 [0,0.000184894)
 [0,0.00018537)
 [0,0.0001854)
 [0,0.00018543)
 [0,0.000185966)
 [0,0.000186026)
 [0,0.000186205)
 [0,0.000186801)
 [0,0.000187159)
 [0,0.000187308)
 [0,0.000187635)
 [0,0.000187695)
 [0,0.000188291)
 [0,0.000188768)
 [0,0.000189006)
 [0,0.000189513)
 [0,0.000189543)
 [0,0.000189602)
 [0,0.000189722)
 [0,0.000189841)
 [0,0.00019002)
 [0,0.000190079)
 [0,0.000190139)
 [0,0.000190556)
 [0,0.000190616)
 [0,0.000190735)
 [0,0.000191391)
 [0,0.000191867)
 [0,0.000192344)
 [0,0.000192463)
 [0,0.000192702)
 [0,0.000192732)
 [0,0.000193059)
 [0,0.000193179)
 [0,0.000193417)
 [0,0.000193626)
 [0,0.000193775)
 [0,0.000193894)
 [0,0.000194192)
 [0,0.00019449)
 [0,0.00019449)
 [0,0.000194609)
 [0,0.000194669)
 [0,0.000194848)
 [0,0.000195205)
 [0,0.000195652)
 [0,0.000196099)
 [0,0.000196099)
 [0,0.000196874)
 [0,0.000197113)
 [0,0.000197411)
 [0,0.000197709)
 [0,0.000197887)
 [0,0.000198066)
 [0,0.000198364)
 [0,0.000199288)
 [0,0.000199318)
 [0,0.000199765)
 [0,0.000200152)
 [0,0.000200808)
 [0,0.000200987)
 [0,0.000201076)
 [0,0.000201106)
 [0,0.000201136)
 [0,0.000201523)
 [0,0.000201702)
 [0,0.000202)
 [0,0.000202119)
 [0,0.000202775)
 [0,0.000202894)
 [0,0.000203073)
 [0,0.000203133)
 [0,0.000203252)
 [0,0.000203252)
 [0,0.000203371)
 [0,0.000203788)
 [0,0.000203967)
 [0,0.000204287)
 [0,0.000204563)
 [0,0.000204623)
 [0,0.000204802)
 [0,0.000204921)
 [0,0.00020498)
 [0,0.00020504)
 [0,0.0002051)
 [0,0.0002051)
 [0,0.000205517)
 [0,0.000205815)
 [0,0.000205964)
 [0,0.00020653)
 [0,0.000206888)
 [0,0.000207216)
 [0,0.000207245)
 [0,0.000207365)
 [0,0.000208765)
 [0,0.000209302)
 [0,0.000209391)
 [0,0.00020951)
 [0,0.00020954)
 [0,0.000210106)
 [0,0.000211418)
 [0,0.000211835)
 [0,0.000212401)
 [0,0.000212431)
 [0,0.000212729)
 [0,0.000213087)
 [0,0.000213385)
 [0,0.000213742)
 [0,0.000214517)
 [0,0.000214696)
 [0,0.00021483)
 [0,0.000214875)
 [0,0.000215411)
 [0,0.000215709)
 [0,0.000216007)
 [0,0.000216007)
 [0,0.000216335)
 [0,0.000216514)
 [0,0.000216693)
 [0,0.000216722)
 [0,0.000217259)
 [0,0.000217378)
 [0,0.000217944)
 [0,0.000218749)
 [0,0.000219226)
 [0,0.000219464)
 [0,0.000219524)
 [0,0.000219524)
 [0,0.000219733)
 [0,0.000219762)
 [0,0.000219882)
 [0,0.00022006)
 [0,0.000220418)
 [0,0.000220537)
 [0,0.000220537)
 [0,0.000220656)
 [0,0.000220884)
 [0,0.000221014)
 [0,0.000221431)
 [0,0.000222117)
 [0,0.000222146)
 [0,0.00022316)
 [0,0.000223339)
 [0,0.00022465)
 [0,0.000224769)
 [0,0.000224888)
 [0,0.000224948)
 [0,0.000225186)
 [0,0.000225216)
 [0,0.000225365)
 [0,0.000225723)
 [0,0.000227034)
 [0,0.000227749)
 [0,0.000227988)
 [0,0.000228047)
 [0,0.000228345)
 [0,0.000228524)
 [0,0.000228686)
 [0,0.000229299)
 [0,0.00023061)
 [0,0.00023067)
 [0,0.000230849)
 [0,0.000231504)
 [0,0.000231683)
 [0,0.000231862)
 [0,0.000232279)
 [0,0.000232428)
 [0,0.000232458)
 [0,0.000232458)
 [0,0.000232965)
 [0,0.000233233)
 [0,0.000233382)
 [0,0.000234246)
 [0,0.000234365)
 [0,0.000234365)
 [0,0.000234962)
 [0,0.000235021)
 [0,0.000235617)
 [0,0.000235856)
 [0,0.000235915)
 [0,0.000236154)
 [0,0.000236362)
 [0,0.00023669)
 [0,0.00023669)
 [0,0.000236869)
 [0,0.000237048)
 [0,0.000237226)
 [0,0.000237286)
 [0,0.000238597)
 [0,0.000238955)
 [0,0.000239193)
 [0,0.000239491)
 [0,0.000239789)
 [0,0.000241667)
 [0,0.000241935)
 [0,0.000242174)
 [0,0.000242591)
 [0,0.000243634)
 [0,0.000243664)
 [0,0.000244081)
 [0,0.000244081)
 [0,0.000244468)
 [0,0.000244617)
 [0,0.000245452)
 [0,0.000245452)
 [0,0.000245512)
 [0,0.00024578)
 [0,0.000245959)
 [0,0.000246635)
 [0,0.000246882)
 [0,0.000246942)
 [0,0.00024721)
 [0,0.000247329)
 [0,0.000247836)
 [0,0.000247836)
 [0,0.000248283)
 [0,0.000249684)
 [0,0.000249922)
 [0,0.000249982)
 [0,0.000249982)
 [0,0.000250995)
 [0,0.000251353)
 [0,0.000251591)
 [0,0.000252366)
 [0,0.000252485)
 [0,0.000252992)
 [0,0.000253365)
 [0,0.000253618)
 [0,0.000253886)
 [0,0.000253946)
 [0,0.000254154)
 [0,0.000254452)
 [0,0.00025481)
 [0,0.000255108)
 [0,0.000255167)
 [0,0.000256121)
 [0,0.000256479)
 [0,0.000256717)
 [0,0.000257194)
 [0,0.000258386)
 [0,0.000258863)
 [0,0.000259191)
 [0,0.000260383)
 [0,0.000260413)
 [0,0.000262439)
 [0,0.000262558)
 [0,0.000262946)
 [0,0.000263512)
 [0,0.000263631)
 [0,0.000264108)
 [0,0.000264168)
 [0,0.000264227)
 [0,0.000264287)
 [0,0.000265837)
 [0,0.000266016)
 [0,0.000266522)
 [0,0.000266761)
 [0,0.00026691)
 [0,0.000266969)
 [0,0.000267088)
 [0,0.000267595)
 [0,0.000267714)
 [0,0.000268102)
 [0,0.000268221)
 [0,0.000270009)
 [0,0.000270486)
 [0,0.000270545)
 [0,0.000271511)
 [0,0.000271797)
 [0,0.000272095)
 [0,0.000272274)
 [0,0.00027287)
 [0,0.00027293)
 [0,0.000273108)
 [0,0.000273824)
 [0,0.000274271)
 [0,0.000274849)
 [0,0.000276238)
 [0,0.000277042)
 [0,0.000277877)
 [0,0.000279069)
 [0,0.000279099)
 [0,0.000279903)
 [0,0.000280559)
 [0,0.000280976)
 [0,0.000281079)
 [0,0.000281394)
 [0,0.000281394)
 [0,0.000282288)
 [0,0.000283033)
 [0,0.000283778)
 [0,0.000284404)
 [0,0.000284731)
 [0,0.000284791)
 [0,0.000285208)
 [0,0.000285566)
 [0,0.000285804)
 [0,0.000286937)
 [0,0.000287235)
 [0,0.000287354)
 [0,0.000287563)
 [0,0.000288248)
 [0,0.000289023)
 [0,0.000289351)
 [0,0.000289798)
 [0,0.000289887)
 [0,0.000290036)
 [0,0.000290215)
 [0,0.000290513)
 [0,0.000290692)
 [0,0.000291258)
 [0,0.000291288)
 [0,0.000291318)
 [0,0.000291437)
 [0,0.00029248)
 [0,0.000293225)
 [0,0.000294089)
 [0,0.000294208)
 [0,0.000294387)
 [0,0.000294864)
 [0,0.000294966)
 [0,0.000295013)
 [0,0.000295071)
 [0,0.000295222)
 [0,0.00029546)
 [0,0.000295728)
 [0,0.000296116)
 [0,0.000296354)
 [0,0.000297278)
 [0,0.000297546)
 [0,0.000297785)
 [0,0.000298321)
 [0,0.000299156)
 [0,0.000299186)
 [0,0.000299871)
 [0,0.000300348)
 [0,0.000301242)
 [0,0.000302225)
 [0,0.000302434)
 [0,0.000303566)
 [0,0.000303805)
 [0,0.000304997)
 [0,0.000305653)
 [0,0.000307441)
 [0,0.000308067)
 [0,0.000309736)
 [0,0.000310838)
 [0,0.000310868)
 [0,0.000311434)
 [0,0.000312209)
 [0,0.000313282)
 [0,0.000314534)
 [0,0.000314563)
 [0,0.000314713)
 [0,0.000314921)
 [0,0.000315487)
 [0,0.000315726)
 [0,0.00031653)
 [0,0.000317574)
 [0,0.000317693)
 [0,0.000317693)
 [0,0.000318825)
 [0,0.000319034)
 [0,0.000319242)
 [0,0.00031966)
 [0,0.000319779)
 [0,0.000320137)
 [0,0.000321925)
 [0,0.000322252)
 [0,0.000322282)
 [0,0.000323087)
 [0,0.000323415)
 [0,0.000323713)
 [0,0.000324756)
 [0,0.00032554)
 [0,0.00032559)
 [0,0.000325918)
 [0,0.000326514)
 [0,0.000326544)
 [0,0.000327349)
 [0,0.000329018)
 [0,0.000329852)
 [0,0.000329971)
 [0,0.00033018)
 [0,0.000330389)
 [0,0.000330508)
 [0,0.000331163)
 [0,0.000331998)
 [0,0.000332594)
 [0,0.000334793)
 [0,0.000334799)
 [0,0.000335038)
 [0,0.000335395)
 [0,0.000336289)
 [0,0.000336319)
 [0,0.000337422)
 [0,0.00033772)
 [0,0.000338703)
 [0,0.000339001)
 [0,0.000341415)
 [0,0.000341952)
 [0,0.000343508)
 [0,0.000343829)
 [0,0.000344038)
 [0,0.000345647)
 [0,0.000345826)
 [0,0.000348866)
 [0,0.000348866)
 [0,0.000349179)
 [0,0.000349939)
 [0,0.000350237)
 [0,0.000351429)
 [0,0.000352323)
 [0,0.000353634)
 [0,0.000353937)
 [0,0.000354826)
 [0,0.000355005)
 [0,0.000355124)
 [0,0.000355184)
 [0,0.000355294)
 [0,0.00035584)
 [0,0.000356644)
 [0,0.000358522)
 [0,0.000358999)
 [0,0.000360131)
 [0,0.000361621)
 [0,0.000362515)
 [0,0.000362903)
 [0,0.000363238)
 [0,0.000363409)
 [0,0.000368059)
 [0,0.000368118)
 [0,0.000368476)
 [0,0.000369966)
 [0,0.000370622)
 [0,0.000371148)
 [0,0.000371277)
 [0,0.000373065)
 [0,0.000374645)
 [0,0.000375062)
 [0,0.000377148)
 [0,0.000377297)
 [0,0.000377387)
 [0,0.000377536)
 [0,0.000378042)
 [0,0.000378787)
 [0,0.000379205)
 [0,0.000379264)
 [0,0.000379384)
 [0,0.000380605)
 [0,0.000380695)
 [0,0.000381798)
 [0,0.00038289)
 [0,0.000383914)
 [0,0.000385165)
 [0,0.000386596)
 [0,0.000386596)
 [0,0.000389039)
 [0,0.000389039)
 [0,0.000389159)
 [0,0.000390053)
 [0,0.00039044)
 [0,0.00039047)
 [0,0.000390857)
 [0,0.000391066)
 [0,0.000391155)
 [0,0.000391364)
 [0,0.000391454)
 [0,0.000392228)
 [0,0.000392437)
 [0,0.000392973)
 [0,0.000393876)
 [0,0.000394672)
 [0,0.000395536)
 [0,0.000397444)
 [0,0.000398457)
 [0,0.000398576)
 [0,0.000400811)
 [0,0.00040251)
 [0,0.000402808)
 [0,0.00040403)
 [0,0.000405043)
 [0,0.000405312)
 [0,0.000405371)
 [0,0.000407785)
 [0,0.000408113)
 [0,0.000408471)
 [0,0.000410914)
 [0,0.000412822)
 [0,0.000413418)
 [0,0.000413583)
 [0,0.000414878)
 [0,0.000415504)
 [0,0.00041604)
 [0,0.000417054)
 [0,0.000417322)
 [0,0.00041759)
 [0,0.000418303)
 [0,0.000418305)
 [0,0.000418365)
 [0,0.00042072)
 [0,0.000420988)
 [0,0.000421703)
 [0,0.000421822)
 [0,0.000423372)
 [0,0.000423431)
 [0,0.000423551)
 [0,0.000425547)
 [0,0.000425577)
 [0,0.000426203)
 [0,0.000426471)
 [0,0.000427875)
 [0,0.000428319)
 [0,0.000428677)
 [0,0.000431676)
 [0,0.000431724)
 [0,0.000432312)
 [0,0.000433445)
 [0,0.000435293)
 [0,0.000435412)
 [0,0.000435948)
 [0,0.000436008)
 [0,0.000438225)
 [0,0.000439674)
 [0,0.000443697)
 [0,0.000445455)
 [0,0.000445724)
 [0,0.000446379)
 [0,0.000447065)
 [0,0.000447303)
 [0,0.000447571)
 [0,0.000447571)
 [0,0.000448883)
 [0,0.000450104)
 [0,0.00045076)
 [0,0.000451028)
 [0,0.000451267)
 [0,0.000452697)
 [0,0.000452846)
 [0,0.000453591)
 [0,0.000453919)
 [0,0.000454456)
 [0,0.000455201)
 [0,0.000456691)
 [0,0.000457525)
 [0,0.000457885)
 [0,0.000460058)
 [0,0.000465304)
 [0,0.000466466)
 [0,0.000466824)
 [0,0.000467143)
 [0,0.00046733)
 [0,0.00047053)
 [0,0.000471547)
 [0,0.000471592)
 [0,0.000472039)
 [0,0.000472724)
 [0,0.000473392)
 [0,0.000473857)
 [0,0.000474039)
 [0,0.000475466)
 [0,0.000476122)
 [0,0.000476271)
 [0,0.000476629)
 [0,0.000476867)
 [0,0.000477254)
 [0,0.000477527)
 [0,0.000478536)
 [0,0.000478685)
 [0,0.000478685)
 [0,0.000478715)
 [0,0.000479937)
 [0,0.000480682)
 [0,0.000481993)
 [0,0.000482798)
 [0,0.000483319)
 [0,0.000485003)
 [0,0.000485569)
 [0,0.000486463)
 [0,0.000488102)
 [0,0.000490606)
 [0,0.000492871)
 [0,0.000494868)
 [0,0.000495593)
 [0,0.000496119)
 [0,0.000498354)
 [0,0.000498533)
 [0,0.000498844)
 [0,0.000500202)
 [0,0.000502493)
 [0,0.000503033)
 [0,0.000503671)
 [0,0.000503957)
 [0,0.000504911)
 [0,0.000505685)
 [0,0.000506461)
 [0,0.000507146)
 [0,0.000507414)
 [0,0.000508542)
 [0,0.000509083)
 [0,0.000510007)
 [0,0.000510235)
 [0,0.000510395)
 [0,0.000511169)
 [0,0.000512045)
 [0,0.000515401)
 [0,0.000517726)
 [0,0.000518084)
 [0,0.0005216)
 [0,0.000522971)
 [0,0.000523031)
 [0,0.00052458)
 [0,0.000525117)
 [0,0.000527024)
 [0,0.000531107)
 [0,0.000534952)
 [0,0.000535518)
 [0,0.000537962)
 [0,0.000538915)
 [0,0.000539899)
 [0,0.000540094)
 [0,0.000540704)
 [0,0.000540972)
 [0,0.000541925)
 [0,0.000542967)
 [0,0.00054332)
 [0,0.000544396)
 [0,0.000545348)
 [0,0.000545859)
 [0,0.000547051)
 [0,0.000550014)
 [0,0.000555307)
 [0,0.000555396)
 [0,0.000555992)
 [0,0.00055933)
 [0,0.000560376)
 [0,0.000560582)
 [0,0.000561088)
 [0,0.0005624)
 [0,0.000562966)
 [0,0.000566734)
 [0,0.000567213)
 [0,0.000567456)
 [0,0.000568926)
 [0,0.000569463)
 [0,0.00056994)
 [0,0.00056994)
 [0,0.000572026)
 [0,0.000572174)
 [0,0.00057286)
 [0,0.000573277)
 [0,0.000580192)
 [0,0.00058037)
 [0,0.000580579)
 [0,0.000581026)
 [0,0.000583261)
 [0,0.000583649)
 [0,0.000584006)
 [0,0.000586867)
 [0,0.000587801)
 [0,0.000589077)
 [0,0.000590295)
 [0,0.000591755)
 [0,0.000592622)
 [0,0.000593325)
 [0,0.000594378)
 [0,0.000598252)
 [0,0.000599221)
 [0,0.000599325)
 [0,0.000599384)
 [0,0.000602622)
 [0,0.000602733)
 [0,0.000603654)
 [0,0.00060612)
 [0,0.000614941)
 [0,0.000616057)
 [0,0.000618517)
 [0,0.000618845)
 [0,0.00062202)
 [0,0.000622213)
 [0,0.000622511)
 [0,0.000631943)
 [0,0.000632346)
 [0,0.000639141)
 [0,0.000639588)
 [0,0.0006404)
 [0,0.000646084)
 [0,0.000652045)
 [0,0.000655614)
 [0,0.000655949)
 [0,0.00065729)
 [0,0.000658235)
 [0,0.000660372)
 [0,0.000664413)
 [0,0.000666678)
 [0,0.000667244)
 [0,0.000667453)
 [0,0.000667817)
 [0,0.000669569)
 [0,0.000671476)
 [0,0.000675921)
 [0,0.000677228)
 [0,0.000677978)
 [0,0.000680441)
 [0,0.000682026)
 [0,0.000682079)
 [0,0.000685716)
 [0,0.000685781)
 [0,0.000687301)
 [0,0.000689988)
 [0,0.000691652)
 [0,0.000692368)
 [0,0.000692634)
 [0,0.000694468)
 [0,0.000694811)
 [0,0.000699222)
 [0,0.000700206)
 [0,0.000703394)
 [0,0.000706971)
 [0,0.000707423)
 [0,0.000707865)
 [0,0.000708699)
 [0,0.000708878)
 [0,0.000711477)
 [0,0.000712454)
 [0,0.000712901)
 [0,0.000715762)
 [0,0.00071612)
 [0,0.000716329)
 [0,0.000718069)
 [0,0.000720948)
 [0,0.000722716)
 [0,0.000726134)
 [0,0.00073126)
 [0,0.000732404)
 [0,0.000734329)
 [0,0.000734397)
 [0,0.000735137)
 [0,0.000742986)
 [0,0.00074473)
 [0,0.000745331)
 [0,0.000748694)
 [0,0.000751616)
 [0,0.000752308)
 [0,0.000756214)
 [0,0.000757814)
 [0,0.000761598)
 [0,0.0007644)
 [0,0.000768596)
 [0,0.000775565)
 [0,0.000777513)
 [0,0.0007779)
 [0,0.000784745)
 [0,0.000785187)
 [0,0.000788033)
 [0,0.000788683)
 [0,0.000788867)
 [0,0.000788987)
 [0,0.000789608)
 [0,0.000789732)
 [0,0.000796288)
 [0,0.000796914)
 [0,0.000797459)
 [0,0.000797628)
 [0,0.000798893)
 [0,0.000799149)
 [0,0.000800158)
 [0,0.000802839)
 [0,0.000804305)
 [0,0.000808944)
 [0,0.000809986)
 [0,0.000815506)
 [0,0.000816286)
 [0,0.000820105)
 [0,0.000820434)
 [0,0.000826055)
 [0,0.000828445)
 [0,0.000830052)
 [0,0.000840694)
 [0,0.000840753)
 [0,0.000841393)
 [0,0.000844444)
 [0,0.000847248)
 [0,0.000847679)
 [0,0.000848025)
 [0,0.00084817)
 [0,0.000849341)
 [0,0.000850144)
 [0,0.000856012)
 [0,0.00085792)
 [0,0.000859578)
 [0,0.000861257)
 [0,0.000862185)
 [0,0.000862966)
 [0,0.000867875)
 [0,0.000869544)
 [0,0.000870034)
 [0,0.000873425)
 [0,0.000875503)
 [0,0.000877585)
 [0,0.000879319)
 [0,0.000879467)
 [0,0.00088039)
 [0,0.000880459)
 [0,0.000881495)
 [0,0.000883395)
 [0,0.000883808)
 [0,0.000884771)
 [0,0.000889152)
 [0,0.000889992)
 [0,0.000892921)
 [0,0.000893772)
 [0,0.000894695)
 [0,0.00089854)
 [0,0.00090161)
 [0,0.000906172)
 [0,0.000914889)
 [0,0.000915497)
 [0,0.000917971)
 [0,0.000918269)
 [0,0.00092139)
 [0,0.000921566)
 [0,0.00092431)
 [0,0.000929087)
 [0,0.000929364)
 [0,0.000930658)
 [0,0.000931133)
 [0,0.000932843)
 [0,0.000934378)
 [0,0.000934882)
 [0,0.00093624)
 [0,0.000936657)
 [0,0.000943708)
 [0,0.000945181)
 [0,0.000945782)
 [0,0.00094676)
 [0,0.000946818)
 [0,0.000949204)
 [0,0.00095148)
 [0,0.000958556)
 [0,0.000959239)
 [0,0.000961141)
 [0,0.000961661)
 [0,0.000961669)
 [0,0.000962683)
 [0,0.000963804)
 [0,0.000964671)
 [0,0.000966836)
 [0,0.000968302)
 [0,0.000968909)
 [0,0.00096935)
 [0,0.000971398)
 [0,0.000972936)
 [0,0.000973791)
 [0,0.000974297)
 [0,0.00097546)
 [0,0.000975765)
 [0,0.000977259)
 [0,0.00097783)
 [0,0.000983191)
 [0,0.000988959)
 [0,0.000989199)
 [0,0.000993335)
 [0,0.000994605)
 [0,0.00100277)
 [0,0.00100569)
 [0,0.00101009)
 [0,0.0010122)
 [0,0.00101312)
 [0,0.00101329)
 [0,0.00101537)
 [0,0.0010196)
 [0,0.0010207)
 [0,0.00102106)
 [0,0.00102234)
 [0,0.00102419)
 [0,0.00102607)
 [0,0.00102704)
 [0,0.00103039)
 [0,0.0010316)
 [0,0.00103881)
 [0,0.0010397)
 [0,0.00104081)
 [0,0.00104156)
 [0,0.00104792)
 [0,0.00104947)
 [0,0.00104976)
 [0,0.00106063)
 [0,0.00106294)
 [0,0.00106579)
 [0,0.00106892)
 [0,0.00106926)
 [0,0.00107015)
 [0,0.00107238)
 [0,0.00107303)
 [0,0.00107484)
 [0,0.00107869)
 [0,0.00107968)
 [0,0.00108257)
 [0,0.00108317)
 [0,0.00108504)
 [0,0.00108705)
 [0,0.00108765)
 [0,0.00109262)
 [0,0.00109993)
 [0,0.00110347)
 [0,0.00110351)
 [0,0.00110596)
 [0,0.00110731)
 [0,0.00110888)
 [0,0.0011091)
 [0,0.00111357)
 [0,0.00111509)
 [0,0.00112072)
 [0,0.00112115)
 [0,0.0011233)
 [0,0.00112409)
 [0,0.00112512)
 [0,0.00112592)
 [0,0.00112798)
 [0,0.0011287)
 [0,0.00112894)
 [0,0.00113077)
 [0,0.00113326)
 [0,0.00113376)
 [0,0.00113575)
 [0,0.00113676)
 [0,0.00113717)
 [0,0.00113785)
 [0,0.00113851)
 [0,0.00114267)
 [0,0.00114351)
 [0,0.00114522)
 [0,0.00115)
 [0,0.00115021)
 [0,0.00115076)
 [0,0.0011525)
 [0,0.00115407)
 [0,0.00115806)
 [0,0.00115919)
 [0,0.0011602)
 [0,0.00116139)
 [0,0.00116229)
 [0,0.00116589)
 [0,0.00116838)
 [0,0.00116959)
 [0,0.00117171)
 [0,0.00117231)
 [0,0.00117248)
 [0,0.00117338)
 [0,0.00117634)
 [0,0.0011807)
 [0,0.00118106)
 [0,0.0011864)
 [0,0.00118829)
 [0,0.00119004)
 [0,0.00119006)
 [0,0.00119042)
 [0,0.00119282)
 [0,0.00119632)
 [0,0.00119672)
 [0,0.00120263)
 [0,0.0012031)
 [0,0.00120531)
 [0,0.0012055)
 [0,0.00120583)
 [0,0.00120828)
 [0,0.00120885)
 [0,0.00121389)
 [0,0.00121393)
 [0,0.00121596)
 [0,0.0012192)
 [0,0.0012221)
 [0,0.00122546)
 [0,0.00122656)
 [0,0.00122666)
 [0,0.00123047)
 [0,0.00123258)
 [0,0.00123286)
 [0,0.00123617)
 [0,0.00123787)
 [0,0.00123993)
 [0,0.00124171)
 [0,0.00124572)
 [0,0.00124615)
 [0,0.00125105)
 [0,0.0012532)
 [0,0.00125992)
 [0,0.00126185)
 [0,0.0012655)
 [0,0.00126824)
 [0,0.00127245)
 [0,0.00127251)
 [0,0.0012747)
 [0,0.00127694)
 [0,0.00127854)
 [0,0.00128031)
 [0,0.00128191)
 [0,0.00128389)
 [0,0.00128495)
 [0,0.00128543)
 [0,0.00128652)
 [0,0.00129153)
 [0,0.0012928)
 [0,0.00129816)
 [0,0.00130162)
 [0,0.00130492)
 [0,0.00130588)
 [0,0.00130919)
 [0,0.00130941)
 [0,0.00131152)
 [0,0.00131351)
 [0,0.00131749)
 [0,0.00132298)
 [0,0.00132398)
 [0,0.00132481)
 [0,0.00132886)
 [0,0.00132925)
 [0,0.00133352)
 [0,0.00133746)
 [0,0.00134003)
 [0,0.00134072)
 [0,0.00134134)
 [0,0.00134234)
 [0,0.00134352)
 [0,0.00134599)
 [0,0.00134698)
 [0,0.00134966)
 [0,0.00135653)
 [0,0.00135744)
 [0,0.00135857)
 [0,0.00136244)
 [0,0.00136341)
 [0,0.00136404)
 [0,0.00136493)
 [0,0.00136746)
 [0,0.00136852)
 [0,0.00137124)
 [0,0.00137139)
 [0,0.00137204)
 [0,0.00137304)
 [0,0.00137424)
 [0,0.00137497)
 [0,0.00137838)
 [0,0.00138052)
 [0,0.00138136)
 [0,0.0013838)
 [0,0.00138585)
 [0,0.00138664)
 [0,0.00138785)
 [0,0.00139835)
 [0,0.00139957)
 [0,0.00140137)
 [0,0.00140377)
 [0,0.00140912)
 [0,0.00141372)
 [0,0.00141394)
 [0,0.00142019)
 [0,0.00142174)
 [0,0.00142713)
 [0,0.0014295)
 [0,0.00143199)
 [0,0.00143268)
 [0,0.00143646)
 [0,0.00143669)
 [0,0.00143777)
 [0,0.00143799)
 [0,0.00143904)
 [0,0.00143982)
 [0,0.0014421)
 [0,0.00144243)
 [0,0.00144367)
 [0,0.00144542)
 [0,0.00144799)
 [0,0.00145054)
 [0,0.00145215)
 [0,0.00145669)
 [0,0.00145982)
 [0,0.00146053)
 [0,0.00146456)
 [0,0.00147348)
 [0,0.00147364)
 [0,0.00147368)
 [0,0.00147671)
 [0,0.00147991)
 [0,0.00148027)
 [0,0.00148218)
 [0,0.00148282)
 [0,0.0014838)
 [0,0.00148492)
 [0,0.00148578)
 [0,0.00148805)
 [0,0.00149111)
 [0,0.00149537)
 [0,0.00149934)
 [0,0.00150351)
 [0,0.00150756)
 [0,0.00150815)
 [0,0.00151113)
 [0,0.00151152)
 [0,0.00151155)
 [0,0.00151314)
 [0,0.0015168)
 [0,0.00152006)
 [0,0.00152317)
 [0,0.00152552)
 [0,0.00152662)
 [0,0.0015294)
 [0,0.00153354)
 [0,0.00153938)
 [0,0.00154027)
 [0,0.00154242)
 [0,0.00154427)
 [0,0.00154548)
 [0,0.00154983)
 [0,0.00155628)
 [0,0.00155722)
 [0,0.00155762)
 [0,0.00155881)
 [0,0.00156177)
 [0,0.00156194)
 [0,0.00156714)
 [0,0.00156918)
 [0,0.00157404)
 [0,0.00157517)
 [0,0.00157532)
 [0,0.001578)
 [0,0.00157898)
 [0,0.00157988)
 [0,0.00158215)
 [0,0.00158314)
 [0,0.00158533)
 [0,0.00158686)
 [0,0.00158943)
 [0,0.00159201)
 [0,0.00159454)
 [0,0.00159564)
 [0,0.00159658)
 [0,0.00159682)
 [0,0.00159858)
 [0,0.00160267)
 [0,0.00160556)
 [0,0.00160997)
 [0,0.00161068)
 [0,0.00161244)
 [0,0.00161394)
 [0,0.00161466)
 [0,0.00161993)
 [0,0.00162449)
 [0,0.00162557)
 [0,0.00163019)
 [0,0.00163468)
 [0,0.00163496)
 [0,0.00163502)
 [0,0.00163861)
 [0,0.00164282)
 [0,0.00164485)
 [0,0.00164686)
 [0,0.00164838)
 [0,0.00164943)
 [0,0.00165072)
 [0,0.001651)
 [0,0.00165457)
 [0,0.00165578)
 [0,0.0016567)
 [0,0.00165688)
 [0,0.00165709)
 [0,0.00165765)
 [0,0.00165781)
 [0,0.00166237)
 [0,0.00166395)
 [0,0.00166454)
 [0,0.00166675)
 [0,0.00166773)
 [0,0.00166809)
 [0,0.00167003)
 [0,0.00167064)
 [0,0.00167122)
 [0,0.00167163)
 [0,0.0016719)
 [0,0.00167727)
 [0,0.00167838)
 [0,0.00168138)
 [0,0.0016855)
 [0,0.00168657)
 [0,0.00168774)
 [0,0.00168828)
 [0,0.00169086)
 [0,0.0016928)
 [0,0.00169362)
 [0,0.00169493)
 [0,0.0016951)
 [0,0.00169967)
 [0,0.00170458)
 [0,0.0017064)
 [0,0.00170657)
 [0,0.00170845)
 [0,0.00170898)
 [0,0.00171177)
 [0,0.00171408)
 [0,0.00171462)
 [0,0.00171806)
 [0,0.0017185)
 [0,0.001721)
 [0,0.00172284)
 [0,0.00172474)
 [0,0.00172505)
 [0,0.0017281)
 [0,0.00173019)
 [0,0.00173111)
 [0,0.0017333)
 [0,0.0017352)
 [0,0.00173603)
 [0,0.00173713)
 [0,0.00173781)
 [0,0.00173784)
 [0,0.00174057)
 [0,0.00174523)
 [0,0.00174647)
 [0,0.00174981)
 [0,0.00174983)
 [0,0.00175316)
 [0,0.00175436)
 [0,0.00175451)
 [0,0.00175573)
 [0,0.00175689)
 [0,0.00176215)
 [0,0.00176256)
 [0,0.00176358)
 [0,0.00176397)
 [0,0.00176667)
 [0,0.001767)
 [0,0.001767)
 [0,0.00177077)
 [0,0.001771)
 [0,0.00177186)
 [0,0.00177419)
 [0,0.00177431)
 [0,0.00177449)
 [0,0.00177452)
 [0,0.00178066)
 [0,0.00178192)
 [0,0.00178225)
 [0,0.00178613)
 [0,0.0017875)
 [0,0.00178889)
 [0,0.00178981)
 [0,0.00179209)
 [0,0.00179449)
 [0,0.00179482)
 [0,0.0017951)
 [0,0.00179675)
 [0,0.00179698)
 [0,0.00179732)
 [0,0.00180082)
 [0,0.00180163)
 [0,0.00180235)
 [0,0.00180328)
 [0,0.00180457)
 [0,0.00180535)
 [0,0.00180852)
 [0,0.00180894)
 [0,0.00181014)
 [0,0.00181054)
 [0,0.00181527)
 [0,0.00181668)
 [0,0.0018215)
 [0,0.00182199)
 [0,0.00182257)
 [0,0.00182353)
 [0,0.00182372)
 [0,0.00182411)
 [0,0.00182451)
 [0,0.00182473)
 [0,0.00182654)
 [0,0.00183143)
 [0,0.00183337)
 [0,0.00183365)
 [0,0.00183423)
 [0,0.00184381)
 [0,0.00184433)
 [0,0.00184779)
 [0,0.00184795)
 [0,0.00184999)
 [0,0.00185192)
 [0,0.00185193)
 [0,0.00185512)
 [0,0.00185838)
 [0,0.00186168)
 [0,0.00186501)
 [0,0.00186615)
 [0,0.00186782)
 [0,0.00187067)
 [0,0.00187386)
 [0,0.00187615)
 [0,0.00187678)
 [0,0.00187682)
 [0,0.0018773)
 [0,0.00187849)
 [0,0.00188032)
 [0,0.00188111)
 [0,0.00188316)
 [0,0.00188786)
 [0,0.00188809)
 [0,0.00189178)
 [0,0.00189512)
 [0,0.00189606)
 [0,0.00189814)
 [0,0.00189842)
 [0,0.00189914)
 [0,0.00189961)
 [0,0.0018999)
 [0,0.00190046)
 [0,0.00190503)
 [0,0.0019061)
 [0,0.00190694)
 [0,0.00190719)
 [0,0.00190851)
 [0,0.00190907)
 [0,0.00191185)
 [0,0.00191209)
 [0,0.00191294)
 [0,0.00191533)
 [0,0.00191568)
 [0,0.00191819)
 [0,0.00192281)
 [0,0.00192283)
 [0,0.0019251)
 [0,0.00192571)
 [0,0.00192805)
 [0,0.00192949)
 [0,0.00193381)
 [0,0.00193427)
 [0,0.00193479)
 [0,0.00193498)
 [0,0.00193514)
 [0,0.00193606)
 [0,0.00194158)
 [0,0.00194198)
 [0,0.00194208)
 [0,0.00194269)
 [0,0.0019435)
 [0,0.00194548)
 [0,0.00194711)
 [0,0.00194817)
 [0,0.00194906)
 [0,0.00195097)
 [0,0.00195102)
 [0,0.00195128)
 [0,0.00195196)
 [0,0.00195286)
 [0,0.00195655)
 [0,0.00195898)
 [0,0.00196003)
 [0,0.00196119)
 [0,0.00196134)
 [0,0.0019621)
 [0,0.00196862)
 [0,0.00197235)
 [0,0.00197281)
 [0,0.00197327)
 [0,0.0019747)
 [0,0.00197502)
 [0,0.00197613)
 [0,0.00197633)
 [0,0.00197887)
 [0,0.00197977)
 [0,0.00198013)
 [0,0.00198197)
 [0,0.00198301)
 [0,0.00198367)
 [0,0.00198457)
 [0,0.00198761)
 [0,0.00198775)
 [0,0.00198836)
 [0,0.00198861)
 [0,0.00199039)
 [0,0.00199074)
 [0,0.00199232)
 [0,0.00199473)
 [0,0.00199617)
 [0,0.00199656)
 [0,0.00199688)
 [0,0.00199954)
 [0,0.00200014)
 [0,0.00200102)
 [0,0.00200201)
 [0,0.00200366)
 [0,0.0020037)
 [0,0.00200522)
 [0,0.00200569)
 [0,0.00200694)
 [0,0.0020096)
 [0,0.00200963)
 [0,0.00201323)
 [0,0.00201724)
 [0,0.0020176)
 [0,0.00203262)
 [0,0.0020365)
 [0,0.00203655)
 [0,0.00203907)
 [0,0.00203963)
 [0,0.00204013)
 [0,0.00204152)
 [0,0.00204892)
 [0,0.00205108)
 [0,0.00205725)
 [0,0.00205908)
 [0,0.00206147)
 [0,0.00206159)
 [0,0.00206184)
 [0,0.00206623)
 [0,0.0020686)
 [0,0.0020721)
 [0,0.00207385)
 [0,0.00207517)
 [0,0.00207602)
 [0,0.00207628)
 [0,0.00207826)
 [0,0.00208213)
 [0,0.00208428)
 [0,0.00208634)
 [0,0.00208696)
 [0,0.00208755)
 [0,0.0020876)
 [0,0.00209383)
 [0,0.00209783)
 [0,0.00210027)
 [0,0.00210099)
 [0,0.00210307)
 [0,0.00210362)
 [0,0.00210437)
 [0,0.00210472)
 [0,0.00210704)
 [0,0.00210817)
 [0,0.00211235)
 [0,0.00211402)
 [0,0.00211462)
 [0,0.00211555)
 [0,0.00211896)
 [0,0.0021203)
 [0,0.00212159)
 [0,0.00212273)
 [0,0.00212336)
 [0,0.00212824)
 [0,0.00212991)
 [0,0.00213044)
 [0,0.00213052)
 [0,0.00213193)
 [0,0.0021408)
 [0,0.00214107)
 [0,0.00214265)
 [0,0.0021449)
 [0,0.00215372)
 [0,0.00215449)
 [0,0.00215487)
 [0,0.00215638)
 [0,0.0021634)
 [0,0.00216388)
 [0,0.0021659)
 [0,0.00216752)
 [0,0.00216767)
 [0,0.00216892)
 [0,0.00217724)
 [0,0.00217767)
 [0,0.00217825)
 [0,0.00217994)
 [0,0.0021812)
 [0,0.00218232)
 [0,0.00218867)
 [0,0.00219308)
 [0,0.00219445)
 [0,0.00219665)
 [0,0.00219982)
 [0,0.00220133)
 [0,0.002204)
 [0,0.00220408)
 [0,0.00220446)
 [0,0.00220708)
 [0,0.00220742)
 [0,0.00221132)
 [0,0.00221513)
 [0,0.00221596)
 [0,0.00221633)
 [0,0.00221921)
 [0,0.00221958)
 [0,0.00222047)
 [0,0.00222357)
 [0,0.00222376)
 [0,0.00222426)
 [0,0.00222439)
 [0,0.00222554)
 [0,0.00222725)
 [0,0.00222786)
 [0,0.00222787)
 [0,0.00223146)
 [0,0.00223227)
 [0,0.00223254)
 [0,0.00223271)
 [0,0.0022371)
 [0,0.00223886)
 [0,0.00224121)
 [0,0.00224177)
 [0,0.00224217)
 [0,0.00224487)
 [0,0.00224544)
 [0,0.00224549)
 [0,0.00224576)
 [0,0.00224852)
 [0,0.00225028)
 [0,0.00225106)
 [0,0.00225212)
 [0,0.00225917)
 [0,0.00226002)
 [0,0.00226075)
 [0,0.00226252)
 [0,0.00226331)
 [0,0.00226567)
 [0,0.00226611)
 [0,0.00226809)
 [0,0.00227012)
 [0,0.00227125)
 [0,0.00227322)
 [0,0.00227459)
 [0,0.0022764)
 [0,0.00227797)
 [0,0.00227883)
 [0,0.00227996)
 [0,0.00228187)
 [0,0.0022829)
 [0,0.00228556)
 [0,0.00228883)
 [0,0.00229254)
 [0,0.00229284)
 [0,0.00229426)
 [0,0.00229471)
 [0,0.00229633)
 [0,0.00229681)
 [0,0.00229798)
 [0,0.0023)
 [0,0.00230029)
 [0,0.00230762)
 [0,0.00230905)
 [0,0.00231016)
 [0,0.00231162)
 [0,0.00231206)
 [0,0.00231212)
 [0,0.00231234)
 [0,0.00231689)
 [0,0.0023218)
 [0,0.0023224)
 [0,0.00232354)
 [0,0.00232421)
 [0,0.00232423)
 [0,0.00232475)
 [0,0.0023339)
 [0,0.00233655)
 [0,0.00233871)
 [0,0.00234158)
 [0,0.00234209)
 [0,0.00234326)
 [0,0.00234347)
 [0,0.00234409)
 [0,0.00234431)
 [0,0.00234491)
 [0,0.00234605)
 [0,0.00234725)
 [0,0.00234983)
 [0,0.00235033)
 [0,0.00235172)
 [0,0.00235481)
 [0,0.00235609)
 [0,0.00235643)
 [0,0.00235727)
 [0,0.00235766)
 [0,0.00235926)
 [0,0.0023614)
 [0,0.00236237)
 [0,0.00236305)
 [0,0.0023642)
 [0,0.0023656)
 [0,0.00236569)
 [0,0.00236658)
 [0,0.00236885)
 [0,0.00237066)
 [0,0.00237137)
 [0,0.00237608)
 [0,0.00237691)
 [0,0.00237962)
 [0,0.00238183)
 [0,0.00238266)
 [0,0.00238404)
 [0,0.00238542)
 [0,0.00238649)
 [0,0.00238704)
 [0,0.00238722)
 [0,0.00239093)
 [0,0.00239139)
 [0,0.00239164)
 [0,0.00239317)
 [0,0.0023938)
 [0,0.00239428)
 [0,0.00239507)
 [0,0.00239554)
 [0,0.00239699)
 [0,0.00239764)
 [0,0.00239847)
 [0,0.00239885)
 [0,0.00239948)
 [0,0.00240133)
 [0,0.00240197)
 [0,0.00240352)
 [0,0.00240558)
 [0,0.00240799)
 [0,0.00241237)
 [0,0.00241328)
 [0,0.00241333)
 [0,0.00241887)
 [0,0.00241931)
 [0,0.00242126)
 [0,0.0024239)
 [0,0.00242513)
 [0,0.00242677)
 [0,0.00243094)
 [0,0.00243732)
 [0,0.00243751)
 [0,0.00243771)
 [0,0.00243801)
 [0,0.00244116)
 [0,0.0024425)
 [0,0.0024429)
 [0,0.00244402)
 [0,0.00244514)
 [0,0.00244637)
 [0,0.00245219)
 [0,0.00245641)
 [0,0.00246154)
 [0,0.00246197)
 [0,0.00246286)
 [0,0.00246463)
 [0,0.00246898)
 [0,0.00246944)
 [0,0.00247009)
 [0,0.00247081)
 [0,0.0024712)
 [0,0.0024735)
 [0,0.00248082)
 [0,0.00248103)
 [0,0.00248308)
 [0,0.00248644)
 [0,0.00248794)
 [0,0.00249053)
 [0,0.00249237)
 [0,0.0024935)
 [0,0.00249384)
 [0,0.00249572)
 [0,0.00249616)
 [0,0.00249634)
 [0,0.00249789)
 [0,0.00249849)
 [0,0.00249909)
 [0,0.00250029)
 [0,0.00250305)
 [0,0.00250385)
 [0,0.00250398)
 [0,0.00250457)
 [0,0.00250463)
 [0,0.00250698)
 [0,0.00250835)
 [0,0.00250956)
 [0,0.00251125)
 [0,0.00251298)
 [0,0.00251499)
 [0,0.00251807)
 [0,0.00251877)
 [0,0.00252017)
 [0,0.00252082)
 [0,0.00252204)
 [0,0.00252258)
 [0,0.00252305)
 [0,0.00252486)
 [0,0.00252666)
 [0,0.00252756)
 [0,0.00252762)
 [0,0.00252883)
 [0,0.00253168)
 [0,0.00253184)
 [0,0.00253188)
 [0,0.00253195)
 [0,0.00253208)
 [0,0.00253362)
 [0,0.00253436)
 [0,0.00253478)
 [0,0.00253623)
 [0,0.00253642)
 [0,0.00253726)
 [0,0.00253865)
 [0,0.00253885)
 [0,0.0025412)
 [0,0.00254604)
 [0,0.00254607)
 [0,0.00254937)
 [0,0.00254949)
 [0,0.0025501)
 [0,0.00255088)
 [0,0.00255204)
 [0,0.00255254)
 [0,0.00255507)
 [0,0.00255537)
 [0,0.00255539)
 [0,0.00255572)
 [0,0.00255575)
 [0,0.00256433)
 [0,0.00256961)
 [0,0.00257064)
 [0,0.0025723)
 [0,0.00257331)
 [0,0.00257444)
 [0,0.00257682)
 [0,0.00258224)
 [0,0.00258321)
 [0,0.00258442)
 [0,0.00258449)
 [0,0.00258761)
 [0,0.0025902)
 [0,0.00259182)
 [0,0.00259349)
 [0,0.00259426)
 [0,0.00259638)
 [0,0.00259815)
 [0,0.00260092)
 [0,0.00260651)
 [0,0.0026072)
 [0,0.0026074)
 [0,0.00261077)
 [0,0.00261254)
 [0,0.00261539)
 [0,0.00261633)
 [0,0.00261769)
 [0,0.00261807)
 [0,0.00261825)
 [0,0.00261947)
 [0,0.00262193)
 [0,0.00262294)
 [0,0.00262459)
 [0,0.00262816)
 [0,0.00263005)
 [0,0.00263351)
 [0,0.00263518)
 [0,0.00263645)
 [0,0.00263681)
 [0,0.00263841)
 [0,0.00264037)
 [0,0.00264096)
 [0,0.00264347)
 [0,0.00264643)
 [0,0.00265226)
 [0,0.00265251)
 [0,0.00265521)
 [0,0.00265575)
 [0,0.00265693)
 [0,0.00265698)
 [0,0.00265827)
 [0,0.00265899)
 [0,0.00266083)
 [0,0.00266166)
 [0,0.00266213)
 [0,0.00266311)
 [0,0.0026647)
 [0,0.00266533)
 [0,0.00266538)
 [0,0.00266744)
 [0,0.00266838)
 [0,0.00267227)
 [0,0.00267318)
 [0,0.00267406)
 [0,0.0026758)
 [0,0.00267705)
 [0,0.00267829)
 [0,0.00267901)
 [0,0.00268108)
 [0,0.00268189)
 [0,0.0026825)
 [0,0.0026828)
 [0,0.00268625)
 [0,0.00268667)
 [0,0.00269375)
 [0,0.00269746)
 [0,0.00269793)
 [0,0.00269829)
 [0,0.00269908)
 [0,0.00269921)
 [0,0.00269993)
 [0,0.00270013)
 [0,0.00270041)
 [0,0.0027005)
 [0,0.0027055)
 [0,0.00270688)
 [0,0.00270724)
 [0,0.00270855)
 [0,0.00270998)
 [0,0.00271029)
 [0,0.00271279)
 [0,0.00271504)
 [0,0.00271593)
 [0,0.00271865)
 [0,0.00271958)
 [0,0.00272068)
 [0,0.00272304)
 [0,0.00272491)
 [0,0.00272723)
 [0,0.00272725)
 [0,0.00272739)
 [0,0.00272852)
 [0,0.00272881)
 [0,0.00272975)
 [0,0.002731)
 [0,0.00273102)
 [0,0.00273128)
 [0,0.00273177)
 [0,0.00273237)
 [0,0.00273543)
 [0,0.00273719)
 [0,0.00273804)
 [0,0.00273981)
 [0,0.00274009)
 [0,0.00274015)
 [0,0.00274025)
 [0,0.0027404)
 [0,0.00274077)
 [0,0.00274128)
 [0,0.002744)
 [0,0.00274428)
 [0,0.00274536)
 [0,0.00274563)
 [0,0.00274563)
 [0,0.00274718)
 [0,0.00275131)
 [0,0.00275408)
 [0,0.00275441)
 [0,0.00275538)
 [0,0.00275755)
 [0,0.00275966)
 [0,0.00276008)
 [0,0.00276021)
 [0,0.00276148)
 [0,0.0027652)
 [0,0.00276625)
 [0,0.00277021)
 [0,0.00277174)
 [0,0.00277255)
 [0,0.00277403)
 [0,0.00277753)
 [0,0.00277869)
 [0,0.00277881)
 [0,0.00278217)
 [0,0.00278286)
 [0,0.00278404)
 [0,0.0027852)
 [0,0.00278561)
 [0,0.00279174)
 [0,0.00279251)
 [0,0.00279349)
 [0,0.00279482)
 [0,0.00279586)
 [0,0.00279596)
 [0,0.00279605)
 [0,0.00279624)
 [0,0.00279634)
 [0,0.00279787)
 [0,0.00279955)
 [0,0.00280161)
 [0,0.00280368)
 [0,0.00280374)
 [0,0.00280392)
 [0,0.00281101)
 [0,0.00281118)
 [0,0.00281247)
 [0,0.00281258)
 [0,0.00281692)
 [0,0.00281697)
 [0,0.002822)
 [0,0.00282251)
 [0,0.00282383)
 [0,0.00282569)
 [0,0.00282813)
 [0,0.00282826)
 [0,0.00282892)
 [0,0.00283019)
 [0,0.00283149)
 [0,0.00283194)
 [0,0.00283203)
 [0,0.00283499)
 [0,0.00284085)
 [0,0.002843)
 [0,0.00284456)
 [0,0.00284714)
 [0,0.0028517)
 [0,0.00285498)
 [0,0.00285845)
 [0,0.00285934)
 [0,0.00285988)
 [0,0.00286262)
 [0,0.002863)
 [0,0.0028643)
 [0,0.0028659)
 [0,0.00286698)
 [0,0.00286785)
 [0,0.00286789)
 [0,0.00287151)
 [0,0.0028719)
 [0,0.00287445)
 [0,0.00287511)
 [0,0.00287697)
 [0,0.00287705)
 [0,0.00287718)
 [0,0.00288065)
 [0,0.00288183)
 [0,0.00288285)
 [0,0.00288534)
 [0,0.00288982)
 [0,0.00289018)
 [0,0.0028924)
 [0,0.00289248)
 [0,0.00289511)
 [0,0.0028968)
 [0,0.0028971)
 [0,0.00290118)
 [0,0.00290139)
 [0,0.00290234)
 [0,0.00290386)
 [0,0.00290544)
 [0,0.00290842)
 [0,0.00291003)
 [0,0.00291154)
 [0,0.00291296)
 [0,0.00291432)
 [0,0.00291532)
 [0,0.00291886)
 [0,0.0029203)
 [0,0.0029231)
 [0,0.0029233)
 [0,0.00292426)
 [0,0.00292486)
 [0,0.00292849)
 [0,0.00293111)
 [0,0.00293129)
 [0,0.00293377)
 [0,0.00293465)
 [0,0.00293596)
 [0,0.00293854)
 [0,0.00293871)
 [0,0.00293982)
 [0,0.00294101)
 [0,0.00294145)
 [0,0.00294727)
 [0,0.00294765)
 [0,0.00294917)
 [0,0.00295015)
 [0,0.00295381)
 [0,0.00295437)
 [0,0.00295731)
 [0,0.0029622)
 [0,0.00296232)
 [0,0.00296263)
 [0,0.00296299)
 [0,0.00296451)
 [0,0.00296882)
 [0,0.0029717)
 [0,0.00297218)
 [0,0.00297379)
 [0,0.00297382)
 [0,0.00297394)
 [0,0.00297499)
 [0,0.00297655)
 [0,0.00297736)
 [0,0.00297777)
 [0,0.0029806)
 [0,0.00298208)
 [0,0.00298487)
 [0,0.0029851)
 [0,0.0029878)
 [0,0.00299147)
 [0,0.0029924)
 [0,0.00299638)
 [0,0.00299807)
 [0,0.00300105)
 [0,0.00300172)
 [0,0.003005)
 [0,0.0030055)
 [0,0.0030075)
 [0,0.00300944)
 [0,0.00300997)
 [0,0.00301005)
 [0,0.00301612)
 [0,0.0030196)
 [0,0.00302062)
 [0,0.00302708)
 [0,0.00302861)
 [0,0.00303253)
 [0,0.00303332)
 [0,0.00303434)
 [0,0.00303633)
 [0,0.00303719)
 [0,0.00303854)
 [0,0.00304041)
 [0,0.00304143)
 [0,0.00304202)
 [0,0.00304285)
 [0,0.00304296)
 [0,0.00304342)
 [0,0.00304479)
 [0,0.00304571)
 [0,0.00304901)
 [0,0.00304961)
 [0,0.00305338)
 [0,0.00305489)
 [0,0.00305776)
 [0,0.00305918)
 [0,0.0030666)
 [0,0.00306957)
 [0,0.00306994)
 [0,0.00307023)
 [0,0.0030715)
 [0,0.00307234)
 [0,0.00307561)
 [0,0.00307915)
 [0,0.00308114)
 [0,0.00308414)
 [0,0.00308692)
 [0,0.00308873)
 [0,0.00308937)
 [0,0.00309249)
 [0,0.0030926)
 [0,0.00309265)
 [0,0.00309533)
 [0,0.00310092)
 [0,0.00310185)
 [0,0.00310556)
 [0,0.0031057)
 [0,0.00310613)
 [0,0.00310897)
 [0,0.00311097)
 [0,0.00311179)
 [0,0.00311417)
 [0,0.00311429)
 [0,0.003116)
 [0,0.00311971)
 [0,0.00312703)
 [0,0.00313295)
 [0,0.00313556)
 [0,0.00313646)
 [0,0.00314053)
 [0,0.00314152)
 [0,0.00314384)
 [0,0.00314506)
 [0,0.0031451)
 [0,0.00315617)
 [0,0.00315925)
 [0,0.00315965)
 [0,0.00316004)
 [0,0.00316088)
 [0,0.00316259)
 [0,0.0031637)
 [0,0.00316465)
 [0,0.00316503)
 [0,0.00316644)
 [0,0.00316755)
 [0,0.00316806)
 [0,0.00317131)
 [0,0.00317274)
 [0,0.00317908)
 [0,0.00318059)
 [0,0.00318561)
 [0,0.00318655)
 [0,0.003187)
 [0,0.00318774)
 [0,0.00318975)
 [0,0.00319034)
 [0,0.00319113)
 [0,0.00319174)
 [0,0.00319308)
 [0,0.00319462)
 [0,0.00319756)
 [0,0.00319913)
 [0,0.00320058)
 [0,0.00320276)
 [0,0.00320505)
 [0,0.00320547)
 [0,0.00320666)
 [0,0.00320747)
 [0,0.00320879)
 [0,0.00320906)
 [0,0.00320906)
 [0,0.00321129)
 [0,0.00321587)
 [0,0.00321702)
 [0,0.00322106)
 [0,0.00322613)
 [0,0.00322648)
 [0,0.00322894)
 [0,0.0032293)
 [0,0.00323248)
 [0,0.00323282)
 [0,0.00323396)
 [0,0.00323431)
 [0,0.00323442)
 [0,0.00323456)
 [0,0.00323771)
 [0,0.00323789)
 [0,0.00324074)
 [0,0.00324216)
 [0,0.00324409)
 [0,0.00324625)
 [0,0.00324665)
 [0,0.00324849)
 [0,0.00326309)
 [0,0.00326535)
 [0,0.00326814)
 [0,0.00326858)
 [0,0.00326868)
 [0,0.00327003)
 [0,0.00327062)
 [0,0.00327229)
 [0,0.00327575)
 [0,0.00327623)
 [0,0.00327897)
 [0,0.00328218)
 [0,0.00328249)
 [0,0.00328383)
 [0,0.00328747)
 [0,0.00328846)
 [0,0.00329113)
 [0,0.00329269)
 [0,0.00329357)
 [0,0.00329581)
 [0,0.0032999)
 [0,0.00330117)
 [0,0.00330398)
 [0,0.00330791)
 [0,0.00330877)
 [0,0.00330885)
 [0,0.00330969)
 [0,0.00331953)
 [0,0.0033196)
 [0,0.00332213)
 [0,0.00332324)
 [0,0.00332435)
 [0,0.0033251)
 [0,0.00332889)
 [0,0.00332972)
 [0,0.00333047)
 [0,0.00333104)
 [0,0.00333155)
 [0,0.00333367)
 [0,0.00333527)
 [0,0.00333563)
 [0,0.00334029)
 [0,0.00334344)
 [0,0.00334428)
 [0,0.00334474)
 [0,0.00334785)
 [0,0.00334798)
 [0,0.00334854)
 [0,0.00335096)
 [0,0.0033519)
 [0,0.00335209)
 [0,0.00335379)
 [0,0.00335395)
 [0,0.00335557)
 [0,0.00335957)
 [0,0.00336185)
 [0,0.00336303)
 [0,0.00336398)
 [0,0.00336512)
 [0,0.00336543)
 [0,0.00336885)
 [0,0.00337107)
 [0,0.00337153)
 [0,0.00337406)
 [0,0.00337829)
 [0,0.00337882)
 [0,0.0033789)
 [0,0.00338333)
 [0,0.00338701)
 [0,0.00338725)
 [0,0.00339048)
 [0,0.00339063)
 [0,0.00339221)
 [0,0.00339375)
 [0,0.00339513)
 [0,0.0033998)
 [0,0.00340011)
 [0,0.00340058)
 [0,0.00340094)
 [0,0.00340138)
 [0,0.00340397)
 [0,0.00340443)
 [0,0.00340453)
 [0,0.00340454)
 [0,0.00340931)
 [0,0.00341043)
 [0,0.00341155)
 [0,0.00341252)
 [0,0.0034138)
 [0,0.00341485)
 [0,0.00341603)
 [0,0.0034176)
 [0,0.00341917)
 [0,0.00342011)
 [0,0.0034213)
 [0,0.00342738)
 [0,0.00342796)
 [0,0.003428)
 [0,0.0034285)
 [0,0.00343013)
 [0,0.0034308)
 [0,0.00343081)
 [0,0.00343236)
 [0,0.00343851)
 [0,0.00344745)
 [0,0.00344941)
 [0,0.00345324)
 [0,0.00345584)
 [0,0.00345709)
 [0,0.00345724)
 [0,0.00345736)
 [0,0.0034585)
 [0,0.00345954)
 [0,0.00345997)
 [0,0.00346069)
 [0,0.00346439)
 [0,0.00346592)
 [0,0.00346865)
 [0,0.0034723)
 [0,0.00347516)
 [0,0.00347701)
 [0,0.0034779)
 [0,0.0034804)
 [0,0.00348373)
 [0,0.0034873)
 [0,0.00349297)
 [0,0.00349558)
 [0,0.00349777)
 [0,0.00349863)
 [0,0.00349869)
 [0,0.00350052)
 [0,0.0035023)
 [0,0.00350419)
 [0,0.00350423)
 [0,0.00350478)
 [0,0.00350644)
 [0,0.00350701)
 [0,0.00350715)
 [0,0.00350754)
 [0,0.00350889)
 [0,0.00351056)
 [0,0.00351216)
 [0,0.00351216)
 [0,0.00351414)
 [0,0.00351501)
 [0,0.00351531)
 [0,0.00351531)
 [0,0.00351587)
 [0,0.00351638)
 [0,0.00351902)
 [0,0.00351924)
 [0,0.00352315)
 [0,0.0035244)
 [0,0.00352635)
 [0,0.00352725)
 [0,0.00353045)
 [0,0.00353074)
 [0,0.00353131)
 [0,0.00353172)
 [0,0.00353435)
 [0,0.00353813)
 [0,0.00354072)
 [0,0.00354635)
 [0,0.00354767)
 [0,0.00354823)
 [0,0.00355186)
 [0,0.00355302)
 [0,0.00355409)
 [0,0.00355425)
 [0,0.00355725)
 [0,0.00355919)
 [0,0.00356015)
 [0,0.00356108)
 [0,0.00356142)
 [0,0.00356277)
 [0,0.00356292)
 [0,0.00356395)
 [0,0.00356456)
 [0,0.00357285)
 [0,0.00357585)
 [0,0.00357875)
 [0,0.00357902)
 [0,0.0035807)
 [0,0.00358384)
 [0,0.00358405)
 [0,0.00358551)
 [0,0.00358649)
 [0,0.00358654)
 [0,0.00358737)
 [0,0.00359368)
 [0,0.00359833)
 [0,0.00359984)
 [0,0.00360336)
 [0,0.00360493)
 [0,0.00360635)
 [0,0.00361132)
 [0,0.00361438)
 [0,0.00361523)
 [0,0.0036164)
 [0,0.00361815)
 [0,0.00361895)
 [0,0.00361969)
 [0,0.00361982)
 [0,0.00362043)
 [0,0.00362046)
 [0,0.00362241)
 [0,0.00362987)
 [0,0.00362997)
 [0,0.00363255)
 [0,0.00363309)
 [0,0.00363333)
 [0,0.00363471)
 [0,0.00363509)
 [0,0.00363674)
 [0,0.0036373)
 [0,0.00363804)
 [0,0.00363917)
 [0,0.00364106)
 [0,0.00364212)
 [0,0.00364417)
 [0,0.00364566)
 [0,0.00364664)
 [0,0.00364839)
 [0,0.00365282)
 [0,0.00365332)
 [0,0.00365398)
 [0,0.00365679)
 [0,0.00366225)
 [0,0.00366231)
 [0,0.00366383)
 [0,0.00366402)
 [0,0.00366623)
 [0,0.00366668)
 [0,0.00366868)
 [0,0.00366897)
 [0,0.00367056)
 [0,0.00367491)
 [0,0.00367928)
 [0,0.00367947)
 [0,0.00368055)
 [0,0.00368189)
 [0,0.00368415)
 [0,0.00368715)
 [0,0.00368786)
 [0,0.00368869)
 [0,0.00368993)
 [0,0.00369198)
 [0,0.00369205)
 [0,0.00369226)
 [0,0.00369265)
 [0,0.00369341)
 [0,0.00369343)
 [0,0.00369806)
 [0,0.00369912)
 [0,0.00370258)
 [0,0.00371234)
 [0,0.003713)
 [0,0.00371303)
 [0,0.00371374)
 [0,0.00371907)
 [0,0.00372054)
 [0,0.0037249)
 [0,0.00372706)
 [0,0.00372863)
 [0,0.00373071)
 [0,0.00373074)
 [0,0.0037318)
 [0,0.00373283)
 [0,0.00373317)
 [0,0.00373641)
 [0,0.00374232)
 [0,0.00374413)
 [0,0.00374504)
 [0,0.00374652)
 [0,0.00374794)
 [0,0.0037498)
 [0,0.0037536)
 [0,0.00375451)
 [0,0.00375514)
 [0,0.00375855)
 [0,0.00375862)
 [0,0.00375978)
 [0,0.00376266)
 [0,0.00376316)
 [0,0.00376653)
 [0,0.00376759)
 [0,0.00377032)
 [0,0.00377218)
 [0,0.00377283)
 [0,0.00378025)
 [0,0.00378143)
 [0,0.00378183)
 [0,0.00378266)
 [0,0.00378457)
 [0,0.00378709)
 [0,0.00378871)
 [0,0.00378917)
 [0,0.00378931)
 [0,0.0037931)
 [0,0.00379317)
 [0,0.00379405)
 [0,0.00380524)
 [0,0.00380575)
 [0,0.00380799)
 [0,0.00380942)
 [0,0.00380954)
 [0,0.00381017)
 [0,0.00381083)
 [0,0.00381318)
 [0,0.00381364)
 [0,0.0038222)
 [0,0.00382241)
 [0,0.0038229)
 [0,0.00382546)
 [0,0.00382695)
 [0,0.00382775)
 [0,0.00382831)
 [0,0.00382957)
 [0,0.00383033)
 [0,0.00383093)
 [0,0.00383259)
 [0,0.00383349)
 [0,0.00383576)
 [0,0.00383628)
 [0,0.00383756)
 [0,0.00383893)
 [0,0.00384248)
 [0,0.00384249)
 [0,0.0038439)
 [0,0.00384405)
 [0,0.00384469)
 [0,0.00384528)
 [0,0.00384768)
 [0,0.00384888)
 [0,0.00384947)
 [0,0.00385463)
 [0,0.00385736)
 [0,0.00385741)
 [0,0.0038596)
 [0,0.0038669)
 [0,0.00386746)
 [0,0.0038739)
 [0,0.00387767)
 [0,0.00387983)
 [0,0.00388038)
 [0,0.00388041)
 [0,0.00388923)
 [0,0.00388927)
 [0,0.00389091)
 [0,0.00389288)
 [0,0.00389746)
 [0,0.00389781)
 [0,0.00389799)
 [0,0.00390567)
 [0,0.00390673)
 [0,0.00390823)
 [0,0.00391059)
 [0,0.0039154)
 [0,0.00391621)
 [0,0.00391982)
 [0,0.00392)
 [0,0.00392036)
 [0,0.00392269)
 [0,0.00392338)
 [0,0.00392403)
 [0,0.0039272)
 [0,0.00393061)
 [0,0.00393069)
 [0,0.00393117)
 [0,0.00393144)
 [0,0.00393285)
 [0,0.00393375)
 [0,0.00393519)
 [0,0.0039448)
 [0,0.00394526)
 [0,0.00394602)
 [0,0.00394614)
 [0,0.00394735)
 [0,0.00395057)
 [0,0.00395121)
 [0,0.00395219)
 [0,0.00395385)
 [0,0.0039541)
 [0,0.00395825)
 [0,0.00395902)
 [0,0.00395914)
 [0,0.00396683)
 [0,0.0039674)
 [0,0.00398224)
 [0,0.00398269)
 [0,0.00398328)
 [0,0.00398604)
 [0,0.00398631)
 [0,0.00398941)
 [0,0.00398947)
 [0,0.00399474)
 [0,0.00399652)
 [0,0.0040032)
 [0,0.00400325)
 [0,0.00400344)
 [0,0.00400653)
 [0,0.00400796)
 [0,0.00401692)
 [0,0.00401891)
 [0,0.00402059)
 [0,0.00402689)
 [0,0.00402755)
 [0,0.00403055)
 [0,0.00403733)
 [0,0.00403989)
 [0,0.00404134)
 [0,0.0040433)
 [0,0.00404359)
 [0,0.00404366)
 [0,0.00405381)
 [0,0.00405416)
 [0,0.00405421)
 [0,0.0040551)
 [0,0.00405697)
 [0,0.00405698)
 [0,0.00405786)
 [0,0.00406136)
 [0,0.00407014)
 [0,0.00407027)
 [0,0.00407054)
 [0,0.00407129)
 [0,0.00407448)
 [0,0.00407518)
 [0,0.00407556)
 [0,0.00408091)
 [0,0.00408096)
 [0,0.00408127)
 [0,0.00408449)
 [0,0.00408538)
 [0,0.00408905)
 [0,0.00409076)
 [0,0.00409597)
 [0,0.00409785)
 [0,0.00410478)
 [0,0.00411215)
 [0,0.00411584)
 [0,0.00411816)
 [0,0.00411925)
 [0,0.00412166)
 [0,0.00412419)
 [0,0.0041251)
 [0,0.00412798)
 [0,0.00413396)
 [0,0.00413583)
 [0,0.00413703)
 [0,0.00413896)
 [0,0.00413896)
 [0,0.00414071)
 [0,0.00414111)
 [0,0.00414658)
 [0,0.00414852)
 [0,0.0041496)
 [0,0.00414976)
 [0,0.00415523)
 [0,0.00415592)
 [0,0.00415661)
 [0,0.00416084)
 [0,0.0041618)
 [0,0.00417134)
 [0,0.00417217)
 [0,0.00417464)
 [0,0.00417715)
 [0,0.00417775)
 [0,0.00418044)
 [0,0.00418238)
 [0,0.00418365)
 [0,0.00418521)
 [0,0.00418716)
 [0,0.00418951)
 [0,0.0041897)
 [0,0.00419076)
 [0,0.00419283)
 [0,0.00419465)
 [0,0.00419564)
 [0,0.00419718)
 [0,0.00419854)
 [0,0.00420115)
 [0,0.00420243)
 [0,0.00420953)
 [0,0.00421454)
 [0,0.00422266)
 [0,0.00422489)
 [0,0.00422509)
 [0,0.00423315)
 [0,0.00423365)
 [0,0.00423371)
 [0,0.00423583)
 [0,0.00423584)
 [0,0.00423945)
 [0,0.0042406)
 [0,0.0042433)
 [0,0.0042464)
 [0,0.00424694)
 [0,0.00425047)
 [0,0.00425762)
 [0,0.0042579)
 [0,0.00426234)
 [0,0.00426427)
 [0,0.00426641)
 [0,0.00427349)
 [0,0.00427853)
 [0,0.00427925)
 [0,0.00427942)
 [0,0.00428018)
 [0,0.00428095)
 [0,0.00428245)
 [0,0.00428591)
 [0,0.00428696)
 [0,0.0042876)
 [0,0.00429141)
 [0,0.00429235)
 [0,0.00429357)
 [0,0.0043)
 [0,0.00430154)
 [0,0.00430334)
 [0,0.00430533)
 [0,0.00430541)
 [0,0.00430874)
 [0,0.00431025)
 [0,0.0043127)
 [0,0.00431715)
 [0,0.00431925)
 [0,0.00432039)
 [0,0.00432935)
 [0,0.0043341)
 [0,0.00433838)
 [0,0.00434159)
 [0,0.00434177)
 [0,0.00434199)
 [0,0.00434646)
 [0,0.00435068)
 [0,0.00435433)
 [0,0.0043557)
 [0,0.00435841)
 [0,0.00435844)
 [0,0.00435911)
 [0,0.00436334)
 [0,0.00436657)
 [0,0.00436867)
 [0,0.0043689)
 [0,0.00437141)
 [0,0.0043715)
 [0,0.00437329)
 [0,0.00437433)
 [0,0.00437552)
 [0,0.00437639)
 [0,0.00437796)
 [0,0.00438023)
 [0,0.00438509)
 [0,0.00438586)
 [0,0.00438586)
 [0,0.00438933)
 [0,0.00439273)
 [0,0.00439281)
 [0,0.00439894)
 [0,0.00439967)
 [0,0.00440439)
 [0,0.00440592)
 [0,0.0044085)
 [0,0.00440871)
 [0,0.0044133)
 [0,0.00441574)
 [0,0.00441604)
 [0,0.00442122)
 [0,0.00442487)
 [0,0.00442604)
 [0,0.00442842)
 [0,0.00442847)
 [0,0.00443361)
 [0,0.00444217)
 [0,0.00444244)
 [0,0.00444332)
 [0,0.00444648)
 [0,0.00445016)
 [0,0.00445436)
 [0,0.004455)
 [0,0.0044566)
 [0,0.00445772)
 [0,0.00445952)
 [0,0.00446027)
 [0,0.00446829)
 [0,0.00446977)
 [0,0.00447016)
 [0,0.00447131)
 [0,0.0044719)
 [0,0.00447272)
 [0,0.00447419)
 [0,0.00447511)
 [0,0.00447538)
 [0,0.00447721)
 [0,0.00447724)
 [0,0.00448096)
 [0,0.0044827)
 [0,0.0044829)
 [0,0.00448523)
 [0,0.00448539)
 [0,0.00448658)
 [0,0.00448831)
 [0,0.00449062)
 [0,0.00449713)
 [0,0.00449723)
 [0,0.00449823)
 [0,0.00450165)
 [0,0.00451433)
 [0,0.00451844)
 [0,0.00451906)
 [0,0.00452315)
 [0,0.00452517)
 [0,0.00452586)
 [0,0.00452689)
 [0,0.00452793)
 [0,0.00453081)
 [0,0.00453118)
 [0,0.00453222)
 [0,0.00453377)
 [0,0.00453855)
 [0,0.00453896)
 [0,0.00453921)
 [0,0.00454144)
 [0,0.00454572)
 [0,0.00455046)
 [0,0.0045529)
 [0,0.00455512)
 [0,0.00455606)
 [0,0.00455638)
 [0,0.00456009)
 [0,0.00456283)
 [0,0.00456321)
 [0,0.00456452)
 [0,0.00456596)
 [0,0.0045714)
 [0,0.00457144)
 [0,0.00457261)
 [0,0.00457373)
 [0,0.00457627)
 [0,0.00457685)
 [0,0.0045781)
 [0,0.00457908)
 [0,0.00458115)
 [0,0.00458512)
 [0,0.00458782)
 [0,0.00458926)
 [0,0.00459262)
 [0,0.00459797)
 [0,0.0045997)
 [0,0.00460509)
 [0,0.00460742)
 [0,0.00460967)
 [0,0.00461184)
 [0,0.00461254)
 [0,0.00461262)
 [0,0.00461706)
 [0,0.00461727)
 [0,0.00462105)
 [0,0.00462196)
 [0,0.00462256)
 [0,0.00462506)
 [0,0.00462661)
 [0,0.00462776)
 [0,0.00462779)
 [0,0.00462797)
 [0,0.00462835)
 [0,0.00462873)
 [0,0.00462954)
 [0,0.00463196)
 [0,0.00463452)
 [0,0.0046359)
 [0,0.00463643)
 [0,0.00464182)
 [0,0.00464663)
 [0,0.00464849)
 [0,0.00466018)
 [0,0.00466136)
 [0,0.00466436)
 [0,0.0046701)
 [0,0.00467161)
 [0,0.00467296)
 [0,0.00467377)
 [0,0.00468208)
 [0,0.00468511)
 [0,0.00468832)
 [0,0.00470113)
 [0,0.00470344)
 [0,0.0047035)
 [0,0.00470493)
 [0,0.00470969)
 [0,0.00471364)
 [0,0.00471579)
 [0,0.00471785)
 [0,0.00472082)
 [0,0.00472566)
 [0,0.00472572)
 [0,0.0047281)
 [0,0.00473303)
 [0,0.00474593)
 [0,0.0047496)
 [0,0.00475008)
 [0,0.0047501)
 [0,0.00475106)
 [0,0.00475296)
 [0,0.00475614)
 [0,0.00475815)
 [0,0.00476028)
 [0,0.00476202)
 [0,0.00477316)
 [0,0.00477329)
 [0,0.00477847)
 [0,0.00478932)
 [0,0.00479078)
 [0,0.00479253)
 [0,0.00479396)
 [0,0.00481319)
 [0,0.00481824)
 [0,0.00482127)
 [0,0.00482834)
 [0,0.00483132)
 [0,0.00483143)
 [0,0.00483183)
 [0,0.00484287)
 [0,0.00484666)
 [0,0.00484802)
 [0,0.00484926)
 [0,0.00485055)
 [0,0.00485157)
 [0,0.00485627)
 [0,0.00485872)
 [0,0.00485998)
 [0,0.00486643)
 [0,0.00486876)
 [0,0.00487403)
 [0,0.00488627)
 [0,0.00489113)
 [0,0.00489265)
 [0,0.00489353)
 [0,0.00490447)
 [0,0.00490897)
 [0,0.00490981)
 [0,0.00491097)
 [0,0.00492045)
 [0,0.00492544)
 [0,0.00492893)
 [0,0.00493367)
 [0,0.00493465)
 [0,0.00493537)
 [0,0.0049396)
 [0,0.00495542)
 [0,0.00496045)
 [0,0.00496419)
 [0,0.0049685)
 [0,0.00497422)
 [0,0.00497491)
 [0,0.00497768)
 [0,0.00498149)
 [0,0.00498401)
 [0,0.0049892)
 [0,0.00499227)
 [0,0.00499369)
 [0,0.00499505)
 [0,0.00499842)
 [0,0.00500351)
 [0,0.00500454)
 [0,0.00500527)
 [0,0.00500621)
 [0,0.00502091)
 [0,0.00502133)
 [0,0.00502475)
 [0,0.00502814)
 [0,0.00502938)
 [0,0.00503051)
 [0,0.00503061)
 [0,0.00503464)
 [0,0.00503813)
 [0,0.00503916)
 [0,0.00503958)
 [0,0.00504145)
 [0,0.00504162)
 [0,0.00504163)
 [0,0.00505172)
 [0,0.00505884)
 [0,0.00506225)
 [0,0.00507479)
 [0,0.00507508)
 [0,0.00507632)
 [0,0.0050808)
 [0,0.00508303)
 [0,0.00508319)
 [0,0.00509213)
 [0,0.00509472)
 [0,0.00509741)
 [0,0.00509902)
 [0,0.00510064)
 [0,0.00510139)
 [0,0.00510971)
 [0,0.005113)
 [0,0.00511393)
 [0,0.00511432)
 [0,0.00511599)
 [0,0.00511945)
 [0,0.00512279)
 [0,0.00513042)
 [0,0.00514258)
 [0,0.00515208)
 [0,0.00515693)
 [0,0.00515916)
 [0,0.00515921)
 [0,0.00516157)
 [0,0.00516518)
 [0,0.00516593)
 [0,0.00517027)
 [0,0.00517196)
 [0,0.00517311)
 [0,0.00517577)
 [0,0.00518162)
 [0,0.00518289)
 [0,0.00518542)
 [0,0.00518875)
 [0,0.00519016)
 [0,0.00519498)
 [0,0.0051967)
 [0,0.00519866)
 [0,0.00521339)
 [0,0.00521606)
 [0,0.00522133)
 [0,0.00522274)
 [0,0.00522428)
 [0,0.00522465)
 [0,0.00522603)
 [0,0.00523198)
 [0,0.0052337)
 [0,0.00523386)
 [0,0.00523494)
 [0,0.00524276)
 [0,0.00525058)
 [0,0.00525262)
 [0,0.00525421)
 [0,0.00525874)
 [0,0.00525904)
 [0,0.00525923)
 [0,0.00526247)
 [0,0.0052733)
 [0,0.00527628)
 [0,0.00528425)
 [0,0.00528437)
 [0,0.00528657)
 [0,0.00528666)
 [0,0.0052871)
 [0,0.00528901)
 [0,0.00529625)
 [0,0.00530158)
 [0,0.00530612)
 [0,0.0053086)
 [0,0.00530876)
 [0,0.00530965)
 [0,0.00531502)
 [0,0.00532332)
 [0,0.00533008)
 [0,0.00533509)
 [0,0.0053377)
 [0,0.00534306)
 [0,0.00534365)
 [0,0.00534856)
 [0,0.00535371)
 [0,0.00535765)
 [0,0.0053594)
 [0,0.00535964)
 [0,0.00536233)
 [0,0.00536996)
 [0,0.0053752)
 [0,0.00538292)
 [0,0.00538304)
 [0,0.00538395)
 [0,0.00538404)
 [0,0.00538734)
 [0,0.00538756)
 [0,0.00539155)
 [0,0.00539993)
 [0,0.00540353)
 [0,0.00540893)
 [0,0.00541393)
 [0,0.00541547)
 [0,0.00541748)
 [0,0.00542357)
 [0,0.00542363)
 [0,0.00543228)
 [0,0.005446)
 [0,0.00545039)
 [0,0.00546065)
 [0,0.00547193)
 [0,0.00547523)
 [0,0.00547623)
 [0,0.0054784)
 [0,0.00548864)
 [0,0.00548888)
 [0,0.00548908)
 [0,0.0054908)
 [0,0.00549661)
 [0,0.00550484)
 [0,0.00550921)
 [0,0.00551198)
 [0,0.00551661)
 [0,0.00552412)
 [0,0.00552428)
 [0,0.00552444)
 [0,0.00552691)
 [0,0.00553575)
 [0,0.00554165)
 [0,0.00554271)
 [0,0.00554513)
 [0,0.00555295)
 [0,0.00555539)
 [0,0.0055595)
 [0,0.00556218)
 [0,0.00557083)
 [0,0.00557331)
 [0,0.0055757)
 [0,0.00557796)
 [0,0.00557831)
 [0,0.00558121)
 [0,0.00559975)
 [0,0.00560452)
 [0,0.00561026)
 [0,0.0056125)
 [0,0.00561734)
 [0,0.00562224)
 [0,0.0056245)
 [0,0.00562976)
 [0,0.00563132)
 [0,0.00563212)
 [0,0.00563895)
 [0,0.00564534)
 [0,0.00564899)
 [0,0.00565304)
 [0,0.00565907)
 [0,0.00566405)
 [0,0.00567604)
 [0,0.00567891)
 [0,0.00568385)
 [0,0.00568896)
 [0,0.00569744)
 [0,0.00571584)
 [0,0.00572221)
 [0,0.00572321)
 [0,0.00572357)
 [0,0.00572966)
 [0,0.00574774)
 [0,0.00575405)
 [0,0.00575788)
 [0,0.00576763)
 [0,0.00576783)
 [0,0.00577693)
 [0,0.00578714)
 [0,0.00578952)
 [0,0.00580506)
 [0,0.00580569)
 [0,0.00581357)
 [0,0.00582825)
 [0,0.00583217)
 [0,0.00584134)
 [0,0.005855)
 [0,0.00585707)
 [0,0.00585883)
 [0,0.00585885)
 [0,0.00586869)
 [0,0.00587045)
 [0,0.00587885)
 [0,0.00587971)
 [0,0.00591924)
 [0,0.00592134)
 [0,0.00592445)
 [0,0.00592759)
 [0,0.00592828)
 [0,0.00593714)
 [0,0.00593753)
 [0,0.00593892)
 [0,0.0059393)
 [0,0.0059529)
 [0,0.00595781)
 [0,0.00596094)
 [0,0.00596404)
 [0,0.00598146)
 [0,0.00598277)
 [0,0.00599237)
 [0,0.00599296)
 [0,0.00599581)
 [0,0.00600318)
 [0,0.00602254)
 [0,0.00602267)
 [0,0.00602507)
 [0,0.00604889)
 [0,0.00605481)
 [0,0.00605576)
 [0,0.00605643)
 [0,0.00605753)
 [0,0.00607036)
 [0,0.00607133)
 [0,0.00607164)
 [0,0.00608354)
 [0,0.00608686)
 [0,0.00608961)
 [0,0.00610724)
 [0,0.00612298)
 [0,0.00613986)
 [0,0.00614467)
 [0,0.00614569)
 [0,0.00614588)
 [0,0.00614825)
 [0,0.00615017)
 [0,0.00615397)
 [0,0.0061554)
 [0,0.00615922)
 [0,0.00616028)
 [0,0.00616174)
 [0,0.00616276)
 [0,0.00616361)
 [0,0.00616524)
 [0,0.00617105)
 [0,0.00618736)
 [0,0.00619313)
 [0,0.00619831)
 [0,0.00620338)
 [0,0.00620409)
 [0,0.0062087)
 [0,0.00624044)
 [0,0.00624068)
 [0,0.00624334)
 [0,0.00624851)
 [0,0.00625311)
 [0,0.00625356)
 [0,0.006269)
 [0,0.00627046)
 [0,0.00627837)
 [0,0.00628987)
 [0,0.00629495)
 [0,0.00630927)
 [0,0.00631607)
 [0,0.00632129)
 [0,0.00635418)
 [0,0.00636034)
 [0,0.00636182)
 [0,0.00637643)
 [0,0.00637695)
 [0,0.00639227)
 [0,0.0063973)
 [0,0.00640818)
 [0,0.00641211)
 [0,0.0064139)
 [0,0.0064298)
 [0,0.0064299)
 [0,0.00643368)
 [0,0.00643384)
 [0,0.00645768)
 [0,0.00646066)
 [0,0.00646565)
 [0,0.00647573)
 [0,0.00648539)
 [0,0.00648793)
 [0,0.0064883)
 [0,0.00649643)
 [0,0.00650987)
 [0,0.00651803)
 [0,0.00652324)
 [0,0.00653195)
 [0,0.00653741)
 [0,0.00654961)
 [0,0.00655937)
 [0,0.0065681)
 [0,0.00657382)
 [0,0.0065834)
 [0,0.00658471)
 [0,0.00659252)
 [0,0.00659962)
 [0,0.00660129)
 [0,0.00660849)
 [0,0.00661324)
 [0,0.0066158)
 [0,0.00661649)
 [0,0.00661712)
 [0,0.00665282)
 [0,0.00665324)
 [0,0.00667848)
 [0,0.00668359)
 [0,0.00668597)
 [0,0.0067013)
 [0,0.0067063)
 [0,0.00671437)
 [0,0.0067486)
 [0,0.00675908)
 [0,0.00676156)
 [0,0.00676245)
 [0,0.00676618)
 [0,0.00676785)
 [0,0.00677433)
 [0,0.00677666)
 [0,0.00678566)
 [0,0.00678655)
 [0,0.0068115)
 [0,0.00681909)
 [0,0.00681959)
 [0,0.00682915)
 [0,0.00683141)
 [0,0.00683725)
 [0,0.00683808)
 [0,0.00684642)
 [0,0.00684674)
 [0,0.00684793)
 [0,0.00686335)
 [0,0.0068788)
 [0,0.00689992)
 [0,0.006913)
 [0,0.00691943)
 [0,0.00691961)
 [0,0.00693073)
 [0,0.00694639)
 [0,0.0069464)
 [0,0.00697604)
 [0,0.0070107)
 [0,0.00701319)
 [0,0.00701476)
 [0,0.00701487)
 [0,0.0070205)
 [0,0.00702489)
 [0,0.00703915)
 [0,0.00704193)
 [0,0.0070491)
 [0,0.00706637)
 [0,0.00706653)
 [0,0.007072)
 [0,0.00707975)
 [0,0.00709768)
 [0,0.00711729)
 [0,0.00713986)
 [0,0.00714148)
 [0,0.00715382)
 [0,0.00715754)
 [0,0.00717442)
 [0,0.00718906)
 [0,0.00719555)
 [0,0.00720255)
 [0,0.00721719)
 [0,0.00721759)
 [0,0.00725834)
 [0,0.00726213)
 [0,0.00728737)
 [0,0.00730672)
 [0,0.00731479)
 [0,0.0073227)
 [0,0.00732992)
 [0,0.00733067)
 [0,0.00735358)
 [0,0.00737541)
 [0,0.00739054)
 [0,0.00740754)
 [0,0.00742209)
 [0,0.00745437)
 [0,0.00749721)
 [0,0.00750115)
 [0,0.00750844)
 [0,0.00750895)
 [0,0.00756287)
 [0,0.00757408)
 [0,0.00758016)
 [0,0.00758652)
 [0,0.00759107)
 [0,0.00759167)
 [0,0.00761431)
 [0,0.00761914)
 [0,0.0076243)
 [0,0.00763303)
 [0,0.00763698)
 [0,0.00764726)
 [0,0.00766365)
 [0,0.00768518)
 [0,0.00770689)
 [0,0.00771344)
 [0,0.00776478)
 [0,0.0077728)
 [0,0.00778329)
 [0,0.00779985)
 [0,0.00782934)
 [0,0.00783182)
 [0,0.00784914)
 [0,0.00788069)
 [0,0.00793585)
 [0,0.0079363)
 [0,0.00796541)
 [0,0.00798484)
 [0,0.00801291)
 [0,0.00810336)
 [0,0.00811779)
 [0,0.00813954)
 [0,0.00814771)
 [0,0.00814849)
 [0,0.00815077)
 [0,0.00819122)
 [0,0.00820855)
 [0,0.00822231)
 [0,0.00824921)
 [0,0.00829586)
 [0,0.00829606)
 [0,0.0083465)
 [0,0.00836673)
 [0,0.00841793)
 [0,0.00842583)
 [0,0.00844934)
 [0,0.008451)
 [0,0.00845542)
 [0,0.0084641)
 [0,0.00847406)
 [0,0.0085154)
 [0,0.00852029)
 [0,0.00855689)
 [0,0.00859539)
 [0,0.00860397)
 [0,0.00868337)
 [0,0.00869939)
 [0,0.00874481)
 [0,0.00874907)
 [0,0.00876623)
 [0,0.00879311)
 [0,0.00880594)
 [0,0.008846)
 [0,0.00889246)
 [0,0.00890689)
 [0,0.00891855)
 [0,0.00895132)
 [0,0.00895173)
 [0,0.00896944)
 [0,0.00899348)
 [0,0.0090189)
 [0,0.0090661)
 [0,0.00908307)
 [0,0.0091228)
 [0,0.00914969)
 [0,0.00918173)
 [0,0.00918981)
 [0,0.00922572)
 [0,0.00922831)
 [0,0.00924865)
 [0,0.00927144)
 [0,0.00927407)
 [0,0.00930867)
 [0,0.00931748)
 [0,0.00940258)
 [0,0.0094068)
 [0,0.0094069)
 [0,0.00945323)
 [0,0.00945448)
 [0,0.00946366)
 [0,0.00950351)
 [0,0.00951101)
 [0,0.00952313)
 [0,0.00954277)
 [0,0.00955735)
 [0,0.00956035)
 [0,0.00959446)
 [0,0.00963542)
 [0,0.00966022)
 [0,0.00967065)
 [0,0.00974426)
 [0,0.00979441)
 [0,0.00983213)
 [0,0.00989826)
 [0,0.00992225)
 [0,0.00995828)
 [0,0.00997474)
 [0,0.00997714)
 [0,0.0100277)
 [0,0.010084)
 [0,0.0100974)
 [0,0.0101014)
 [0,0.0101314)
 [0,0.0101362)
 [0,0.0101702)
 [0,0.0101819)
 [0,0.0101852)
 [0,0.010245)
 [0,0.0103371)
 [0,0.0103593)
 [0,0.0104647)
 [0,0.010475)
 [0,0.0105182)
 [0,0.0105482)
 [0,0.0105652)
 [0,0.010574)
 [0,0.0106055)
 [0,0.01061)
 [0,0.0106233)
 [0,0.0106318)
 [0,0.0106387)
 [0,0.0106908)
 [0,0.0107163)
 [0,0.010721)
 [0,0.0107238)
 [0,0.0107441)
 [0,0.0107729)
 [0,0.0108168)
 [0,0.0109353)
 [0,0.0110188)
 [0,0.011065)
 [0,0.0111654)
 [0,0.0112295)
 [0,0.0112299)
 [0,0.0113378)
 [0,0.0113879)
 [0,0.011439)
 [0,0.0114637)
 [0,0.0116851)
 [0,0.0116913)
 [0,0.0119335)
 [0,0.0120188)
 [0,0.0120602)
 [0,0.0121265)
 [0,0.0122484)
 [0,0.0122708)
 [0,0.0123227)
 [0,0.0124664)
 [0,0.0124869)
 [0,0.0127065)
 [0,0.0128059)
 [0,0.0128126)
 [0,0.0128338)
 [0,0.0128405)
 [0,0.012915)
 [0,0.0129174)
 [0,0.0129368)
 [0,0.0129499)
 [0,0.0130386)
 [0,0.0130626)
 [0,0.013134)
 [0,0.0133194)
 [0,0.013498)
 [0,0.013594)
 [0,0.013917)
 [0,0.0140191)
 [0,0.0140723)
 [0,0.0140857)
 [0,0.0141522)
 [0,0.0141582)
 [0,0.0141804)
 [0,0.0142461)
 [0,0.0143378)
 [0,0.0144122)
 [0,0.0144405)
 [0,0.0145237)
 [0,0.014537)
 [0,0.014875)
 [0,0.0149756)
 [0,0.0153145)
 [0,0.0154119)
 [0,0.0157563)
 [0,0.0157679)
 [0,0.015771)
 [0,0.015811)
 [0,0.0162435)
 [0,0.0163024)
 [0,0.0165133)
 [0,0.0165657)
 [0,0.0166027)
 [0,0.0166457)
 [0,0.0168631)
 [0,0.0169048)
 [0,0.0169101)
 [0,0.0173315)
 [0,0.0175478)
 [0,0.017683)
 [0,0.0177384)
 [0,0.0177737)
 [0,0.0178331)
 [0,0.0184047)
 [0,0.0185401)
 [0,0.018773)
 [0,0.0190707)
 [0,0.0192664)
 [0,0.0195605)
 [0,0.0199706)
 [0,0.0201618)
 [0,0.020625)
 [0,0.0212861)
 [0,0.0229306)
 [0,0.0229567)
 [0,0.0238015)
 [0,0.0248529)
 [0,0.0261456)
 [0,0.0267958)
 [0,0.0271995)
 [0,0.0278415)
 [0,0.0296459)
 [0,0.0299097)
 [0,0.0302109)
 [0,0.032636)
 [0,0.032774)
 [0,0.0329894)
 [0,0.0339093)
 [0,0.0347957)
 [0,0.0382472)
 [0,0.040295)
 [0,0.0789616)
 [0,0.182947)
 [0,0.189758)
 [0, )
