point cloud with 5685 points in dimension 2
value range: [0,0.84836]
distance matrix with 5685 points, using threshold at enclosing radius 0.42579
persistence intervals in dim 0:
 [0,8.34465e-07)
 [0,8.34465e-07)
 [0,8.34465e-07)
 [0,8.34465e-07)
 [0,8.34465e-07)
 [0,8.34465e-07)
 [0,8.34465e-07)
 [0,8.34465e-07)
 [0,8.9407e-07)
 [0,8.9407e-07)
 [0,8.9407e-07)
 [0,8.9407e-07)
 [0,8.9407e-07)
 [0,9.53674e-07)
 [0,9.53674e-07)
 [0,9.53674e-07)
 [0,1.01328e-06)
 [0,1.01328e-06)
 [0,1.2219e-06)
 [0,1.66893e-06)
 [0,1.66893e-06)
 [0,1.66893e-06)
 [0,1.72853e-06)
 [0,1.72853e-06)
 [0,1.72853e-06)
 [0,1.78814e-06)
 [0,1.78814e-06)
 [0,1.78814e-06)
 [0,1.84774e-06)
 [0,2.05636e-06)
 [0,2.23517e-06)
 [0,2.5034e-06)
 [0,2.5034e-06)
 [0,2.563e-06)
 [0,2.563e-06)
 [0,2.563e-06)
 [0,2.563e-06)
 [0,2.563e-06)
 [0,2.6226e-06)
 [0,2.6226e-06)
 [0,2.6226e-06)
 [0,2.6226e-06)
 [0,2.6226e-06)
 [0,2.68221e-06)
 [0,2.68221e-06)
 [0,2.74181e-06)
 [0,2.74181e-06)
 [0,2.80142e-06)
 [0,2.80142e-06)
 [0,2.92063e-06)
 [0,2.92063e-06)
 [0,3.30806e-06)
 [0,3.39746e-06)
 [0,3.39746e-06)
 [0,3.45707e-06)
 [0,3.51667e-06)
 [0,3.51667e-06)
 [0,3.51667e-06)
 [0,3.51667e-06)
 [0,3.57628e-06)
 [0,3.57628e-06)
 [0,3.57628e-06)
 [0,3.63588e-06)
 [0,3.69549e-06)
 [0,3.69549e-06)
 [0,3.69549e-06)
 [0,3.8147e-06)
 [0,4.17232e-06)
 [0,4.17232e-06)
 [0,4.23193e-06)
 [0,4.23193e-06)
 [0,4.35114e-06)
 [0,4.35114e-06)
 [0,4.41074e-06)
 [0,4.41074e-06)
 [0,4.47035e-06)
 [0,4.47035e-06)
 [0,4.47035e-06)
 [0,4.47035e-06)
 [0,4.50015e-06)
 [0,4.52995e-06)
 [0,4.64916e-06)
 [0,4.94719e-06)
 [0,5.00679e-06)
 [0,5.00679e-06)
 [0,5.00679e-06)
 [0,5.00679e-06)
 [0,5.03659e-06)
 [0,5.54323e-06)
 [0,5.60284e-06)
 [0,5.60284e-06)
 [0,5.66244e-06)
 [0,5.75185e-06)
 [0,5.78165e-06)
 [0,5.84126e-06)
 [0,5.84126e-06)
 [0,5.90086e-06)
 [0,5.90086e-06)
 [0,5.96046e-06)
 [0,5.96046e-06)
 [0,6.02007e-06)
 [0,6.07967e-06)
 [0,6.07967e-06)
 [0,6.07967e-06)
 [0,6.31809e-06)
 [0,6.49691e-06)
 [0,6.73532e-06)
 [0,6.79493e-06)
 [0,6.79493e-06)
 [0,6.79493e-06)
 [0,6.79493e-06)
 [0,6.79493e-06)
 [0,6.79493e-06)
 [0,6.85453e-06)
 [0,6.91414e-06)
 [0,6.97374e-06)
 [0,7.03335e-06)
 [0,7.09295e-06)
 [0,7.15256e-06)
 [0,7.21216e-06)
 [0,7.33137e-06)
 [0,7.39098e-06)
 [0,7.45058e-06)
 [0,7.51019e-06)
 [0,7.56979e-06)
 [0,7.56979e-06)
 [0,7.62939e-06)
 [0,7.62939e-06)
 [0,7.62939e-06)
 [0,7.62939e-06)
 [0,7.62939e-06)
 [0,7.7486e-06)
 [0,7.7486e-06)
 [0,7.92742e-06)
 [0,8.04663e-06)
 [0,8.04663e-06)
 [0,8.28505e-06)
 [0,8.34465e-06)
 [0,8.46386e-06)
 [0,8.46386e-06)
 [0,8.58307e-06)
 [0,8.67248e-06)
 [0,8.76188e-06)
 [0,8.88109e-06)
 [0,8.9407e-06)
 [0,9.23872e-06)
 [0,9.23872e-06)
 [0,9.29832e-06)
 [0,9.29832e-06)
 [0,9.35793e-06)
 [0,9.41753e-06)
 [0,9.41753e-06)
 [0,9.41753e-06)
 [0,9.53674e-06)
 [0,9.59635e-06)
 [0,9.65595e-06)
 [0,9.71556e-06)
 [0,9.71556e-06)
 [0,9.77516e-06)
 [0,9.83477e-06)
 [0,9.83477e-06)
 [0,9.89437e-06)
 [0,1.00136e-05)
 [0,1.00732e-05)
 [0,1.01328e-05)
 [0,1.01328e-05)
 [0,1.01328e-05)
 [0,1.01328e-05)
 [0,1.0252e-05)
 [0,1.0252e-05)
 [0,1.03712e-05)
 [0,1.03712e-05)
 [0,1.04904e-05)
 [0,1.07288e-05)
 [0,1.09076e-05)
 [0,1.09673e-05)
 [0,1.09673e-05)
 [0,1.09673e-05)
 [0,1.10269e-05)
 [0,1.10865e-05)
 [0,1.10865e-05)
 [0,1.11461e-05)
 [0,1.11461e-05)
 [0,1.11461e-05)
 [0,1.11759e-05)
 [0,1.12057e-05)
 [0,1.12057e-05)
 [0,1.12653e-05)
 [0,1.12653e-05)
 [0,1.13249e-05)
 [0,1.13249e-05)
 [0,1.15037e-05)
 [0,1.15633e-05)
 [0,1.16825e-05)
 [0,1.16825e-05)
 [0,1.18017e-05)
 [0,1.18017e-05)
 [0,1.18613e-05)
 [0,1.18613e-05)
 [0,1.18613e-05)
 [0,1.19209e-05)
 [0,1.19507e-05)
 [0,1.2219e-05)
 [0,1.22786e-05)
 [0,1.23382e-05)
 [0,1.24276e-05)
 [0,1.2517e-05)
 [0,1.25766e-05)
 [0,1.25766e-05)
 [0,1.26362e-05)
 [0,1.26958e-05)
 [0,1.26958e-05)
 [0,1.27554e-05)
 [0,1.27554e-05)
 [0,1.2815e-05)
 [0,1.2815e-05)
 [0,1.2815e-05)
 [0,1.28746e-05)
 [0,1.28746e-05)
 [0,1.29938e-05)
 [0,1.30534e-05)
 [0,1.3113e-05)
 [0,1.3113e-05)
 [0,1.32322e-05)
 [0,1.32918e-05)
 [0,1.33514e-05)
 [0,1.3411e-05)
 [0,1.3411e-05)
 [0,1.34706e-05)
 [0,1.35303e-05)
 [0,1.35899e-05)
 [0,1.36495e-05)
 [0,1.37091e-05)
 [0,1.37687e-05)
 [0,1.37687e-05)
 [0,1.37687e-05)
 [0,1.37687e-05)
 [0,1.37687e-05)
 [0,1.38283e-05)
 [0,1.38879e-05)
 [0,1.38879e-05)
 [0,1.38879e-05)
 [0,1.40667e-05)
 [0,1.41859e-05)
 [0,1.41859e-05)
 [0,1.42455e-05)
 [0,1.42455e-05)
 [0,1.43647e-05)
 [0,1.44243e-05)
 [0,1.44839e-05)
 [0,1.44839e-05)
 [0,1.45435e-05)
 [0,1.46031e-05)
 [0,1.46627e-05)
 [0,1.46627e-05)
 [0,1.48416e-05)
 [0,1.48416e-05)
 [0,1.49012e-05)
 [0,1.49608e-05)
 [0,1.50204e-05)
 [0,1.508e-05)
 [0,1.508e-05)
 [0,1.51992e-05)
 [0,1.53184e-05)
 [0,1.53482e-05)
 [0,1.5378e-05)
 [0,1.54376e-05)
 [0,1.54376e-05)
 [0,1.54972e-05)
 [0,1.54972e-05)
 [0,1.56164e-05)
 [0,1.5676e-05)
 [0,1.57356e-05)
 [0,1.57356e-05)
 [0,1.57654e-05)
 [0,1.57952e-05)
 [0,1.5974e-05)
 [0,1.61529e-05)
 [0,1.62125e-05)
 [0,1.62125e-05)
 [0,1.62125e-05)
 [0,1.62721e-05)
 [0,1.65105e-05)
 [0,1.65701e-05)
 [0,1.66893e-05)
 [0,1.67489e-05)
 [0,1.68085e-05)
 [0,1.68085e-05)
 [0,1.69277e-05)
 [0,1.69873e-05)
 [0,1.69873e-05)
 [0,1.70469e-05)
 [0,1.70469e-05)
 [0,1.70767e-05)
 [0,1.71065e-05)
 [0,1.71661e-05)
 [0,1.71661e-05)
 [0,1.72257e-05)
 [0,1.7345e-05)
 [0,1.75238e-05)
 [0,1.75834e-05)
 [0,1.75834e-05)
 [0,1.75834e-05)
 [0,1.75834e-05)
 [0,1.7643e-05)
 [0,1.77622e-05)
 [0,1.77622e-05)
 [0,1.7792e-05)
 [0,1.78218e-05)
 [0,1.78218e-05)
 [0,1.78218e-05)
 [0,1.78218e-05)
 [0,1.7941e-05)
 [0,1.80006e-05)
 [0,1.80006e-05)
 [0,1.80602e-05)
 [0,1.809e-05)
 [0,1.81198e-05)
 [0,1.82986e-05)
 [0,1.82986e-05)
 [0,1.84774e-05)
 [0,1.84774e-05)
 [0,1.84774e-05)
 [0,1.85966e-05)
 [0,1.86563e-05)
 [0,1.86563e-05)
 [0,1.87755e-05)
 [0,1.88351e-05)
 [0,1.88947e-05)
 [0,1.90139e-05)
 [0,1.91331e-05)
 [0,1.91927e-05)
 [0,1.92523e-05)
 [0,1.93119e-05)
 [0,1.95205e-05)
 [0,1.95503e-05)
 [0,1.96099e-05)
 [0,1.97291e-05)
 [0,1.97291e-05)
 [0,1.97589e-05)
 [0,1.98483e-05)
 [0,1.98483e-05)
 [0,1.98483e-05)
 [0,1.99676e-05)
 [0,1.99676e-05)
 [0,2.00272e-05)
 [0,2.0206e-05)
 [0,2.0206e-05)
 [0,2.02656e-05)
 [0,2.03848e-05)
 [0,2.05636e-05)
 [0,2.05636e-05)
 [0,2.06232e-05)
 [0,2.0653e-05)
 [0,2.06828e-05)
 [0,2.06828e-05)
 [0,2.08616e-05)
 [0,2.08616e-05)
 [0,2.09212e-05)
 [0,2.09808e-05)
 [0,2.10404e-05)
 [0,2.10404e-05)
 [0,2.10404e-05)
 [0,2.10404e-05)
 [0,2.11e-05)
 [0,2.12193e-05)
 [0,2.12789e-05)
 [0,2.14577e-05)
 [0,2.15769e-05)
 [0,2.15769e-05)
 [0,2.16365e-05)
 [0,2.17557e-05)
 [0,2.18153e-05)
 [0,2.19345e-05)
 [0,2.20835e-05)
 [0,2.23517e-05)
 [0,2.24113e-05)
 [0,2.24709e-05)
 [0,2.25902e-05)
 [0,2.25902e-05)
 [0,2.27094e-05)
 [0,2.27094e-05)
 [0,2.2769e-05)
 [0,2.28286e-05)
 [0,2.28286e-05)
 [0,2.28882e-05)
 [0,2.29478e-05)
 [0,2.29478e-05)
 [0,2.29478e-05)
 [0,2.29478e-05)
 [0,2.29478e-05)
 [0,2.30074e-05)
 [0,2.30074e-05)
 [0,2.3067e-05)
 [0,2.30968e-05)
 [0,2.33054e-05)
 [0,2.3365e-05)
 [0,2.3365e-05)
 [0,2.34246e-05)
 [0,2.35438e-05)
 [0,2.36034e-05)
 [0,2.36034e-05)
 [0,2.37226e-05)
 [0,2.37823e-05)
 [0,2.37823e-05)
 [0,2.37823e-05)
 [0,2.39015e-05)
 [0,2.39313e-05)
 [0,2.42591e-05)
 [0,2.42591e-05)
 [0,2.43187e-05)
 [0,2.43187e-05)
 [0,2.44379e-05)
 [0,2.47359e-05)
 [0,2.47359e-05)
 [0,2.48551e-05)
 [0,2.49147e-05)
 [0,2.49743e-05)
 [0,2.5034e-05)
 [0,2.5034e-05)
 [0,2.5034e-05)
 [0,2.52128e-05)
 [0,2.5332e-05)
 [0,2.5332e-05)
 [0,2.53916e-05)
 [0,2.55704e-05)
 [0,2.57492e-05)
 [0,2.58684e-05)
 [0,2.58684e-05)
 [0,2.58684e-05)
 [0,2.61664e-05)
 [0,2.62856e-05)
 [0,2.64049e-05)
 [0,2.64943e-05)
 [0,2.65241e-05)
 [0,2.65837e-05)
 [0,2.65837e-05)
 [0,2.67029e-05)
 [0,2.68221e-05)
 [0,2.68221e-05)
 [0,2.68817e-05)
 [0,2.69413e-05)
 [0,2.70009e-05)
 [0,2.70605e-05)
 [0,2.70605e-05)
 [0,2.71797e-05)
 [0,2.71797e-05)
 [0,2.71797e-05)
 [0,2.74181e-05)
 [0,2.74777e-05)
 [0,2.75075e-05)
 [0,2.75373e-05)
 [0,2.76566e-05)
 [0,2.76566e-05)
 [0,2.76566e-05)
 [0,2.76566e-05)
 [0,2.76566e-05)
 [0,2.77162e-05)
 [0,2.78354e-05)
 [0,2.78354e-05)
 [0,2.79546e-05)
 [0,2.79546e-05)
 [0,2.79546e-05)
 [0,2.80142e-05)
 [0,2.8044e-05)
 [0,2.80738e-05)
 [0,2.80738e-05)
 [0,2.80738e-05)
 [0,2.80738e-05)
 [0,2.8193e-05)
 [0,2.82526e-05)
 [0,2.82824e-05)
 [0,2.83122e-05)
 [0,2.83718e-05)
 [0,2.8491e-05)
 [0,2.8491e-05)
 [0,2.86102e-05)
 [0,2.87294e-05)
 [0,2.89083e-05)
 [0,2.89679e-05)
 [0,2.90573e-05)
 [0,2.92063e-05)
 [0,2.92294e-05)
 [0,2.93851e-05)
 [0,2.93851e-05)
 [0,2.94447e-05)
 [0,2.95043e-05)
 [0,2.95043e-05)
 [0,2.96235e-05)
 [0,2.96831e-05)
 [0,2.96831e-05)
 [0,2.98023e-05)
 [0,2.98023e-05)
 [0,2.99811e-05)
 [0,3.00109e-05)
 [0,3.016e-05)
 [0,3.02196e-05)
 [0,3.02196e-05)
 [0,3.02792e-05)
 [0,3.03388e-05)
 [0,3.0458e-05)
 [0,3.0458e-05)
 [0,3.05176e-05)
 [0,3.05772e-05)
 [0,3.0607e-05)
 [0,3.06368e-05)
 [0,3.06368e-05)
 [0,3.06964e-05)
 [0,3.0756e-05)
 [0,3.08156e-05)
 [0,3.08156e-05)
 [0,3.08752e-05)
 [0,3.08752e-05)
 [0,3.1054e-05)
 [0,3.12924e-05)
 [0,3.1352e-05)
 [0,3.14116e-05)
 [0,3.14713e-05)
 [0,3.16501e-05)
 [0,3.16501e-05)
 [0,3.16501e-05)
 [0,3.17991e-05)
 [0,3.18289e-05)
 [0,3.18885e-05)
 [0,3.20673e-05)
 [0,3.21269e-05)
 [0,3.21865e-05)
 [0,3.22461e-05)
 [0,3.23653e-05)
 [0,3.26037e-05)
 [0,3.26931e-05)
 [0,3.27826e-05)
 [0,3.27826e-05)
 [0,3.27826e-05)
 [0,3.28422e-05)
 [0,3.29018e-05)
 [0,3.29614e-05)
 [0,3.32296e-05)
 [0,3.32594e-05)
 [0,3.32594e-05)
 [0,3.3319e-05)
 [0,3.33786e-05)
 [0,3.34382e-05)
 [0,3.34978e-05)
 [0,3.34978e-05)
 [0,3.34978e-05)
 [0,3.35574e-05)
 [0,3.3617e-05)
 [0,3.36766e-05)
 [0,3.36766e-05)
 [0,3.37362e-05)
 [0,3.37958e-05)
 [0,3.38554e-05)
 [0,3.40343e-05)
 [0,3.43919e-05)
 [0,3.45111e-05)
 [0,3.46303e-05)
 [0,3.46899e-05)
 [0,3.47495e-05)
 [0,3.47495e-05)
 [0,3.48091e-05)
 [0,3.48091e-05)
 [0,3.48687e-05)
 [0,3.49283e-05)
 [0,3.49283e-05)
 [0,3.49283e-05)
 [0,3.50475e-05)
 [0,3.50475e-05)
 [0,3.50475e-05)
 [0,3.50773e-05)
 [0,3.51071e-05)
 [0,3.51667e-05)
 [0,3.52263e-05)
 [0,3.52859e-05)
 [0,3.54052e-05)
 [0,3.54052e-05)
 [0,3.55244e-05)
 [0,3.56436e-05)
 [0,3.57628e-05)
 [0,3.57628e-05)
 [0,3.57628e-05)
 [0,3.5882e-05)
 [0,3.59416e-05)
 [0,3.59416e-05)
 [0,3.60608e-05)
 [0,3.60608e-05)
 [0,3.61204e-05)
 [0,3.61204e-05)
 [0,3.62992e-05)
 [0,3.66569e-05)
 [0,3.66569e-05)
 [0,3.66569e-05)
 [0,3.68357e-05)
 [0,3.68953e-05)
 [0,3.68953e-05)
 [0,3.70741e-05)
 [0,3.70741e-05)
 [0,3.70741e-05)
 [0,3.71337e-05)
 [0,3.71933e-05)
 [0,3.72529e-05)
 [0,3.74913e-05)
 [0,3.75509e-05)
 [0,3.76105e-05)
 [0,3.76701e-05)
 [0,3.76701e-05)
 [0,3.76999e-05)
 [0,3.77297e-05)
 [0,3.77297e-05)
 [0,3.77297e-05)
 [0,3.78489e-05)
 [0,3.78489e-05)
 [0,3.79682e-05)
 [0,3.79682e-05)
 [0,3.80278e-05)
 [0,3.8147e-05)
 [0,3.82662e-05)
 [0,3.83258e-05)
 [0,3.83258e-05)
 [0,3.83854e-05)
 [0,3.85046e-05)
 [0,3.86238e-05)
 [0,3.86834e-05)
 [0,3.88026e-05)
 [0,3.89218e-05)
 [0,3.89218e-05)
 [0,3.89814e-05)
 [0,3.91006e-05)
 [0,3.91603e-05)
 [0,3.92199e-05)
 [0,3.92795e-05)
 [0,3.93987e-05)
 [0,3.94583e-05)
 [0,3.95775e-05)
 [0,3.98159e-05)
 [0,4.00543e-05)
 [0,4.02927e-05)
 [0,4.03523e-05)
 [0,4.04716e-05)
 [0,4.06504e-05)
 [0,4.071e-05)
 [0,4.08888e-05)
 [0,4.09484e-05)
 [0,4.1008e-05)
 [0,4.11272e-05)
 [0,4.11272e-05)
 [0,4.11868e-05)
 [0,4.12464e-05)
 [0,4.1306e-05)
 [0,4.13358e-05)
 [0,4.13656e-05)
 [0,4.13656e-05)
 [0,4.14252e-05)
 [0,4.15444e-05)
 [0,4.16636e-05)
 [0,4.21405e-05)
 [0,4.22001e-05)
 [0,4.22597e-05)
 [0,4.23193e-05)
 [0,4.23193e-05)
 [0,4.23789e-05)
 [0,4.25577e-05)
 [0,4.25577e-05)
 [0,4.26173e-05)
 [0,4.26173e-05)
 [0,4.26769e-05)
 [0,4.29451e-05)
 [0,4.29749e-05)
 [0,4.29749e-05)
 [0,4.30942e-05)
 [0,4.3124e-05)
 [0,4.34518e-05)
 [0,4.34518e-05)
 [0,4.34518e-05)
 [0,4.35114e-05)
 [0,4.3571e-05)
 [0,4.3571e-05)
 [0,4.36306e-05)
 [0,4.37498e-05)
 [0,4.4167e-05)
 [0,4.44651e-05)
 [0,4.44651e-05)
 [0,4.45843e-05)
 [0,4.45843e-05)
 [0,4.46439e-05)
 [0,4.46439e-05)
 [0,4.46439e-05)
 [0,4.46439e-05)
 [0,4.47035e-05)
 [0,4.47631e-05)
 [0,4.50611e-05)
 [0,4.51207e-05)
 [0,4.51207e-05)
 [0,4.51207e-05)
 [0,4.51803e-05)
 [0,4.51803e-05)
 [0,4.52399e-05)
 [0,4.52399e-05)
 [0,4.54187e-05)
 [0,4.55379e-05)
 [0,4.55976e-05)
 [0,4.55976e-05)
 [0,4.55976e-05)
 [0,4.56572e-05)
 [0,4.56572e-05)
 [0,4.57168e-05)
 [0,4.57168e-05)
 [0,4.5836e-05)
 [0,4.58956e-05)
 [0,4.58956e-05)
 [0,4.60148e-05)
 [0,4.60148e-05)
 [0,4.6134e-05)
 [0,4.62532e-05)
 [0,4.63724e-05)
 [0,4.63724e-05)
 [0,4.63724e-05)
 [0,4.6432e-05)
 [0,4.6432e-05)
 [0,4.6432e-05)
 [0,4.64916e-05)
 [0,4.66108e-05)
 [0,4.66108e-05)
 [0,4.66108e-05)
 [0,4.66704e-05)
 [0,4.66704e-05)
 [0,4.673e-05)
 [0,4.673e-05)
 [0,4.67896e-05)
 [0,4.67896e-05)
 [0,4.67896e-05)
 [0,4.70281e-05)
 [0,4.70281e-05)
 [0,4.72665e-05)
 [0,4.73261e-05)
 [0,4.73261e-05)
 [0,4.73857e-05)
 [0,4.74453e-05)
 [0,4.74453e-05)
 [0,4.75049e-05)
 [0,4.76837e-05)
 [0,4.77433e-05)
 [0,4.77433e-05)
 [0,4.78625e-05)
 [0,4.79221e-05)
 [0,4.79817e-05)
 [0,4.79817e-05)
 [0,4.80413e-05)
 [0,4.81009e-05)
 [0,4.81308e-05)
 [0,4.83394e-05)
 [0,4.83394e-05)
 [0,4.84586e-05)
 [0,4.85182e-05)
 [0,4.86374e-05)
 [0,4.86374e-05)
 [0,4.88162e-05)
 [0,4.88758e-05)
 [0,4.91738e-05)
 [0,4.92632e-05)
 [0,4.94123e-05)
 [0,4.95911e-05)
 [0,4.96507e-05)
 [0,4.96507e-05)
 [0,4.97103e-05)
 [0,4.97401e-05)
 [0,4.98891e-05)
 [0,4.99487e-05)
 [0,5.00083e-05)
 [0,5.00381e-05)
 [0,5.01275e-05)
 [0,5.01871e-05)
 [0,5.03063e-05)
 [0,5.03659e-05)
 [0,5.03659e-05)
 [0,5.04255e-05)
 [0,5.05447e-05)
 [0,5.05447e-05)
 [0,5.06043e-05)
 [0,5.06043e-05)
 [0,5.06043e-05)
 [0,5.06043e-05)
 [0,5.06043e-05)
 [0,5.09024e-05)
 [0,5.09024e-05)
 [0,5.0962e-05)
 [0,5.10216e-05)
 [0,5.10812e-05)
 [0,5.11408e-05)
 [0,5.11408e-05)
 [0,5.126e-05)
 [0,5.13196e-05)
 [0,5.13792e-05)
 [0,5.14388e-05)
 [0,5.14388e-05)
 [0,5.14686e-05)
 [0,5.14984e-05)
 [0,5.17964e-05)
 [0,5.19156e-05)
 [0,5.19752e-05)
 [0,5.19752e-05)
 [0,5.19752e-05)
 [0,5.20349e-05)
 [0,5.21541e-05)
 [0,5.22137e-05)
 [0,5.22733e-05)
 [0,5.23329e-05)
 [0,5.23925e-05)
 [0,5.26309e-05)
 [0,5.26905e-05)
 [0,5.28097e-05)
 [0,5.28097e-05)
 [0,5.29885e-05)
 [0,5.31077e-05)
 [0,5.34058e-05)
 [0,5.34654e-05)
 [0,5.3525e-05)
 [0,5.3823e-05)
 [0,5.3823e-05)
 [0,5.38826e-05)
 [0,5.39422e-05)
 [0,5.4121e-05)
 [0,5.41508e-05)
 [0,5.42402e-05)
 [0,5.42402e-05)
 [0,5.42998e-05)
 [0,5.4419e-05)
 [0,5.44786e-05)
 [0,5.46575e-05)
 [0,5.47171e-05)
 [0,5.47767e-05)
 [0,5.50151e-05)
 [0,5.50747e-05)
 [0,5.51939e-05)
 [0,5.51939e-05)
 [0,5.53131e-05)
 [0,5.53727e-05)
 [0,5.53727e-05)
 [0,5.54323e-05)
 [0,5.54919e-05)
 [0,5.55515e-05)
 [0,5.56409e-05)
 [0,5.57899e-05)
 [0,5.58197e-05)
 [0,5.59092e-05)
 [0,5.6088e-05)
 [0,5.61178e-05)
 [0,5.62668e-05)
 [0,5.62668e-05)
 [0,5.6386e-05)
 [0,5.66244e-05)
 [0,5.66244e-05)
 [0,5.69224e-05)
 [0,5.6982e-05)
 [0,5.72205e-05)
 [0,5.72801e-05)
 [0,5.73993e-05)
 [0,5.74589e-05)
 [0,5.75185e-05)
 [0,5.75185e-05)
 [0,5.75781e-05)
 [0,5.76377e-05)
 [0,5.76377e-05)
 [0,5.76973e-05)
 [0,5.78761e-05)
 [0,5.79357e-05)
 [0,5.79357e-05)
 [0,5.80549e-05)
 [0,5.81145e-05)
 [0,5.81741e-05)
 [0,5.84126e-05)
 [0,5.8651e-05)
 [0,5.87106e-05)
 [0,5.87106e-05)
 [0,5.88298e-05)
 [0,5.88894e-05)
 [0,5.8949e-05)
 [0,5.90086e-05)
 [0,5.91576e-05)
 [0,5.9247e-05)
 [0,5.93066e-05)
 [0,5.94258e-05)
 [0,5.94854e-05)
 [0,5.96046e-05)
 [0,5.96046e-05)
 [0,5.96642e-05)
 [0,5.97239e-05)
 [0,5.98133e-05)
 [0,5.98431e-05)
 [0,5.99027e-05)
 [0,6.02007e-05)
 [0,6.04391e-05)
 [0,6.04987e-05)
 [0,6.05583e-05)
 [0,6.07371e-05)
 [0,6.09159e-05)
 [0,6.10948e-05)
 [0,6.11544e-05)
 [0,6.1214e-05)
 [0,6.12736e-05)
 [0,6.12736e-05)
 [0,6.12736e-05)
 [0,6.13034e-05)
 [0,6.13332e-05)
 [0,6.15716e-05)
 [0,6.16014e-05)
 [0,6.17504e-05)
 [0,6.19292e-05)
 [0,6.19292e-05)
 [0,6.22869e-05)
 [0,6.26743e-05)
 [0,6.27041e-05)
 [0,6.27637e-05)
 [0,6.28233e-05)
 [0,6.28829e-05)
 [0,6.29425e-05)
 [0,6.31809e-05)
 [0,6.33001e-05)
 [0,6.34193e-05)
 [0,6.34789e-05)
 [0,6.35982e-05)
 [0,6.35982e-05)
 [0,6.3628e-05)
 [0,6.37174e-05)
 [0,6.38366e-05)
 [0,6.38366e-05)
 [0,6.4075e-05)
 [0,6.4075e-05)
 [0,6.41048e-05)
 [0,6.41942e-05)
 [0,6.43134e-05)
 [0,6.4373e-05)
 [0,6.44922e-05)
 [0,6.44922e-05)
 [0,6.44922e-05)
 [0,6.47306e-05)
 [0,6.47306e-05)
 [0,6.47902e-05)
 [0,6.47902e-05)
 [0,6.49095e-05)
 [0,6.50883e-05)
 [0,6.51479e-05)
 [0,6.52075e-05)
 [0,6.52075e-05)
 [0,6.52671e-05)
 [0,6.53267e-05)
 [0,6.54161e-05)
 [0,6.54459e-05)
 [0,6.54459e-05)
 [0,6.55055e-05)
 [0,6.55651e-05)
 [0,6.56247e-05)
 [0,6.58631e-05)
 [0,6.59823e-05)
 [0,6.61016e-05)
 [0,6.62208e-05)
 [0,6.62208e-05)
 [0,6.62208e-05)
 [0,6.634e-05)
 [0,6.63996e-05)
 [0,6.64592e-05)
 [0,6.65188e-05)
 [0,6.65188e-05)
 [0,6.67572e-05)
 [0,6.6787e-05)
 [0,6.69956e-05)
 [0,6.71744e-05)
 [0,6.72638e-05)
 [0,6.72936e-05)
 [0,6.73532e-05)
 [0,6.73532e-05)
 [0,6.74129e-05)
 [0,6.74725e-05)
 [0,6.74725e-05)
 [0,6.75321e-05)
 [0,6.75321e-05)
 [0,6.75917e-05)
 [0,6.76811e-05)
 [0,6.78301e-05)
 [0,6.79493e-05)
 [0,6.80089e-05)
 [0,6.81877e-05)
 [0,6.81877e-05)
 [0,6.8194e-05)
 [0,6.82473e-05)
 [0,6.83665e-05)
 [0,6.84261e-05)
 [0,6.84559e-05)
 [0,6.86049e-05)
 [0,6.87242e-05)
 [0,6.87242e-05)
 [0,6.87838e-05)
 [0,6.87838e-05)
 [0,6.88434e-05)
 [0,6.89626e-05)
 [0,6.9052e-05)
 [0,6.91414e-05)
 [0,6.91414e-05)
 [0,6.92904e-05)
 [0,6.93798e-05)
 [0,6.95586e-05)
 [0,6.96778e-05)
 [0,6.9797e-05)
 [0,6.99758e-05)
 [0,7.00951e-05)
 [0,7.01547e-05)
 [0,7.01547e-05)
 [0,7.04527e-05)
 [0,7.04527e-05)
 [0,7.05719e-05)
 [0,7.05719e-05)
 [0,7.06315e-05)
 [0,7.08103e-05)
 [0,7.08699e-05)
 [0,7.09295e-05)
 [0,7.12872e-05)
 [0,7.14064e-05)
 [0,7.1466e-05)
 [0,7.15256e-05)
 [0,7.16448e-05)
 [0,7.17044e-05)
 [0,7.1764e-05)
 [0,7.18534e-05)
 [0,7.19428e-05)
 [0,7.19428e-05)
 [0,7.2062e-05)
 [0,7.21812e-05)
 [0,7.23302e-05)
 [0,7.236e-05)
 [0,7.23898e-05)
 [0,7.30157e-05)
 [0,7.32541e-05)
 [0,7.33733e-05)
 [0,7.34925e-05)
 [0,7.34925e-05)
 [0,7.35521e-05)
 [0,7.38502e-05)
 [0,7.39694e-05)
 [0,7.41184e-05)
 [0,7.42078e-05)
 [0,7.43568e-05)
 [0,7.43866e-05)
 [0,7.44462e-05)
 [0,7.44462e-05)
 [0,7.45058e-05)
 [0,7.45058e-05)
 [0,7.4625e-05)
 [0,7.4625e-05)
 [0,7.48038e-05)
 [0,7.48038e-05)
 [0,7.48634e-05)
 [0,7.49826e-05)
 [0,7.51019e-05)
 [0,7.51615e-05)
 [0,7.54595e-05)
 [0,7.55787e-05)
 [0,7.56383e-05)
 [0,7.56979e-05)
 [0,7.57575e-05)
 [0,7.58767e-05)
 [0,7.59959e-05)
 [0,7.61151e-05)
 [0,7.61151e-05)
 [0,7.61747e-05)
 [0,7.62343e-05)
 [0,7.63535e-05)
 [0,7.64728e-05)
 [0,7.67708e-05)
 [0,7.68304e-05)
 [0,7.689e-05)
 [0,7.71284e-05)
 [0,7.72476e-05)
 [0,7.72476e-05)
 [0,7.74264e-05)
 [0,7.74264e-05)
 [0,7.74562e-05)
 [0,7.75456e-05)
 [0,7.76052e-05)
 [0,7.77245e-05)
 [0,7.77841e-05)
 [0,7.79033e-05)
 [0,7.80821e-05)
 [0,7.80821e-05)
 [0,7.80821e-05)
 [0,7.82013e-05)
 [0,7.82013e-05)
 [0,7.82609e-05)
 [0,7.83801e-05)
 [0,7.83801e-05)
 [0,7.84397e-05)
 [0,7.85589e-05)
 [0,7.85887e-05)
 [0,7.86781e-05)
 [0,7.86781e-05)
 [0,7.87973e-05)
 [0,7.88569e-05)
 [0,7.90358e-05)
 [0,7.92742e-05)
 [0,7.93338e-05)
 [0,7.9453e-05)
 [0,7.9453e-05)
 [0,7.9751e-05)
 [0,7.98702e-05)
 [0,7.99298e-05)
 [0,7.99298e-05)
 [0,8.0049e-05)
 [0,8.0049e-05)
 [0,8.02279e-05)
 [0,8.02279e-05)
 [0,8.03471e-05)
 [0,8.04365e-05)
 [0,8.04663e-05)
 [0,8.05259e-05)
 [0,8.05259e-05)
 [0,8.05855e-05)
 [0,8.07047e-05)
 [0,8.07345e-05)
 [0,8.07643e-05)
 [0,8.08835e-05)
 [0,8.09431e-05)
 [0,8.11219e-05)
 [0,8.11517e-05)
 [0,8.11815e-05)
 [0,8.11815e-05)
 [0,8.12411e-05)
 [0,8.12411e-05)
 [0,8.13007e-05)
 [0,8.14795e-05)
 [0,8.15392e-05)
 [0,8.1569e-05)
 [0,8.15988e-05)
 [0,8.1718e-05)
 [0,8.18968e-05)
 [0,8.18968e-05)
 [0,8.19564e-05)
 [0,8.2016e-05)
 [0,8.20222e-05)
 [0,8.22544e-05)
 [0,8.2314e-05)
 [0,8.23736e-05)
 [0,8.23736e-05)
 [0,8.25226e-05)
 [0,8.25524e-05)
 [0,8.26716e-05)
 [0,8.26716e-05)
 [0,8.27312e-05)
 [0,8.27909e-05)
 [0,8.31485e-05)
 [0,8.32677e-05)
 [0,8.34465e-05)
 [0,8.35061e-05)
 [0,8.36253e-05)
 [0,8.36849e-05)
 [0,8.38637e-05)
 [0,8.39233e-05)
 [0,8.39233e-05)
 [0,8.39829e-05)
 [0,8.42214e-05)
 [0,8.42214e-05)
 [0,8.45194e-05)
 [0,8.4877e-05)
 [0,8.50558e-05)
 [0,8.51452e-05)
 [0,8.52942e-05)
 [0,8.54731e-05)
 [0,8.55327e-05)
 [0,8.56519e-05)
 [0,8.56817e-05)
 [0,8.57115e-05)
 [0,8.57711e-05)
 [0,8.59499e-05)
 [0,8.59499e-05)
 [0,8.61287e-05)
 [0,8.62479e-05)
 [0,8.63075e-05)
 [0,8.64267e-05)
 [0,8.64267e-05)
 [0,8.64863e-05)
 [0,8.65459e-05)
 [0,8.66055e-05)
 [0,8.66354e-05)
 [0,8.67248e-05)
 [0,8.67844e-05)
 [0,8.69036e-05)
 [0,8.69036e-05)
 [0,8.69632e-05)
 [0,8.72016e-05)
 [0,8.73208e-05)
 [0,8.73804e-05)
 [0,8.75592e-05)
 [0,8.75592e-05)
 [0,8.7738e-05)
 [0,8.7738e-05)
 [0,8.77976e-05)
 [0,8.79169e-05)
 [0,8.80957e-05)
 [0,8.85129e-05)
 [0,8.85725e-05)
 [0,8.89301e-05)
 [0,8.89897e-05)
 [0,8.91089e-05)
 [0,8.92281e-05)
 [0,8.95858e-05)
 [0,8.95858e-05)
 [0,8.95858e-05)
 [0,8.97646e-05)
 [0,9.00626e-05)
 [0,9.01222e-05)
 [0,9.01222e-05)
 [0,9.01222e-05)
 [0,9.01818e-05)
 [0,9.02414e-05)
 [0,9.0301e-05)
 [0,9.03606e-05)
 [0,9.04202e-05)
 [0,9.04798e-05)
 [0,9.04798e-05)
 [0,9.05991e-05)
 [0,9.05991e-05)
 [0,9.09567e-05)
 [0,9.09567e-05)
 [0,9.09865e-05)
 [0,9.12547e-05)
 [0,9.14037e-05)
 [0,9.14335e-05)
 [0,9.17911e-05)
 [0,9.19104e-05)
 [0,9.22084e-05)
 [0,9.22084e-05)
 [0,9.2268e-05)
 [0,9.23872e-05)
 [0,9.24468e-05)
 [0,9.2566e-05)
 [0,9.26256e-05)
 [0,9.26256e-05)
 [0,9.26256e-05)
 [0,9.2864e-05)
 [0,9.30428e-05)
 [0,9.30727e-05)
 [0,9.31621e-05)
 [0,9.34601e-05)
 [0,9.35197e-05)
 [0,9.35793e-05)
 [0,9.36091e-05)
 [0,9.37581e-05)
 [0,9.37581e-05)
 [0,9.39369e-05)
 [0,9.40561e-05)
 [0,9.42349e-05)
 [0,9.42945e-05)
 [0,9.45926e-05)
 [0,9.45926e-05)
 [0,9.48906e-05)
 [0,9.48906e-05)
 [0,9.48906e-05)
 [0,9.5129e-05)
 [0,9.54866e-05)
 [0,9.55462e-05)
 [0,9.58443e-05)
 [0,9.58443e-05)
 [0,9.61423e-05)
 [0,9.61423e-05)
 [0,9.63807e-05)
 [0,9.66489e-05)
 [0,9.66787e-05)
 [0,9.67383e-05)
 [0,9.67979e-05)
 [0,9.70066e-05)
 [0,9.71556e-05)
 [0,9.74536e-05)
 [0,9.74536e-05)
 [0,9.74536e-05)
 [0,9.74536e-05)
 [0,9.76324e-05)
 [0,9.77516e-05)
 [0,9.79304e-05)
 [0,9.79304e-05)
 [0,9.799e-05)
 [0,9.82284e-05)
 [0,9.87351e-05)
 [0,9.87649e-05)
 [0,9.88245e-05)
 [0,9.90629e-05)
 [0,9.91225e-05)
 [0,9.94205e-05)
 [0,9.94801e-05)
 [0,9.95398e-05)
 [0,9.97782e-05)
 [0,9.97782e-05)
 [0,9.98974e-05)
 [0,0.000100255)
 [0,0.000100255)
 [0,0.000100255)
 [0,0.000100285)
 [0,0.000100315)
 [0,0.000100366)
 [0,0.000100434)
 [0,0.000100732)
 [0,0.000100791)
 [0,0.00010103)
 [0,0.000101179)
 [0,0.000101596)
 [0,0.000101924)
 [0,0.000101984)
 [0,0.000102103)
 [0,0.000102222)
 [0,0.000102401)
 [0,0.000102431)
 [0,0.000102878)
 [0,0.000103176)
 [0,0.000103593)
 [0,0.000103801)
 [0,0.000103891)
 [0,0.000103891)
 [0,0.00010395)
 [0,0.00010401)
 [0,0.000104129)
 [0,0.000104368)
 [0,0.000104666)
 [0,0.000104904)
 [0,0.000104964)
 [0,0.000104964)
 [0,0.000105083)
 [0,0.000105172)
 [0,0.000105321)
 [0,0.0001055)
 [0,0.000105798)
 [0,0.000105858)
 [0,0.000105917)
 [0,0.000106156)
 [0,0.000106335)
 [0,0.000106454)
 [0,0.000106633)
 [0,0.000106692)
 [0,0.000106752)
 [0,0.000107408)
 [0,0.000107586)
 [0,0.000107706)
 [0,0.000107765)
 [0,0.000108004)
 [0,0.000108063)
 [0,0.000108123)
 [0,0.000108361)
 [0,0.000108361)
 [0,0.000108421)
 [0,0.00010848)
 [0,0.000108719)
 [0,0.000109017)
 [0,0.000109017)
 [0,0.000109315)
 [0,0.000109315)
 [0,0.000109434)
 [0,0.000109434)
 [0,0.000109494)
 [0,0.000109524)
 [0,0.000109613)
 [0,0.000109702)
 [0,0.000109732)
 [0,0.000109792)
 [0,0.000109911)
 [0,0.000110328)
 [0,0.000110626)
 [0,0.000110745)
 [0,0.000110894)
 [0,0.000111282)
 [0,0.000111341)
 [0,0.000111401)
 [0,0.000111699)
 [0,0.000111699)
 [0,0.000111997)
 [0,0.000112176)
 [0,0.000112355)
 [0,0.000112355)
 [0,0.000112593)
 [0,0.000112712)
 [0,0.000112832)
 [0,0.000113428)
 [0,0.000114322)
 [0,0.000114381)
 [0,0.000114679)
 [0,0.000114679)
 [0,0.000114799)
 [0,0.000114828)
 [0,0.000114918)
 [0,0.000114918)
 [0,0.000115216)
 [0,0.000115216)
 [0,0.000115275)
 [0,0.000115633)
 [0,0.000115752)
 [0,0.000116169)
 [0,0.000116646)
 [0,0.000117004)
 [0,0.000117362)
 [0,0.00011754)
 [0,0.00011766)
 [0,0.000117958)
 [0,0.000117987)
 [0,0.000118196)
 [0,0.000118256)
 [0,0.000118554)
 [0,0.000118911)
 [0,0.000118971)
 [0,0.000119269)
 [0,0.000119388)
 [0,0.000119388)
 [0,0.000119537)
 [0,0.000119567)
 [0,0.000119686)
 [0,0.000120401)
 [0,0.00012067)
 [0,0.000120759)
 [0,0.000120819)
 [0,0.000120878)
 [0,0.000121057)
 [0,0.000121176)
 [0,0.000121236)
 [0,0.000121474)
 [0,0.000121593)
 [0,0.000121772)
 [0,0.00012219)
 [0,0.000122786)
 [0,0.000122845)
 [0,0.000122905)
 [0,0.000123203)
 [0,0.000123411)
 [0,0.000123441)
 [0,0.000123501)
 [0,0.00012368)
 [0,0.000123918)
 [0,0.000124335)
 [0,0.000124454)
 [0,0.000124514)
 [0,0.000124633)
 [0,0.000124693)
 [0,0.000124812)
 [0,0.000124872)
 [0,0.00012511)
 [0,0.000125229)
 [0,0.000125289)
 [0,0.000125647)
 [0,0.000125706)
 [0,0.000125885)
 [0,0.000126034)
 [0,0.000126123)
 [0,0.000126123)
 [0,0.000126451)
 [0,0.000126779)
 [0,0.000126898)
 [0,0.000127148)
 [0,0.000127256)
 [0,0.000127375)
 [0,0.000127435)
 [0,0.000127614)
 [0,0.000127733)
 [0,0.00012809)
 [0,0.000128686)
 [0,0.000128806)
 [0,0.000129044)
 [0,0.000129223)
 [0,0.000129402)
 [0,0.000129521)
 [0,0.00012958)
 [0,0.0001297)
 [0,0.0001297)
 [0,0.000129759)
 [0,0.000129998)
 [0,0.000130326)
 [0,0.000130475)
 [0,0.000130832)
 [0,0.000130832)
 [0,0.000131428)
 [0,0.000131696)
 [0,0.000131786)
 [0,0.000131965)
 [0,0.000131965)
 [0,0.000132024)
 [0,0.000132084)
 [0,0.000132143)
 [0,0.000133097)
 [0,0.000133157)
 [0,0.000133276)
 [0,0.000133395)
 [0,0.000133395)
 [0,0.000133514)
 [0,0.000133634)
 [0,0.000133663)
 [0,0.000133753)
 [0,0.000133872)
 [0,0.000133991)
 [0,0.000133991)
 [0,0.000134289)
 [0,0.000135005)
 [0,0.000135005)
 [0,0.000135064)
 [0,0.000135124)
 [0,0.000135243)
 [0,0.000135273)
 [0,0.000135541)
 [0,0.000135601)
 [0,0.000135601)
 [0,0.00013572)
 [0,0.00013572)
 [0,0.000135779)
 [0,0.000135809)
 [0,0.000136018)
 [0,0.000136256)
 [0,0.000136316)
 [0,0.000136495)
 [0,0.000136554)
 [0,0.000136793)
 [0,0.000136971)
 [0,0.000137269)
 [0,0.000137418)
 [0,0.000137627)
 [0,0.000137746)
 [0,0.000137806)
 [0,0.000138044)
 [0,0.000138044)
 [0,0.000138462)
 [0,0.000138581)
 [0,0.00013864)
 [0,0.000139296)
 [0,0.000139296)
 [0,0.000139475)
 [0,0.000139594)
 [0,0.000139654)
 [0,0.000139773)
 [0,0.000139952)
 [0,0.000140548)
 [0,0.000140548)
 [0,0.000140716)
 [0,0.000140905)
 [0,0.000141025)
 [0,0.000141144)
 [0,0.000141382)
 [0,0.000141442)
 [0,0.000141561)
 [0,0.000141621)
 [0,0.000141621)
 [0,0.00014168)
 [0,0.000142336)
 [0,0.000142634)
 [0,0.000142634)
 [0,0.000142694)
 [0,0.000142694)
 [0,0.000143409)
 [0,0.000143439)
 [0,0.000143588)
 [0,0.000143826)
 [0,0.000144005)
 [0,0.000144124)
 [0,0.000144303)
 [0,0.000144482)
 [0,0.000144899)
 [0,0.000145257)
 [0,0.000145495)
 [0,0.000145793)
 [0,0.000145853)
 [0,0.000146151)
 [0,0.00014621)
 [0,0.000146419)
 [0,0.000146866)
 [0,0.000146925)
 [0,0.000147134)
 [0,0.000147194)
 [0,0.00014782)
 [0,0.000148058)
 [0,0.000148237)
 [0,0.000148296)
 [0,0.000148356)
 [0,0.000148416)
 [0,0.000149012)
 [0,0.000149012)
 [0,0.000149488)
 [0,0.000149608)
 [0,0.000149727)
 [0,0.000149906)
 [0,0.000150025)
 [0,0.000150084)
 [0,0.000150144)
 [0,0.000150383)
 [0,0.000150383)
 [0,0.000150442)
 [0,0.000150561)
 [0,0.00015074)
 [0,0.000151098)
 [0,0.000151217)
 [0,0.000151217)
 [0,0.000151247)
 [0,0.000151277)
 [0,0.000151336)
 [0,0.000151396)
 [0,0.000151396)
 [0,0.000151515)
 [0,0.000151634)
 [0,0.000151813)
 [0,0.000151902)
 [0,0.000151992)
 [0,0.00015223)
 [0,0.000152469)
 [0,0.000152528)
 [0,0.000152916)
 [0,0.000152946)
 [0,0.000153363)
 [0,0.000154257)
 [0,0.000154316)
 [0,0.000154585)
 [0,0.000154793)
 [0,0.000154793)
 [0,0.000154823)
 [0,0.000154853)
 [0,0.000155151)
 [0,0.000155807)
 [0,0.000156105)
 [0,0.000156164)
 [0,0.000156522)
 [0,0.000156581)
 [0,0.00015676)
 [0,0.000156879)
 [0,0.000157177)
 [0,0.000157237)
 [0,0.000157535)
 [0,0.00015825)
 [0,0.00015837)
 [0,0.000158608)
 [0,0.000158668)
 [0,0.000158906)
 [0,0.000158966)
 [0,0.000159353)
 [0,0.000159383)
 [0,0.000159621)
 [0,0.000159681)
 [0,0.000159919)
 [0,0.000160396)
 [0,0.000160694)
 [0,0.000160992)
 [0,0.000161141)
 [0,0.00016135)
 [0,0.000161409)
 [0,0.000161529)
 [0,0.000161827)
 [0,0.000162125)
 [0,0.000162359)
 [0,0.000163019)
 [0,0.000163138)
 [0,0.000163198)
 [0,0.000163376)
 [0,0.000163555)
 [0,0.000163674)
 [0,0.000163883)
 [0,0.000163883)
 [0,0.000164002)
 [0,0.000164092)
 [0,0.000164151)
 [0,0.000164449)
 [0,0.000164926)
 [0,0.000165045)
 [0,0.000165164)
 [0,0.000165671)
 [0,0.000165761)
 [0,0.00016588)
 [0,0.000165999)
 [0,0.000166059)
 [0,0.000166476)
 [0,0.000166863)
 [0,0.000167012)
 [0,0.00016737)
 [0,0.000168026)
 [0,0.000168443)
 [0,0.000168562)
 [0,0.000168562)
 [0,0.000168681)
 [0,0.000168741)
 [0,0.000169039)
 [0,0.000169158)
 [0,0.000170022)
 [0,0.000170052)
 [0,0.000170827)
 [0,0.000171363)
 [0,0.000171542)
 [0,0.000171721)
 [0,0.000172317)
 [0,0.000172436)
 [0,0.000172555)
 [0,0.000172615)
 [0,0.000173092)
 [0,0.000173092)
 [0,0.00017339)
 [0,0.00017345)
 [0,0.000173628)
 [0,0.000173628)
 [0,0.000173897)
 [0,0.000174046)
 [0,0.000174105)
 [0,0.000174165)
 [0,0.000174701)
 [0,0.00017488)
 [0,0.000174999)
 [0,0.000175238)
 [0,0.000175595)
 [0,0.000175595)
 [0,0.000175834)
 [0,0.000176251)
 [0,0.00017637)
 [0,0.000177026)
 [0,0.000177026)
 [0,0.000177681)
 [0,0.000178039)
 [0,0.000178367)
 [0,0.000178754)
 [0,0.000178933)
 [0,0.000179201)
 [0,0.000179231)
 [0,0.000179946)
 [0,0.000180006)
 [0,0.000180364)
 [0,0.000181168)
 [0,0.000181466)
 [0,0.000181556)
 [0,0.000181735)
 [0,0.000182211)
 [0,0.000182271)
 [0,0.00018245)
 [0,0.000182569)
 [0,0.000182748)
 [0,0.000183344)
 [0,0.000183463)
 [0,0.000183582)
 [0,0.000183821)
 [0,0.000184059)
 [0,0.000184119)
 [0,0.000184212)
 [0,0.000184238)
 [0,0.000184506)
 [0,0.000184596)
 [0,0.000184745)
 [0,0.000184834)
 [0,0.000185072)
 [0,0.000185072)
 [0,0.000185251)
 [0,0.00018543)
 [0,0.000185609)
 [0,0.000185609)
 [0,0.000186026)
 [0,0.000186205)
 [0,0.000186205)
 [0,0.000186563)
 [0,0.000186682)
 [0,0.000186861)
 [0,0.00018692)
 [0,0.000187039)
 [0,0.000187099)
 [0,0.000187486)
 [0,0.000187635)
 [0,0.000188678)
 [0,0.000188828)
 [0,0.000189215)
 [0,0.000189632)
 [0,0.00018985)
 [0,0.000190079)
 [0,0.000190437)
 [0,0.000191301)
 [0,0.000191331)
 [0,0.000191927)
 [0,0.000192046)
 [0,0.000192165)
 [0,0.000192255)
 [0,0.000192463)
 [0,0.000193596)
 [0,0.000193775)
 [0,0.000193983)
 [0,0.000194073)
 [0,0.000194371)
 [0,0.00019452)
 [0,0.000194877)
 [0,0.000194907)
 [0,0.000195622)
 [0,0.000195682)
 [0,0.000195712)
 [0,0.000195771)
 [0,0.000196218)
 [0,0.000196218)
 [0,0.000196218)
 [0,0.000197053)
 [0,0.000197113)
 [0,0.000197411)
 [0,0.000197709)
 [0,0.000197887)
 [0,0.000198066)
 [0,0.000198305)
 [0,0.000198364)
 [0,0.000199437)
 [0,0.000199735)
 [0,0.000199735)
 [0,0.000199974)
 [0,0.000199974)
 [0,0.00020045)
 [0,0.00020051)
 [0,0.000200689)
 [0,0.000200808)
 [0,0.000200987)
 [0,0.000201046)
 [0,0.000201285)
 [0,0.000201583)
 [0,0.000201941)
 [0,0.00020206)
 [0,0.000202835)
 [0,0.000202954)
 [0,0.000202984)
 [0,0.000203729)
 [0,0.000203758)
 [0,0.000204653)
 [0,0.000204802)
 [0,0.000204951)
 [0,0.000204951)
 [0,0.000205517)
 [0,0.000205636)
 [0,0.000205696)
 [0,0.00020653)
 [0,0.000206709)
 [0,0.000206709)
 [0,0.000207156)
 [0,0.000207961)
 [0,0.000208259)
 [0,0.000208259)
 [0,0.000208318)
 [0,0.000208437)
 [0,0.000208437)
 [0,0.000208497)
 [0,0.000208676)
 [0,0.000208914)
 [0,0.000209153)
 [0,0.000209182)
 [0,0.000209332)
 [0,0.000209749)
 [0,0.000210047)
 [0,0.000210106)
 [0,0.000210315)
 [0,0.000210524)
 [0,0.000210583)
 [0,0.000210822)
 [0,0.000211239)
 [0,0.000211537)
 [0,0.000211596)
 [0,0.000211596)
 [0,0.000211716)
 [0,0.000212491)
 [0,0.000212848)
 [0,0.000212921)
 [0,0.000213236)
 [0,0.000213504)
 [0,0.000213563)
 [0,0.000213981)
 [0,0.000214219)
 [0,0.000214279)
 [0,0.000214398)
 [0,0.000214458)
 [0,0.000214517)
 [0,0.000214636)
 [0,0.000214875)
 [0,0.000215501)
 [0,0.000215709)
 [0,0.000215948)
 [0,0.000216037)
 [0,0.000216603)
 [0,0.000216961)
 [0,0.000217021)
 [0,0.000217766)
 [0,0.000218213)
 [0,0.000218511)
 [0,0.000218868)
 [0,0.000219285)
 [0,0.000219405)
 [0,0.000219643)
 [0,0.00022012)
 [0,0.000220418)
 [0,0.000220776)
 [0,0.000220925)
 [0,0.000221074)
 [0,0.000221114)
 [0,0.00022155)
 [0,0.000221908)
 [0,0.000222027)
 [0,0.000222027)
 [0,0.000222921)
 [0,0.000223339)
 [0,0.000223577)
 [0,0.000223875)
 [0,0.000224024)
 [0,0.000224054)
 [0,0.000225365)
 [0,0.000225514)
 [0,0.000226766)
 [0,0.000227004)
 [0,0.000227094)
 [0,0.000227094)
 [0,0.000227392)
 [0,0.000228226)
 [0,0.000228673)
 [0,0.000228873)
 [0,0.000228912)
 [0,0.000229627)
 [0,0.000229716)
 [0,0.000230879)
 [0,0.000231087)
 [0,0.000232279)
 [0,0.00023254)
 [0,0.000232697)
 [0,0.000233233)
 [0,0.000233471)
 [0,0.00023371)
 [0,0.000233769)
 [0,0.000233948)
 [0,0.000234425)
 [0,0.000234723)
 [0,0.000234783)
 [0,0.000234882)
 [0,0.000235438)
 [0,0.000235498)
 [0,0.000235796)
 [0,0.000235975)
 [0,0.000236034)
 [0,0.000236034)
 [0,0.000236213)
 [0,0.000237167)
 [0,0.000237286)
 [0,0.000237525)
 [0,0.000237763)
 [0,0.000237823)
 [0,0.000237942)
 [0,0.000238627)
 [0,0.000239015)
 [0,0.000239074)
 [0,0.000239521)
 [0,0.000239849)
 [0,0.000240833)
 [0,0.000240862)
 [0,0.000241458)
 [0,0.000241697)
 [0,0.000243366)
 [0,0.000243574)
 [0,0.000243783)
 [0,0.0002442)
 [0,0.00024423)
 [0,0.000244796)
 [0,0.000245035)
 [0,0.000245452)
 [0,0.000245482)
 [0,0.000245541)
 [0,0.000246137)
 [0,0.000246644)
 [0,0.000246882)
 [0,0.00024724)
 [0,0.000247478)
 [0,0.000247596)
 [0,0.000248313)
 [0,0.000248849)
 [0,0.000249624)
 [0,0.000249863)
 [0,0.000250131)
 [0,0.000250161)
 [0,0.00025028)
 [0,0.00025028)
 [0,0.000250399)
 [0,0.000250429)
 [0,0.000250459)
 [0,0.000250548)
 [0,0.000250936)
 [0,0.000252455)
 [0,0.000252813)
 [0,0.000253171)
 [0,0.000253379)
 [0,0.000253677)
 [0,0.000254035)
 [0,0.000254393)
 [0,0.000254929)
 [0,0.000255108)
 [0,0.000255227)
 [0,0.000255585)
 [0,0.000255764)
 [0,0.000255883)
 [0,0.000256956)
 [0,0.000257015)
 [0,0.000257015)
 [0,0.00025785)
 [0,0.000257879)
 [0,0.000258327)
 [0,0.000258625)
 [0,0.000258923)
 [0,0.00025925)
 [0,0.000259459)
 [0,0.000259876)
 [0,0.000260174)
 [0,0.000260323)
 [0,0.000260353)
 [0,0.00026089)
 [0,0.000260949)
 [0,0.000261128)
 [0,0.000261972)
 [0,0.000262609)
 [0,0.000262916)
 [0,0.000263035)
 [0,0.000263691)
 [0,0.00026378)
 [0,0.00026387)
 [0,0.000264108)
 [0,0.000264734)
 [0,0.000265658)
 [0,0.000265956)
 [0,0.000266403)
 [0,0.000266671)
 [0,0.00026685)
 [0,0.000267208)
 [0,0.000267774)
 [0,0.000268042)
 [0,0.000269413)
 [0,0.000270128)
 [0,0.000270545)
 [0,0.000270993)
 [0,0.000271857)
 [0,0.000272095)
 [0,0.00027281)
 [0,0.000273466)
 [0,0.000273526)
 [0,0.000274301)
 [0,0.00027445)
 [0,0.000274837)
 [0,0.000275344)
 [0,0.000275373)
 [0,0.000275582)
 [0,0.000276387)
 [0,0.000276387)
 [0,0.000276566)
 [0,0.000276685)
 [0,0.000277042)
 [0,0.000277877)
 [0,0.000278443)
 [0,0.000280976)
 [0,0.000281489)
 [0,0.000281692)
 [0,0.000281751)
 [0,0.000282764)
 [0,0.000283271)
 [0,0.000283599)
 [0,0.000283897)
 [0,0.000284135)
 [0,0.000285894)
 [0,0.000286435)
 [0,0.000286758)
 [0,0.000286788)
 [0,0.000286803)
 [0,0.000286818)
 [0,0.000287116)
 [0,0.000287116)
 [0,0.000287652)
 [0,0.000287877)
 [0,0.00028795)
 [0,0.00028795)
 [0,0.000288367)
 [0,0.000288844)
 [0,0.000288904)
 [0,0.000288963)
 [0,0.000289619)
 [0,0.000289917)
 [0,0.00029099)
 [0,0.000291079)
 [0,0.000291139)
 [0,0.000291288)
 [0,0.000292242)
 [0,0.000294328)
 [0,0.000294507)
 [0,0.000294626)
 [0,0.000294745)
 [0,0.000296056)
 [0,0.000296265)
 [0,0.000296801)
 [0,0.000297189)
 [0,0.000297458)
 [0,0.000297934)
 [0,0.000298083)
 [0,0.000299513)
 [0,0.000299573)
 [0,0.000299633)
 [0,0.000300373)
 [0,0.000300646)
 [0,0.000301361)
 [0,0.000301391)
 [0,0.000301421)
 [0,0.000302553)
 [0,0.000302851)
 [0,0.000303864)
 [0,0.000304043)
 [0,0.000304222)
 [0,0.000304282)
 [0,0.000304371)
 [0,0.000305474)
 [0,0.000306269)
 [0,0.000306666)
 [0,0.000307262)
 [0,0.000307351)
 [0,0.0003075)
 [0,0.00030756)
 [0,0.000307918)
 [0,0.000307977)
 [0,0.00030905)
 [0,0.000309736)
 [0,0.000310212)
 [0,0.00031215)
 [0,0.000313103)
 [0,0.000313342)
 [0,0.000313401)
 [0,0.000313967)
 [0,0.000314951)
 [0,0.000315189)
 [0,0.000316977)
 [0,0.000317276)
 [0,0.00031805)
 [0,0.000320619)
 [0,0.000320762)
 [0,0.00032115)
 [0,0.000321329)
 [0,0.000321507)
 [0,0.000321656)
 [0,0.000321686)
 [0,0.000321776)
 [0,0.000322372)
 [0,0.000323534)
 [0,0.000323713)
 [0,0.000323892)
 [0,0.00032407)
 [0,0.000326157)
 [0,0.000326872)
 [0,0.000327915)
 [0,0.000327945)
 [0,0.000328804)
 [0,0.000329226)
 [0,0.000330806)
 [0,0.000331938)
 [0,0.000332773)
 [0,0.000332892)
 [0,0.000333309)
 [0,0.000333428)
 [0,0.000334084)
 [0,0.000335244)
 [0,0.000335426)
 [0,0.000335574)
 [0,0.000337422)
 [0,0.000338674)
 [0,0.000339091)
 [0,0.000340372)
 [0,0.000340372)
 [0,0.00034076)
 [0,0.000341475)
 [0,0.000342369)
 [0,0.000342816)
 [0,0.000343144)
 [0,0.000345349)
 [0,0.000345528)
 [0,0.000346065)
 [0,0.000346631)
 [0,0.00034681)
 [0,0.000347376)
 [0,0.000348091)
 [0,0.000348926)
 [0,0.000349224)
 [0,0.000350594)
 [0,0.000350773)
 [0,0.00035125)
 [0,0.000351727)
 [0,0.000351846)
 [0,0.000351995)
 [0,0.000353545)
 [0,0.000354201)
 [0,0.000354767)
 [0,0.000355065)
 [0,0.000355184)
 [0,0.000357002)
 [0,0.000357181)
 [0,0.000357628)
 [0,0.000359774)
 [0,0.000360727)
 [0,0.000361145)
 [0,0.000361323)
 [0,0.000362068)
 [0,0.000362873)
 [0,0.000363409)
 [0,0.000363587)
 [0,0.000364661)
 [0,0.000365198)
 [0,0.000366032)
 [0,0.000367067)
 [0,0.000367492)
 [0,0.000367582)
 [0,0.000368088)
 [0,0.000369877)
 [0,0.000370085)
 [0,0.000370199)
 [0,0.000371277)
 [0,0.000371695)
 [0,0.000371993)
 [0,0.000372356)
 [0,0.000372469)
 [0,0.000374019)
 [0,0.000374079)
 [0,0.000374407)
 [0,0.000374407)
 [0,0.000375092)
 [0,0.000378166)
 [0,0.000378698)
 [0,0.000378885)
 [0,0.000380874)
 [0,0.0003812)
 [0,0.000381261)
 [0,0.000382781)
 [0,0.000383198)
 [0,0.000383828)
 [0,0.000384629)
 [0,0.000385284)
 [0,0.000386029)
 [0,0.000387311)
 [0,0.000387579)
 [0,0.000388592)
 [0,0.000388694)
 [0,0.000389039)
 [0,0.000389625)
 [0,0.000390738)
 [0,0.000393838)
 [0,0.000394344)
 [0,0.00039539)
 [0,0.000396371)
 [0,0.000396877)
 [0,0.000397325)
 [0,0.000397384)
 [0,0.000397702)
 [0,0.000398278)
 [0,0.000400662)
 [0,0.000400901)
 [0,0.000403494)
 [0,0.000403702)
 [0,0.00040409)
 [0,0.000404507)
 [0,0.000405669)
 [0,0.000405908)
 [0,0.00040674)
 [0,0.000407159)
 [0,0.00040806)
 [0,0.000408471)
 [0,0.000408537)
 [0,0.000410616)
 [0,0.000412226)
 [0,0.000412345)
 [0,0.000412464)
 [0,0.000412742)
 [0,0.000413418)
 [0,0.000413537)
 [0,0.00041464)
 [0,0.000414807)
 [0,0.000415385)
 [0,0.000416994)
 [0,0.000417173)
 [0,0.000417411)
 [0,0.000417501)
 [0,0.000419438)
 [0,0.000419702)
 [0,0.000420898)
 [0,0.000422537)
 [0,0.000423193)
 [0,0.000423402)
 [0,0.000425577)
 [0,0.000425875)
 [0,0.000426799)
 [0,0.000426829)
 [0,0.000426976)
 [0,0.000427604)
 [0,0.000428736)
 [0,0.000428796)
 [0,0.000428855)
 [0,0.000429628)
 [0,0.00042963)
 [0,0.000432223)
 [0,0.00043273)
 [0,0.000433147)
 [0,0.000433713)
 [0,0.000433803)
 [0,0.00043422)
 [0,0.000434905)
 [0,0.000435518)
 [0,0.000436604)
 [0,0.000437107)
 [0,0.000437915)
 [0,0.000438452)
 [0,0.000438452)
 [0,0.000440866)
 [0,0.000441459)
 [0,0.000441521)
 [0,0.000442028)
 [0,0.000442055)
 [0,0.00044273)
 [0,0.00044632)
 [0,0.00044692)
 [0,0.000447363)
 [0,0.000448117)
 [0,0.000449717)
 [0,0.000450165)
 [0,0.000451505)
 [0,0.000453502)
 [0,0.00045383)
 [0,0.000454366)
 [0,0.000455797)
 [0,0.000457227)
 [0,0.00045836)
 [0,0.000459522)
 [0,0.000461698)
 [0,0.000463217)
 [0,0.000464469)
 [0,0.000464588)
 [0,0.000464827)
 [0,0.000466585)
 [0,0.000469297)
 [0,0.000469744)
 [0,0.000471294)
 [0,0.000475735)
 [0,0.000476517)
 [0,0.000476748)
 [0,0.000477731)
 [0,0.000478208)
 [0,0.00047972)
 [0,0.000481397)
 [0,0.000483006)
 [0,0.000483096)
 [0,0.000484616)
 [0,0.000485129)
 [0,0.000487447)
 [0,0.000488312)
 [0,0.000490964)
 [0,0.000491142)
 [0,0.000492364)
 [0,0.000493292)
 [0,0.000493497)
 [0,0.000494003)
 [0,0.000494897)
 [0,0.000497281)
 [0,0.00049749)
 [0,0.000497751)
 [0,0.000497818)
 [0,0.000499636)
 [0,0.00050053)
 [0,0.000500798)
 [0,0.000502104)
 [0,0.000503838)
 [0,0.000504076)
 [0,0.000504552)
 [0,0.00050485)
 [0,0.000508666)
 [0,0.000511885)
 [0,0.000514856)
 [0,0.000516772)
 [0,0.000517368)
 [0,0.000518834)
 [0,0.000519842)
 [0,0.000523211)
 [0,0.000523716)
 [0,0.000523895)
 [0,0.000526482)
 [0,0.000527531)
 [0,0.000533669)
 [0,0.000535548)
 [0,0.000535697)
 [0,0.000540493)
 [0,0.00054357)
 [0,0.000544304)
 [0,0.000545072)
 [0,0.000546157)
 [0,0.000549306)
 [0,0.000550341)
 [0,0.000554144)
 [0,0.000561833)
 [0,0.00056262)
 [0,0.000563539)
 [0,0.000563675)
 [0,0.000568181)
 [0,0.000570059)
 [0,0.000573128)
 [0,0.000573194)
 [0,0.000573665)
 [0,0.000573949)
 [0,0.000581503)
 [0,0.00058189)
 [0,0.000582064)
 [0,0.00058277)
 [0,0.000583023)
 [0,0.00058338)
 [0,0.000586331)
 [0,0.000586808)
 [0,0.000587136)
 [0,0.000589192)
 [0,0.000590905)
 [0,0.000591179)
 [0,0.000591453)
 [0,0.000592053)
 [0,0.0005947)
 [0,0.000595064)
 [0,0.000596198)
 [0,0.000596851)
 [0,0.000598371)
 [0,0.000599325)
 [0,0.000601202)
 [0,0.000602484)
 [0,0.000604205)
 [0,0.000605226)
 [0,0.000605694)
 [0,0.000606358)
 [0,0.000607193)
 [0,0.000607848)
 [0,0.00060907)
 [0,0.000610804)
 [0,0.000610977)
 [0,0.000620157)
 [0,0.000620815)
 [0,0.000622213)
 [0,0.00062675)
 [0,0.000629067)
 [0,0.000629067)
 [0,0.000630906)
 [0,0.000635013)
 [0,0.000635326)
 [0,0.000636471)
 [0,0.000636637)
 [0,0.000637889)
 [0,0.000643879)
 [0,0.000647689)
 [0,0.000649333)
 [0,0.000649509)
 [0,0.000649534)
 [0,0.000650346)
 [0,0.000651151)
 [0,0.000651726)
 [0,0.000652373)
 [0,0.000653127)
 [0,0.000654124)
 [0,0.000655414)
 [0,0.000657)
 [0,0.000664413)
 [0,0.000664651)
 [0,0.000667355)
 [0,0.000667381)
 [0,0.000667868)
 [0,0.000669539)
 [0,0.000674549)
 [0,0.000675231)
 [0,0.000675987)
 [0,0.000678976)
 [0,0.000680208)
 [0,0.000682468)
 [0,0.000682665)
 [0,0.000683665)
 [0,0.000688612)
 [0,0.000689209)
 [0,0.000695884)
 [0,0.000696535)
 [0,0.000696957)
 [0,0.000697029)
 [0,0.000701129)
 [0,0.000701785)
 [0,0.00070397)
 [0,0.000705284)
 [0,0.000705369)
 [0,0.000705734)
 [0,0.000706494)
 [0,0.000710428)
 [0,0.000710684)
 [0,0.000712482)
 [0,0.000713392)
 [0,0.000714064)
 [0,0.000720859)
 [0,0.000722378)
 [0,0.000723207)
 [0,0.000727112)
 [0,0.000727951)
 [0,0.000733012)
 [0,0.000733375)
 [0,0.000738237)
 [0,0.000739604)
 [0,0.000741124)
 [0,0.000741558)
 [0,0.000741929)
 [0,0.000743538)
 [0,0.000744596)
 [0,0.000747949)
 [0,0.000748783)
 [0,0.000753701)
 [0,0.00075388)
 [0,0.000755162)
 [0,0.000756641)
 [0,0.000757601)
 [0,0.000759787)
 [0,0.000764739)
 [0,0.000764944)
 [0,0.000766933)
 [0,0.000767112)
 [0,0.000767242)
 [0,0.000768158)
 [0,0.000769496)
 [0,0.000772474)
 [0,0.000773467)
 [0,0.000773907)
 [0,0.000774056)
 [0,0.000774145)
 [0,0.000775322)
 [0,0.000775337)
 [0,0.000776917)
 [0,0.000777362)
 [0,0.000779688)
 [0,0.000783831)
 [0,0.000784278)
 [0,0.000788425)
 [0,0.00079169)
 [0,0.000791778)
 [0,0.000793695)
 [0,0.000794746)
 [0,0.000794947)
 [0,0.000795782)
 [0,0.000797749)
 [0,0.00080049)
 [0,0.000801879)
 [0,0.000802785)
 [0,0.000805419)
 [0,0.000806244)
 [0,0.000806659)
 [0,0.000810197)
 [0,0.00081071)
 [0,0.000811547)
 [0,0.000813266)
 [0,0.000813266)
 [0,0.000813374)
 [0,0.000813424)
 [0,0.00081414)
 [0,0.000814587)
 [0,0.000817001)
 [0,0.000820362)
 [0,0.000822931)
 [0,0.000822961)
 [0,0.000825066)
 [0,0.000826629)
 [0,0.000828057)
 [0,0.000831242)
 [0,0.000833392)
 [0,0.000833481)
 [0,0.000834215)
 [0,0.000837833)
 [0,0.000838459)
 [0,0.000838697)
 [0,0.000838779)
 [0,0.000838846)
 [0,0.000839561)
 [0,0.000840674)
 [0,0.00084132)
 [0,0.000842065)
 [0,0.000842403)
 [0,0.00084427)
 [0,0.000845611)
 [0,0.000846959)
 [0,0.000848471)
 [0,0.00085368)
 [0,0.000859678)
 [0,0.000860269)
 [0,0.000861467)
 [0,0.000861988)
 [0,0.000862628)
 [0,0.00086447)
 [0,0.000864476)
 [0,0.000866302)
 [0,0.000872323)
 [0,0.000876533)
 [0,0.000876576)
 [0,0.000877881)
 [0,0.000879615)
 [0,0.000883324)
 [0,0.00088418)
 [0,0.000887412)
 [0,0.000888407)
 [0,0.000889033)
 [0,0.00089139)
 [0,0.00089198)
 [0,0.000895321)
 [0,0.000896349)
 [0,0.000898344)
 [0,0.000899255)
 [0,0.000903726)
 [0,0.000904242)
 [0,0.000904303)
 [0,0.000906174)
 [0,0.000907297)
 [0,0.000908214)
 [0,0.000909109)
 [0,0.000911893)
 [0,0.000914432)
 [0,0.000914479)
 [0,0.00091778)
 [0,0.000919629)
 [0,0.000920581)
 [0,0.000923395)
 [0,0.000925726)
 [0,0.000926779)
 [0,0.000927382)
 [0,0.000927598)
 [0,0.000927659)
 [0,0.000929051)
 [0,0.000932382)
 [0,0.000933733)
 [0,0.000933991)
 [0,0.000939459)
 [0,0.000940237)
 [0,0.000940657)
 [0,0.000941175)
 [0,0.000942313)
 [0,0.000943649)
 [0,0.000945449)
 [0,0.000949681)
 [0,0.000951711)
 [0,0.000955657)
 [0,0.000956978)
 [0,0.000960231)
 [0,0.000961341)
 [0,0.000961512)
 [0,0.000962913)
 [0,0.000963775)
 [0,0.000964731)
 [0,0.000965823)
 [0,0.000968616)
 [0,0.000968811)
 [0,0.000968875)
 [0,0.000972688)
 [0,0.000974029)
 [0,0.000976267)
 [0,0.000977356)
 [0,0.000977695)
 [0,0.000978752)
 [0,0.000981891)
 [0,0.000984347)
 [0,0.00098452)
 [0,0.000986993)
 [0,0.000987362)
 [0,0.000988483)
 [0,0.000988936)
 [0,0.000993329)
 [0,0.000993688)
 [0,0.000994021)
 [0,0.00099507)
 [0,0.000995573)
 [0,0.000998322)
 [0,0.000998937)
 [0,0.000999451)
 [0,0.00100015)
 [0,0.00100275)
 [0,0.00100288)
 [0,0.00100313)
 [0,0.00100401)
 [0,0.00100627)
 [0,0.00101399)
 [0,0.00101456)
 [0,0.00101529)
 [0,0.00101719)
 [0,0.00102108)
 [0,0.00102378)
 [0,0.00102726)
 [0,0.00102805)
 [0,0.00102988)
 [0,0.00103335)
 [0,0.00103457)
 [0,0.00103537)
 [0,0.00103562)
 [0,0.00103658)
 [0,0.00103694)
 [0,0.00103985)
 [0,0.00103998)
 [0,0.00104365)
 [0,0.00104486)
 [0,0.00104725)
 [0,0.00104839)
 [0,0.00104911)
 [0,0.00105643)
 [0,0.00105658)
 [0,0.00105789)
 [0,0.00105846)
 [0,0.00105983)
 [0,0.00106213)
 [0,0.00106222)
 [0,0.00106471)
 [0,0.00106488)
 [0,0.00106791)
 [0,0.00106816)
 [0,0.00106916)
 [0,0.00107059)
 [0,0.00107403)
 [0,0.00107521)
 [0,0.0010754)
 [0,0.00107774)
 [0,0.0010799)
 [0,0.00108048)
 [0,0.00108683)
 [0,0.00108721)
 [0,0.00109282)
 [0,0.00109291)
 [0,0.00109332)
 [0,0.00109716)
 [0,0.0010982)
 [0,0.00110218)
 [0,0.0011043)
 [0,0.00110476)
 [0,0.00110571)
 [0,0.00110599)
 [0,0.00110802)
 [0,0.00110817)
 [0,0.00110841)
 [0,0.0011093)
 [0,0.0011102)
 [0,0.00111211)
 [0,0.00111549)
 [0,0.0011157)
 [0,0.00111822)
 [0,0.00111881)
 [0,0.00112063)
 [0,0.00112262)
 [0,0.00112402)
 [0,0.00112827)
 [0,0.00112925)
 [0,0.00114046)
 [0,0.00114236)
 [0,0.00114443)
 [0,0.00114721)
 [0,0.00114726)
 [0,0.00115028)
 [0,0.00115132)
 [0,0.00115165)
 [0,0.00115198)
 [0,0.00115323)
 [0,0.00115389)
 [0,0.00115393)
 [0,0.0011547)
 [0,0.00115753)
 [0,0.00116137)
 [0,0.00116143)
 [0,0.00116725)
 [0,0.00116749)
 [0,0.00117354)
 [0,0.00117505)
 [0,0.00117608)
 [0,0.00117818)
 [0,0.00117834)
 [0,0.00118383)
 [0,0.00118872)
 [0,0.00118881)
 [0,0.00118884)
 [0,0.00119105)
 [0,0.00119364)
 [0,0.00119646)
 [0,0.00119697)
 [0,0.00119827)
 [0,0.0011986)
 [0,0.00120142)
 [0,0.00120358)
 [0,0.00120372)
 [0,0.00120374)
 [0,0.00120395)
 [0,0.00120589)
 [0,0.00120696)
 [0,0.00120861)
 [0,0.00121069)
 [0,0.00121071)
 [0,0.00121294)
 [0,0.00121421)
 [0,0.00121467)
 [0,0.00121473)
 [0,0.00121524)
 [0,0.00121543)
 [0,0.00121869)
 [0,0.00121948)
 [0,0.0012212)
 [0,0.00122138)
 [0,0.00122226)
 [0,0.00122383)
 [0,0.00122753)
 [0,0.00123036)
 [0,0.00123069)
 [0,0.00123098)
 [0,0.00123244)
 [0,0.00123331)
 [0,0.00124595)
 [0,0.00124816)
 [0,0.00124879)
 [0,0.00125237)
 [0,0.00125327)
 [0,0.00125736)
 [0,0.00125793)
 [0,0.00126209)
 [0,0.00126503)
 [0,0.00126573)
 [0,0.00126729)
 [0,0.00126763)
 [0,0.00126804)
 [0,0.00127101)
 [0,0.0012711)
 [0,0.00127205)
 [0,0.00127216)
 [0,0.00127292)
 [0,0.00127375)
 [0,0.00127614)
 [0,0.00127766)
 [0,0.00127819)
 [0,0.00127882)
 [0,0.00127932)
 [0,0.00128028)
 [0,0.00128232)
 [0,0.00128786)
 [0,0.0012883)
 [0,0.00128985)
 [0,0.00129554)
 [0,0.00130068)
 [0,0.0013026)
 [0,0.00130275)
 [0,0.00130558)
 [0,0.00130701)
 [0,0.00130719)
 [0,0.0013074)
 [0,0.00130823)
 [0,0.00130869)
 [0,0.00130983)
 [0,0.00131059)
 [0,0.0013118)
 [0,0.00131197)
 [0,0.00131471)
 [0,0.00131514)
 [0,0.00131612)
 [0,0.0013162)
 [0,0.00131811)
 [0,0.0013229)
 [0,0.0013248)
 [0,0.00132898)
 [0,0.0013307)
 [0,0.0013319)
 [0,0.00133394)
 [0,0.00133416)
 [0,0.00133547)
 [0,0.00133819)
 [0,0.00133892)
 [0,0.00134236)
 [0,0.001345)
 [0,0.00134545)
 [0,0.0013463)
 [0,0.00134729)
 [0,0.00134973)
 [0,0.00135578)
 [0,0.00135743)
 [0,0.00135754)
 [0,0.00135779)
 [0,0.001362)
 [0,0.00136898)
 [0,0.00137034)
 [0,0.00137077)
 [0,0.00137111)
 [0,0.00137345)
 [0,0.00137377)
 [0,0.00137604)
 [0,0.00137802)
 [0,0.00137858)
 [0,0.00137888)
 [0,0.00138178)
 [0,0.00138234)
 [0,0.00138362)
 [0,0.00138409)
 [0,0.00138636)
 [0,0.00138667)
 [0,0.0013893)
 [0,0.00139295)
 [0,0.0013967)
 [0,0.00139672)
 [0,0.00140331)
 [0,0.00140611)
 [0,0.00140695)
 [0,0.00140753)
 [0,0.001408)
 [0,0.00140911)
 [0,0.00141324)
 [0,0.00141325)
 [0,0.0014152)
 [0,0.00141712)
 [0,0.00141904)
 [0,0.0014205)
 [0,0.00142142)
 [0,0.00142171)
 [0,0.00142498)
 [0,0.00142746)
 [0,0.00143089)
 [0,0.00143218)
 [0,0.00143242)
 [0,0.00143262)
 [0,0.00143423)
 [0,0.00143669)
 [0,0.00143942)
 [0,0.00144013)
 [0,0.00144046)
 [0,0.00144089)
 [0,0.00144137)
 [0,0.00144235)
 [0,0.00144465)
 [0,0.00144501)
 [0,0.00144503)
 [0,0.00144556)
 [0,0.00144646)
 [0,0.00144849)
 [0,0.00145115)
 [0,0.00145217)
 [0,0.00145296)
 [0,0.00145528)
 [0,0.00145623)
 [0,0.00145685)
 [0,0.00145879)
 [0,0.00145966)
 [0,0.00145996)
 [0,0.00146018)
 [0,0.00146544)
 [0,0.00146913)
 [0,0.00147042)
 [0,0.00147218)
 [0,0.00147479)
 [0,0.00147697)
 [0,0.00147735)
 [0,0.00147784)
 [0,0.00148025)
 [0,0.00148091)
 [0,0.00148406)
 [0,0.00148445)
 [0,0.00148497)
 [0,0.00148543)
 [0,0.00148566)
 [0,0.0014869)
 [0,0.00148697)
 [0,0.00149128)
 [0,0.00149189)
 [0,0.00149606)
 [0,0.00149616)
 [0,0.00149705)
 [0,0.00149723)
 [0,0.00149751)
 [0,0.00149801)
 [0,0.00150092)
 [0,0.00150154)
 [0,0.00150241)
 [0,0.0015042)
 [0,0.0015049)
 [0,0.0015059)
 [0,0.00150737)
 [0,0.00150775)
 [0,0.00151048)
 [0,0.0015106)
 [0,0.00151189)
 [0,0.00151392)
 [0,0.00151564)
 [0,0.00151564)
 [0,0.00151954)
 [0,0.00152019)
 [0,0.00152023)
 [0,0.00152459)
 [0,0.00152564)
 [0,0.00152634)
 [0,0.00152986)
 [0,0.00153215)
 [0,0.00153235)
 [0,0.00153257)
 [0,0.00153512)
 [0,0.00153959)
 [0,0.00153967)
 [0,0.00154485)
 [0,0.00154531)
 [0,0.00154534)
 [0,0.00154653)
 [0,0.0015467)
 [0,0.00154815)
 [0,0.00154924)
 [0,0.00155093)
 [0,0.00155326)
 [0,0.00155648)
 [0,0.00155665)
 [0,0.00155839)
 [0,0.00156174)
 [0,0.00156303)
 [0,0.00156546)
 [0,0.0015684)
 [0,0.00157042)
 [0,0.00157752)
 [0,0.00157922)
 [0,0.00157965)
 [0,0.00157986)
 [0,0.00158055)
 [0,0.00158168)
 [0,0.00158224)
 [0,0.00158313)
 [0,0.00158548)
 [0,0.00158896)
 [0,0.00159591)
 [0,0.00159648)
 [0,0.00159755)
 [0,0.00159845)
 [0,0.00160207)
 [0,0.00160217)
 [0,0.00160414)
 [0,0.00160483)
 [0,0.00160566)
 [0,0.00160969)
 [0,0.00161014)
 [0,0.00161017)
 [0,0.00161123)
 [0,0.00161288)
 [0,0.00161429)
 [0,0.00161579)
 [0,0.00161831)
 [0,0.00161911)
 [0,0.00162062)
 [0,0.00162085)
 [0,0.00162127)
 [0,0.00162496)
 [0,0.00162518)
 [0,0.00162585)
 [0,0.00162979)
 [0,0.0016329)
 [0,0.00163472)
 [0,0.00163552)
 [0,0.00163585)
 [0,0.00163615)
 [0,0.00163829)
 [0,0.00164379)
 [0,0.00164384)
 [0,0.00164535)
 [0,0.00164542)
 [0,0.00164619)
 [0,0.00164634)
 [0,0.00164637)
 [0,0.00164771)
 [0,0.00164786)
 [0,0.00164978)
 [0,0.00165027)
 [0,0.00165057)
 [0,0.00165075)
 [0,0.00165157)
 [0,0.00165322)
 [0,0.00165341)
 [0,0.00165406)
 [0,0.00165578)
 [0,0.00165825)
 [0,0.00165853)
 [0,0.00165999)
 [0,0.00166303)
 [0,0.00166428)
 [0,0.00166448)
 [0,0.00166475)
 [0,0.00166673)
 [0,0.00167104)
 [0,0.00167201)
 [0,0.00167259)
 [0,0.00167879)
 [0,0.00167926)
 [0,0.00167944)
 [0,0.0016797)
 [0,0.00168167)
 [0,0.00168238)
 [0,0.00168277)
 [0,0.00168284)
 [0,0.00168304)
 [0,0.00168444)
 [0,0.00168546)
 [0,0.00168823)
 [0,0.0016903)
 [0,0.00169405)
 [0,0.00169679)
 [0,0.00169923)
 [0,0.00170169)
 [0,0.00170222)
 [0,0.0017038)
 [0,0.00170397)
 [0,0.0017045)
 [0,0.0017058)
 [0,0.00170841)
 [0,0.00171062)
 [0,0.0017122)
 [0,0.00171706)
 [0,0.00171761)
 [0,0.00171856)
 [0,0.00171873)
 [0,0.00171879)
 [0,0.00171911)
 [0,0.00171991)
 [0,0.00172214)
 [0,0.00172351)
 [0,0.00172553)
 [0,0.00172577)
 [0,0.00173012)
 [0,0.0017305)
 [0,0.00173102)
 [0,0.00173163)
 [0,0.00173458)
 [0,0.00173507)
 [0,0.00173698)
 [0,0.00173941)
 [0,0.00174014)
 [0,0.00174186)
 [0,0.00174406)
 [0,0.00174654)
 [0,0.00174712)
 [0,0.00174717)
 [0,0.00174727)
 [0,0.00174763)
 [0,0.00174777)
 [0,0.00174932)
 [0,0.00174938)
 [0,0.00174953)
 [0,0.00175053)
 [0,0.00175105)
 [0,0.00175527)
 [0,0.0017559)
 [0,0.00175596)
 [0,0.00175608)
 [0,0.00175643)
 [0,0.00175878)
 [0,0.00175955)
 [0,0.00176153)
 [0,0.00176225)
 [0,0.00176325)
 [0,0.00176755)
 [0,0.00176932)
 [0,0.00177003)
 [0,0.00177057)
 [0,0.00177236)
 [0,0.00177348)
 [0,0.00177491)
 [0,0.00177527)
 [0,0.00177782)
 [0,0.00177868)
 [0,0.00177881)
 [0,0.00178096)
 [0,0.00178126)
 [0,0.00178629)
 [0,0.00178694)
 [0,0.00178838)
 [0,0.00178907)
 [0,0.00178953)
 [0,0.00179052)
 [0,0.00179259)
 [0,0.00179405)
 [0,0.00179546)
 [0,0.00179587)
 [0,0.00179699)
 [0,0.00179767)
 [0,0.00180048)
 [0,0.00180077)
 [0,0.00180092)
 [0,0.00180373)
 [0,0.00180489)
 [0,0.00180584)
 [0,0.00180835)
 [0,0.0018089)
 [0,0.00180979)
 [0,0.00181181)
 [0,0.00181205)
 [0,0.00181382)
 [0,0.00181464)
 [0,0.00181512)
 [0,0.0018157)
 [0,0.00181694)
 [0,0.0018177)
 [0,0.00181912)
 [0,0.00181963)
 [0,0.00182314)
 [0,0.00182373)
 [0,0.00182378)
 [0,0.00182716)
 [0,0.00182867)
 [0,0.00182876)
 [0,0.00182877)
 [0,0.00183143)
 [0,0.00183223)
 [0,0.00183289)
 [0,0.0018331)
 [0,0.0018343)
 [0,0.00183452)
 [0,0.00183453)
 [0,0.00183798)
 [0,0.0018402)
 [0,0.00184435)
 [0,0.00184491)
 [0,0.00184492)
 [0,0.00184787)
 [0,0.00184811)
 [0,0.00185018)
 [0,0.00185195)
 [0,0.00185272)
 [0,0.00185312)
 [0,0.00185581)
 [0,0.00185684)
 [0,0.00185781)
 [0,0.00186151)
 [0,0.00186748)
 [0,0.00187145)
 [0,0.00187163)
 [0,0.00187196)
 [0,0.00187643)
 [0,0.00187791)
 [0,0.00187878)
 [0,0.00187987)
 [0,0.00188029)
 [0,0.00188289)
 [0,0.00188449)
 [0,0.00188473)
 [0,0.00188506)
 [0,0.00188575)
 [0,0.00188594)
 [0,0.00188733)
 [0,0.00189017)
 [0,0.0018913)
 [0,0.00189206)
 [0,0.00189206)
 [0,0.0018923)
 [0,0.00189288)
 [0,0.00189381)
 [0,0.00189789)
 [0,0.00189802)
 [0,0.00189919)
 [0,0.00190027)
 [0,0.00190356)
 [0,0.00190441)
 [0,0.00190495)
 [0,0.00190827)
 [0,0.00190861)
 [0,0.00190908)
 [0,0.00191054)
 [0,0.00191136)
 [0,0.00191453)
 [0,0.00191461)
 [0,0.0019148)
 [0,0.00191748)
 [0,0.00191894)
 [0,0.00192014)
 [0,0.0019209)
 [0,0.00192162)
 [0,0.00192679)
 [0,0.00192828)
 [0,0.00193018)
 [0,0.00193207)
 [0,0.00193316)
 [0,0.00193439)
 [0,0.00193609)
 [0,0.00193635)
 [0,0.00193704)
 [0,0.00193802)
 [0,0.00193842)
 [0,0.00194179)
 [0,0.0019432)
 [0,0.00194539)
 [0,0.00194557)
 [0,0.00194607)
 [0,0.00194709)
 [0,0.00194818)
 [0,0.00194942)
 [0,0.00195165)
 [0,0.00195557)
 [0,0.00195625)
 [0,0.00195663)
 [0,0.00195781)
 [0,0.0019603)
 [0,0.00196406)
 [0,0.0019641)
 [0,0.00196502)
 [0,0.00196626)
 [0,0.00196839)
 [0,0.00196859)
 [0,0.0019688)
 [0,0.00196927)
 [0,0.00197274)
 [0,0.00197492)
 [0,0.00197632)
 [0,0.00197711)
 [0,0.00197759)
 [0,0.00197777)
 [0,0.00197843)
 [0,0.00197896)
 [0,0.00198015)
 [0,0.00198184)
 [0,0.00198261)
 [0,0.0019829)
 [0,0.0019843)
 [0,0.0019863)
 [0,0.00198885)
 [0,0.0019891)
 [0,0.00198921)
 [0,0.00198924)
 [0,0.00199068)
 [0,0.0019907)
 [0,0.00199193)
 [0,0.00199273)
 [0,0.00199431)
 [0,0.00199467)
 [0,0.0019973)
 [0,0.00199959)
 [0,0.0020032)
 [0,0.00200367)
 [0,0.00200456)
 [0,0.00200485)
 [0,0.002006)
 [0,0.00200831)
 [0,0.00201052)
 [0,0.00201221)
 [0,0.00201353)
 [0,0.00201417)
 [0,0.00201497)
 [0,0.00201931)
 [0,0.00202297)
 [0,0.0020262)
 [0,0.00203075)
 [0,0.00203216)
 [0,0.00203299)
 [0,0.00203736)
 [0,0.00203747)
 [0,0.00203838)
 [0,0.00203893)
 [0,0.00204047)
 [0,0.00204313)
 [0,0.00204406)
 [0,0.00204652)
 [0,0.00204735)
 [0,0.00204868)
 [0,0.00204868)
 [0,0.0020493)
 [0,0.00205024)
 [0,0.00205071)
 [0,0.00205278)
 [0,0.00205465)
 [0,0.0020549)
 [0,0.00205945)
 [0,0.00206017)
 [0,0.00206238)
 [0,0.00206268)
 [0,0.0020644)
 [0,0.00206515)
 [0,0.00206815)
 [0,0.00207194)
 [0,0.00207566)
 [0,0.00207623)
 [0,0.0020771)
 [0,0.00207714)
 [0,0.00207761)
 [0,0.00207917)
 [0,0.00207963)
 [0,0.00208045)
 [0,0.00208117)
 [0,0.00208275)
 [0,0.00208531)
 [0,0.00208924)
 [0,0.00209238)
 [0,0.00209309)
 [0,0.00209528)
 [0,0.00209586)
 [0,0.002096)
 [0,0.00209711)
 [0,0.00209728)
 [0,0.00209802)
 [0,0.00210428)
 [0,0.0021054)
 [0,0.00210579)
 [0,0.0021063)
 [0,0.00210657)
 [0,0.00210685)
 [0,0.00210771)
 [0,0.00210947)
 [0,0.00211091)
 [0,0.00211141)
 [0,0.00211146)
 [0,0.0021142)
 [0,0.00211436)
 [0,0.00211477)
 [0,0.00211499)
 [0,0.00211604)
 [0,0.00211721)
 [0,0.00211842)
 [0,0.00211843)
 [0,0.00211919)
 [0,0.00212247)
 [0,0.00212252)
 [0,0.00212406)
 [0,0.00212504)
 [0,0.00212728)
 [0,0.00212906)
 [0,0.0021309)
 [0,0.00213263)
 [0,0.00213576)
 [0,0.00213606)
 [0,0.00214241)
 [0,0.00214503)
 [0,0.00214529)
 [0,0.00214826)
 [0,0.00214828)
 [0,0.00214936)
 [0,0.00215196)
 [0,0.00215196)
 [0,0.00215235)
 [0,0.00215291)
 [0,0.00215414)
 [0,0.00215452)
 [0,0.00215468)
 [0,0.00215523)
 [0,0.00215686)
 [0,0.00215909)
 [0,0.00215971)
 [0,0.00216013)
 [0,0.00216032)
 [0,0.00216095)
 [0,0.0021619)
 [0,0.0021659)
 [0,0.00216696)
 [0,0.00216862)
 [0,0.00216918)
 [0,0.00217013)
 [0,0.0021709)
 [0,0.00217292)
 [0,0.00217344)
 [0,0.00217445)
 [0,0.00217475)
 [0,0.00217987)
 [0,0.00218061)
 [0,0.00218235)
 [0,0.00218391)
 [0,0.00218427)
 [0,0.00218591)
 [0,0.00218686)
 [0,0.00218741)
 [0,0.002188)
 [0,0.00218863)
 [0,0.0021898)
 [0,0.00219002)
 [0,0.00219032)
 [0,0.00219232)
 [0,0.00219401)
 [0,0.0021944)
 [0,0.00219487)
 [0,0.00219579)
 [0,0.00219622)
 [0,0.00219965)
 [0,0.00220028)
 [0,0.00220199)
 [0,0.00220324)
 [0,0.00220413)
 [0,0.00220808)
 [0,0.00220898)
 [0,0.00220922)
 [0,0.00220969)
 [0,0.00221033)
 [0,0.00221411)
 [0,0.00221697)
 [0,0.00221829)
 [0,0.00222132)
 [0,0.00222168)
 [0,0.00222269)
 [0,0.00222377)
 [0,0.00222406)
 [0,0.002226)
 [0,0.002228)
 [0,0.00223081)
 [0,0.00223103)
 [0,0.00223114)
 [0,0.00223162)
 [0,0.00223225)
 [0,0.00223364)
 [0,0.00223479)
 [0,0.00223603)
 [0,0.00224063)
 [0,0.00224126)
 [0,0.0022423)
 [0,0.00224469)
 [0,0.00224665)
 [0,0.00225001)
 [0,0.00225106)
 [0,0.00225177)
 [0,0.00225324)
 [0,0.00225438)
 [0,0.00225457)
 [0,0.00225489)
 [0,0.00225512)
 [0,0.00225513)
 [0,0.00225539)
 [0,0.00225748)
 [0,0.00225772)
 [0,0.00225855)
 [0,0.00225859)
 [0,0.00225952)
 [0,0.00226197)
 [0,0.00226534)
 [0,0.00226656)
 [0,0.00226957)
 [0,0.00227658)
 [0,0.0022786)
 [0,0.0022798)
 [0,0.00228012)
 [0,0.00228316)
 [0,0.00228352)
 [0,0.00228381)
 [0,0.00228405)
 [0,0.00228626)
 [0,0.00229055)
 [0,0.00229291)
 [0,0.00229503)
 [0,0.00229635)
 [0,0.00229829)
 [0,0.00230056)
 [0,0.0023025)
 [0,0.00230307)
 [0,0.00230472)
 [0,0.00230548)
 [0,0.00230671)
 [0,0.00230715)
 [0,0.00230766)
 [0,0.00230891)
 [0,0.00230959)
 [0,0.00231099)
 [0,0.00231152)
 [0,0.00231293)
 [0,0.00231365)
 [0,0.00231728)
 [0,0.00231861)
 [0,0.00231879)
 [0,0.00232049)
 [0,0.00232088)
 [0,0.00232473)
 [0,0.00232521)
 [0,0.00232533)
 [0,0.00232563)
 [0,0.00232598)
 [0,0.0023292)
 [0,0.00232953)
 [0,0.00233086)
 [0,0.00233247)
 [0,0.00233442)
 [0,0.0023346)
 [0,0.00233502)
 [0,0.00233556)
 [0,0.00233696)
 [0,0.00233701)
 [0,0.00233982)
 [0,0.00234083)
 [0,0.00234221)
 [0,0.00234365)
 [0,0.00234366)
 [0,0.00234416)
 [0,0.00234438)
 [0,0.0023445)
 [0,0.00234471)
 [0,0.00234583)
 [0,0.00234625)
 [0,0.00235216)
 [0,0.00235346)
 [0,0.00235482)
 [0,0.00235542)
 [0,0.00235544)
 [0,0.00235828)
 [0,0.00236038)
 [0,0.0023605)
 [0,0.0023619)
 [0,0.00236356)
 [0,0.00236416)
 [0,0.00236465)
 [0,0.00236501)
 [0,0.00236573)
 [0,0.00236769)
 [0,0.00237701)
 [0,0.00237941)
 [0,0.00237978)
 [0,0.00237989)
 [0,0.00238256)
 [0,0.00238387)
 [0,0.00238408)
 [0,0.00238443)
 [0,0.00238591)
 [0,0.00238617)
 [0,0.00238676)
 [0,0.00238711)
 [0,0.00238805)
 [0,0.00238911)
 [0,0.00239129)
 [0,0.00239363)
 [0,0.00239768)
 [0,0.00240131)
 [0,0.0024014)
 [0,0.0024024)
 [0,0.00240349)
 [0,0.00240411)
 [0,0.00240607)
 [0,0.00240635)
 [0,0.00240703)
 [0,0.00240707)
 [0,0.00240777)
 [0,0.00240817)
 [0,0.0024088)
 [0,0.0024093)
 [0,0.00241146)
 [0,0.00241188)
 [0,0.0024121)
 [0,0.00241287)
 [0,0.002413)
 [0,0.00241464)
 [0,0.00241681)
 [0,0.00241759)
 [0,0.00241798)
 [0,0.00241813)
 [0,0.00242018)
 [0,0.0024224)
 [0,0.00242335)
 [0,0.00242479)
 [0,0.00242498)
 [0,0.00242536)
 [0,0.00242608)
 [0,0.00242957)
 [0,0.00242976)
 [0,0.00243206)
 [0,0.00243373)
 [0,0.00243488)
 [0,0.00243524)
 [0,0.00243916)
 [0,0.00244372)
 [0,0.00244664)
 [0,0.00244809)
 [0,0.00244891)
 [0,0.00245199)
 [0,0.00245245)
 [0,0.0024527)
 [0,0.00245377)
 [0,0.00245469)
 [0,0.00245483)
 [0,0.0024559)
 [0,0.00245601)
 [0,0.0024563)
 [0,0.00245781)
 [0,0.00245812)
 [0,0.00245953)
 [0,0.00245964)
 [0,0.00246192)
 [0,0.00246248)
 [0,0.00246566)
 [0,0.00246767)
 [0,0.00246907)
 [0,0.00246979)
 [0,0.00247338)
 [0,0.00247407)
 [0,0.00247507)
 [0,0.00247601)
 [0,0.00247902)
 [0,0.00247985)
 [0,0.00248349)
 [0,0.00248362)
 [0,0.00248414)
 [0,0.00248466)
 [0,0.00248518)
 [0,0.00248754)
 [0,0.00248837)
 [0,0.0024901)
 [0,0.00249028)
 [0,0.00249076)
 [0,0.00249135)
 [0,0.00249294)
 [0,0.00249531)
 [0,0.00249917)
 [0,0.0025015)
 [0,0.0025039)
 [0,0.00250431)
 [0,0.00250438)
 [0,0.00250764)
 [0,0.00250844)
 [0,0.00250937)
 [0,0.00251487)
 [0,0.00251671)
 [0,0.00251821)
 [0,0.00251987)
 [0,0.00252028)
 [0,0.00252163)
 [0,0.00252222)
 [0,0.00252379)
 [0,0.00252389)
 [0,0.00252505)
 [0,0.00252525)
 [0,0.0025299)
 [0,0.00253103)
 [0,0.00253329)
 [0,0.00253382)
 [0,0.00253668)
 [0,0.00253774)
 [0,0.00253816)
 [0,0.00253931)
 [0,0.00253952)
 [0,0.00254184)
 [0,0.00254233)
 [0,0.00254441)
 [0,0.00254481)
 [0,0.00254575)
 [0,0.00254612)
 [0,0.00254917)
 [0,0.00255029)
 [0,0.00255077)
 [0,0.00255234)
 [0,0.00255325)
 [0,0.00255371)
 [0,0.00255829)
 [0,0.00255862)
 [0,0.00256071)
 [0,0.00256088)
 [0,0.00256094)
 [0,0.00256349)
 [0,0.002564)
 [0,0.00256538)
 [0,0.00256627)
 [0,0.00256653)
 [0,0.00256956)
 [0,0.00257229)
 [0,0.00257451)
 [0,0.00257824)
 [0,0.00257846)
 [0,0.00257849)
 [0,0.00258016)
 [0,0.00258484)
 [0,0.00258954)
 [0,0.00258969)
 [0,0.00258971)
 [0,0.00259101)
 [0,0.00259236)
 [0,0.00259262)
 [0,0.00259743)
 [0,0.00259994)
 [0,0.00260021)
 [0,0.00260112)
 [0,0.00260183)
 [0,0.00260191)
 [0,0.00260218)
 [0,0.00260364)
 [0,0.00260608)
 [0,0.00260776)
 [0,0.00260831)
 [0,0.00260977)
 [0,0.00261061)
 [0,0.00261378)
 [0,0.0026145)
 [0,0.0026147)
 [0,0.0026177)
 [0,0.00261829)
 [0,0.00261888)
 [0,0.00262158)
 [0,0.00262217)
 [0,0.00262227)
 [0,0.00262329)
 [0,0.0026234)
 [0,0.00262718)
 [0,0.00263198)
 [0,0.00263373)
 [0,0.00263709)
 [0,0.00263834)
 [0,0.00263994)
 [0,0.0026405)
 [0,0.00264205)
 [0,0.00264846)
 [0,0.00265014)
 [0,0.00265045)
 [0,0.00265132)
 [0,0.00265335)
 [0,0.00265386)
 [0,0.00265446)
 [0,0.00265552)
 [0,0.00265582)
 [0,0.00266004)
 [0,0.00266172)
 [0,0.00266248)
 [0,0.0026646)
 [0,0.00266569)
 [0,0.00266916)
 [0,0.00267176)
 [0,0.00267386)
 [0,0.0026758)
 [0,0.00267598)
 [0,0.00267749)
 [0,0.00267896)
 [0,0.00268001)
 [0,0.00268387)
 [0,0.0026844)
 [0,0.00268477)
 [0,0.00268631)
 [0,0.00268644)
 [0,0.00268741)
 [0,0.00269151)
 [0,0.00269214)
 [0,0.00269219)
 [0,0.00269236)
 [0,0.00269251)
 [0,0.00269447)
 [0,0.00269638)
 [0,0.00269873)
 [0,0.00269911)
 [0,0.00269948)
 [0,0.00269971)
 [0,0.00270039)
 [0,0.00270184)
 [0,0.00270424)
 [0,0.00270561)
 [0,0.00270634)
 [0,0.00270644)
 [0,0.0027066)
 [0,0.00270882)
 [0,0.00271173)
 [0,0.00271466)
 [0,0.00271466)
 [0,0.00271589)
 [0,0.00271599)
 [0,0.00271634)
 [0,0.00271811)
 [0,0.00271873)
 [0,0.00272152)
 [0,0.00272302)
 [0,0.00272306)
 [0,0.00272357)
 [0,0.00272359)
 [0,0.00272544)
 [0,0.00272744)
 [0,0.00272938)
 [0,0.00273058)
 [0,0.0027309)
 [0,0.00273658)
 [0,0.00274095)
 [0,0.00274483)
 [0,0.0027478)
 [0,0.00274968)
 [0,0.00275135)
 [0,0.00275311)
 [0,0.00275381)
 [0,0.00275416)
 [0,0.00275438)
 [0,0.00275473)
 [0,0.00275681)
 [0,0.00275722)
 [0,0.00276045)
 [0,0.00276077)
 [0,0.00276121)
 [0,0.0027625)
 [0,0.00276251)
 [0,0.00276276)
 [0,0.00276484)
 [0,0.00276583)
 [0,0.0027659)
 [0,0.00276595)
 [0,0.00276714)
 [0,0.00276895)
 [0,0.0027698)
 [0,0.00277063)
 [0,0.0027707)
 [0,0.00277088)
 [0,0.00277177)
 [0,0.00277266)
 [0,0.00277527)
 [0,0.00277542)
 [0,0.00277582)
 [0,0.0027774)
 [0,0.00277813)
 [0,0.00277901)
 [0,0.00278036)
 [0,0.00278188)
 [0,0.00278263)
 [0,0.00278351)
 [0,0.00278417)
 [0,0.00278713)
 [0,0.00278831)
 [0,0.00278887)
 [0,0.00278949)
 [0,0.00278957)
 [0,0.00279014)
 [0,0.00279162)
 [0,0.00279454)
 [0,0.00279531)
 [0,0.00279545)
 [0,0.00279683)
 [0,0.00279788)
 [0,0.00279874)
 [0,0.00280104)
 [0,0.00280146)
 [0,0.00280375)
 [0,0.0028065)
 [0,0.00280672)
 [0,0.00280836)
 [0,0.00280868)
 [0,0.0028127)
 [0,0.00281363)
 [0,0.00282019)
 [0,0.00282067)
 [0,0.0028213)
 [0,0.00282199)
 [0,0.00282521)
 [0,0.00282587)
 [0,0.00282604)
 [0,0.00282752)
 [0,0.00282859)
 [0,0.00282957)
 [0,0.0028309)
 [0,0.00283588)
 [0,0.00283615)
 [0,0.00283634)
 [0,0.00284002)
 [0,0.00284189)
 [0,0.00284314)
 [0,0.00284402)
 [0,0.00284484)
 [0,0.00284515)
 [0,0.00284621)
 [0,0.00284851)
 [0,0.00284964)
 [0,0.00285076)
 [0,0.00285185)
 [0,0.00285301)
 [0,0.0028546)
 [0,0.00285469)
 [0,0.00285703)
 [0,0.00285965)
 [0,0.00286106)
 [0,0.00286172)
 [0,0.00286212)
 [0,0.0028638)
 [0,0.00286521)
 [0,0.00286711)
 [0,0.00286738)
 [0,0.00286799)
 [0,0.00287128)
 [0,0.00287246)
 [0,0.00287645)
 [0,0.00287848)
 [0,0.0028801)
 [0,0.00288158)
 [0,0.00288181)
 [0,0.00288339)
 [0,0.0028905)
 [0,0.00289097)
 [0,0.00289111)
 [0,0.00289292)
 [0,0.00289359)
 [0,0.00289674)
 [0,0.0028988)
 [0,0.00290151)
 [0,0.00290397)
 [0,0.00290607)
 [0,0.00290689)
 [0,0.00290691)
 [0,0.00290697)
 [0,0.00291212)
 [0,0.00291284)
 [0,0.00291303)
 [0,0.00291364)
 [0,0.00291433)
 [0,0.00291545)
 [0,0.00291568)
 [0,0.00291591)
 [0,0.00291649)
 [0,0.00291689)
 [0,0.00291865)
 [0,0.0029191)
 [0,0.00291931)
 [0,0.00292345)
 [0,0.00292495)
 [0,0.0029266)
 [0,0.0029275)
 [0,0.00292788)
 [0,0.00292839)
 [0,0.0029288)
 [0,0.00293178)
 [0,0.00293234)
 [0,0.00293242)
 [0,0.00293581)
 [0,0.00293649)
 [0,0.00293662)
 [0,0.00293741)
 [0,0.00293856)
 [0,0.00294139)
 [0,0.00294416)
 [0,0.00294687)
 [0,0.00294792)
 [0,0.00295503)
 [0,0.00295507)
 [0,0.00295513)
 [0,0.00295648)
 [0,0.00295653)
 [0,0.00295723)
 [0,0.00295729)
 [0,0.00295815)
 [0,0.00295819)
 [0,0.00296019)
 [0,0.00296029)
 [0,0.00296042)
 [0,0.00296083)
 [0,0.00296154)
 [0,0.00296251)
 [0,0.00296312)
 [0,0.0029642)
 [0,0.00296509)
 [0,0.00296646)
 [0,0.00296767)
 [0,0.00296895)
 [0,0.00296907)
 [0,0.00297137)
 [0,0.00297212)
 [0,0.0029723)
 [0,0.00297237)
 [0,0.0029733)
 [0,0.00297358)
 [0,0.00297399)
 [0,0.00297472)
 [0,0.00297592)
 [0,0.00297729)
 [0,0.0029777)
 [0,0.00298353)
 [0,0.00298452)
 [0,0.00298537)
 [0,0.00298703)
 [0,0.00299031)
 [0,0.0029914)
 [0,0.00299294)
 [0,0.00299411)
 [0,0.00299773)
 [0,0.00299839)
 [0,0.00299956)
 [0,0.00300009)
 [0,0.0030015)
 [0,0.00300794)
 [0,0.00300861)
 [0,0.00301001)
 [0,0.00301176)
 [0,0.00301315)
 [0,0.00301379)
 [0,0.0030168)
 [0,0.00301769)
 [0,0.00302054)
 [0,0.00302159)
 [0,0.00302181)
 [0,0.00302295)
 [0,0.00302314)
 [0,0.00302319)
 [0,0.00302435)
 [0,0.0030249)
 [0,0.0030261)
 [0,0.0030272)
 [0,0.00303063)
 [0,0.00303177)
 [0,0.00303191)
 [0,0.00303209)
 [0,0.00303301)
 [0,0.00303499)
 [0,0.00303683)
 [0,0.00303857)
 [0,0.00303869)
 [0,0.00304012)
 [0,0.00304151)
 [0,0.00304171)
 [0,0.00304385)
 [0,0.00304419)
 [0,0.00304461)
 [0,0.00304494)
 [0,0.00304583)
 [0,0.00304683)
 [0,0.00304852)
 [0,0.00304858)
 [0,0.00304985)
 [0,0.00305032)
 [0,0.00305297)
 [0,0.00305413)
 [0,0.00305514)
 [0,0.00305856)
 [0,0.00305933)
 [0,0.00305952)
 [0,0.00305996)
 [0,0.00306105)
 [0,0.0030623)
 [0,0.00306351)
 [0,0.00306364)
 [0,0.00306419)
 [0,0.00306551)
 [0,0.00306715)
 [0,0.00306746)
 [0,0.00306767)
 [0,0.00306829)
 [0,0.00306863)
 [0,0.00307024)
 [0,0.00307228)
 [0,0.00307357)
 [0,0.00307434)
 [0,0.00307472)
 [0,0.00307491)
 [0,0.00307537)
 [0,0.0030761)
 [0,0.0030783)
 [0,0.00307909)
 [0,0.00307951)
 [0,0.00308043)
 [0,0.00308086)
 [0,0.00308853)
 [0,0.0030931)
 [0,0.00309376)
 [0,0.00309486)
 [0,0.00309921)
 [0,0.00311426)
 [0,0.00311569)
 [0,0.00311715)
 [0,0.00311906)
 [0,0.00311964)
 [0,0.00312206)
 [0,0.0031225)
 [0,0.00312311)
 [0,0.0031241)
 [0,0.00312511)
 [0,0.00313252)
 [0,0.00313271)
 [0,0.00313332)
 [0,0.00313454)
 [0,0.0031348)
 [0,0.00313561)
 [0,0.00313629)
 [0,0.00313734)
 [0,0.00313808)
 [0,0.00313978)
 [0,0.00314349)
 [0,0.00314394)
 [0,0.00314417)
 [0,0.00314593)
 [0,0.0031468)
 [0,0.00314734)
 [0,0.00314833)
 [0,0.00314882)
 [0,0.00315031)
 [0,0.00315173)
 [0,0.00315178)
 [0,0.00315319)
 [0,0.00315341)
 [0,0.00315672)
 [0,0.00315782)
 [0,0.00315866)
 [0,0.00315879)
 [0,0.00315896)
 [0,0.00316011)
 [0,0.00316055)
 [0,0.00316631)
 [0,0.00316646)
 [0,0.00316974)
 [0,0.00317082)
 [0,0.00317122)
 [0,0.00317178)
 [0,0.00317289)
 [0,0.00317344)
 [0,0.00317738)
 [0,0.0031797)
 [0,0.00317997)
 [0,0.00318003)
 [0,0.00318243)
 [0,0.00318355)
 [0,0.00318472)
 [0,0.00318799)
 [0,0.00318869)
 [0,0.00318871)
 [0,0.00318899)
 [0,0.00319216)
 [0,0.00319408)
 [0,0.00319499)
 [0,0.00319557)
 [0,0.0031964)
 [0,0.00319687)
 [0,0.00319962)
 [0,0.00320378)
 [0,0.00320428)
 [0,0.00320646)
 [0,0.00321035)
 [0,0.00321144)
 [0,0.00321263)
 [0,0.00321417)
 [0,0.0032144)
 [0,0.00321474)
 [0,0.00321706)
 [0,0.00321954)
 [0,0.00322461)
 [0,0.00322695)
 [0,0.00322723)
 [0,0.00322782)
 [0,0.00322977)
 [0,0.00323027)
 [0,0.00323055)
 [0,0.00323056)
 [0,0.00323192)
 [0,0.00323785)
 [0,0.00324003)
 [0,0.00324037)
 [0,0.00324342)
 [0,0.00324374)
 [0,0.00324418)
 [0,0.00324464)
 [0,0.00324475)
 [0,0.00324551)
 [0,0.00324721)
 [0,0.0032489)
 [0,0.00324958)
 [0,0.00325258)
 [0,0.00325359)
 [0,0.00325478)
 [0,0.003255)
 [0,0.00325534)
 [0,0.00325626)
 [0,0.00325677)
 [0,0.00325777)
 [0,0.00325843)
 [0,0.00325973)
 [0,0.00326026)
 [0,0.00326096)
 [0,0.00326137)
 [0,0.00326321)
 [0,0.0032643)
 [0,0.00326439)
 [0,0.0032686)
 [0,0.00327225)
 [0,0.00327345)
 [0,0.00327379)
 [0,0.00327559)
 [0,0.00327624)
 [0,0.00327739)
 [0,0.00327782)
 [0,0.00328345)
 [0,0.00328404)
 [0,0.00328567)
 [0,0.00328939)
 [0,0.00328945)
 [0,0.00329011)
 [0,0.00329201)
 [0,0.00329298)
 [0,0.00329352)
 [0,0.00329433)
 [0,0.00329518)
 [0,0.00329524)
 [0,0.00329627)
 [0,0.00330056)
 [0,0.00330106)
 [0,0.00330115)
 [0,0.00330556)
 [0,0.0033069)
 [0,0.0033098)
 [0,0.00331117)
 [0,0.00331151)
 [0,0.00331258)
 [0,0.00331782)
 [0,0.00331801)
 [0,0.0033192)
 [0,0.00331962)
 [0,0.00332045)
 [0,0.00332089)
 [0,0.00332188)
 [0,0.00332343)
 [0,0.0033256)
 [0,0.00332769)
 [0,0.00333379)
 [0,0.00333504)
 [0,0.00333614)
 [0,0.00333771)
 [0,0.00334105)
 [0,0.00334221)
 [0,0.0033462)
 [0,0.00334689)
 [0,0.00334696)
 [0,0.00334746)
 [0,0.00334795)
 [0,0.00334901)
 [0,0.00335045)
 [0,0.00335109)
 [0,0.00335114)
 [0,0.00335249)
 [0,0.0033541)
 [0,0.00335505)
 [0,0.00335631)
 [0,0.00335674)
 [0,0.00335808)
 [0,0.0033589)
 [0,0.00335925)
 [0,0.00335933)
 [0,0.00335979)
 [0,0.00336043)
 [0,0.00336589)
 [0,0.00336901)
 [0,0.00337064)
 [0,0.00337102)
 [0,0.00337128)
 [0,0.00337365)
 [0,0.00337439)
 [0,0.00337439)
 [0,0.00337682)
 [0,0.00337782)
 [0,0.00337798)
 [0,0.00337847)
 [0,0.00337924)
 [0,0.0033804)
 [0,0.00338053)
 [0,0.00338309)
 [0,0.00338505)
 [0,0.00338605)
 [0,0.00338999)
 [0,0.00339065)
 [0,0.00339114)
 [0,0.00339136)
 [0,0.00339137)
 [0,0.00339166)
 [0,0.00339334)
 [0,0.00339491)
 [0,0.00340054)
 [0,0.00340291)
 [0,0.00340339)
 [0,0.00340379)
 [0,0.00340756)
 [0,0.00340762)
 [0,0.00340776)
 [0,0.00340854)
 [0,0.00340925)
 [0,0.0034095)
 [0,0.00340978)
 [0,0.00341033)
 [0,0.00341053)
 [0,0.00341105)
 [0,0.00341219)
 [0,0.00341317)
 [0,0.00341565)
 [0,0.00341589)
 [0,0.00341827)
 [0,0.00341872)
 [0,0.00341915)
 [0,0.00342078)
 [0,0.00342356)
 [0,0.0034236)
 [0,0.00342427)
 [0,0.00342453)
 [0,0.00342877)
 [0,0.00343223)
 [0,0.00343384)
 [0,0.00343505)
 [0,0.00343938)
 [0,0.00344176)
 [0,0.00344254)
 [0,0.00344443)
 [0,0.0034477)
 [0,0.00344799)
 [0,0.00344812)
 [0,0.00344814)
 [0,0.00344946)
 [0,0.00344993)
 [0,0.00345199)
 [0,0.00345443)
 [0,0.0034592)
 [0,0.0034597)
 [0,0.00346007)
 [0,0.00346083)
 [0,0.00346771)
 [0,0.00346867)
 [0,0.00347)
 [0,0.00347135)
 [0,0.00347234)
 [0,0.00347279)
 [0,0.00347371)
 [0,0.0034739)
 [0,0.00347729)
 [0,0.00347802)
 [0,0.00347955)
 [0,0.00347965)
 [0,0.0034807)
 [0,0.00348433)
 [0,0.00348519)
 [0,0.00348716)
 [0,0.00348842)
 [0,0.00349055)
 [0,0.00349081)
 [0,0.00349263)
 [0,0.00349292)
 [0,0.00349512)
 [0,0.00350153)
 [0,0.00350175)
 [0,0.00350208)
 [0,0.00350717)
 [0,0.00350803)
 [0,0.00350949)
 [0,0.00351255)
 [0,0.00351276)
 [0,0.0035154)
 [0,0.00351579)
 [0,0.00351941)
 [0,0.00352208)
 [0,0.00352763)
 [0,0.00352988)
 [0,0.00353263)
 [0,0.00353521)
 [0,0.00353581)
 [0,0.00353692)
 [0,0.00353723)
 [0,0.00353912)
 [0,0.0035393)
 [0,0.0035401)
 [0,0.00354097)
 [0,0.00354225)
 [0,0.00354294)
 [0,0.00354696)
 [0,0.00354718)
 [0,0.00354878)
 [0,0.00355118)
 [0,0.00355423)
 [0,0.00355482)
 [0,0.00355835)
 [0,0.00355919)
 [0,0.00356055)
 [0,0.00356166)
 [0,0.0035619)
 [0,0.003562)
 [0,0.00356228)
 [0,0.00356433)
 [0,0.00356666)
 [0,0.00356965)
 [0,0.00356974)
 [0,0.00357019)
 [0,0.00357109)
 [0,0.00357148)
 [0,0.00357251)
 [0,0.00357301)
 [0,0.00357694)
 [0,0.00358047)
 [0,0.0035906)
 [0,0.00359306)
 [0,0.00359449)
 [0,0.00359679)
 [0,0.00359692)
 [0,0.00359828)
 [0,0.00359955)
 [0,0.00360045)
 [0,0.00360086)
 [0,0.0036028)
 [0,0.00360313)
 [0,0.00360372)
 [0,0.00360392)
 [0,0.00360712)
 [0,0.00360722)
 [0,0.00360831)
 [0,0.00360899)
 [0,0.0036098)
 [0,0.00361196)
 [0,0.00361596)
 [0,0.0036161)
 [0,0.00361651)
 [0,0.0036203)
 [0,0.00362049)
 [0,0.00362066)
 [0,0.00362164)
 [0,0.00362253)
 [0,0.00362649)
 [0,0.0036276)
 [0,0.00362784)
 [0,0.00362793)
 [0,0.00362833)
 [0,0.00362993)
 [0,0.00363328)
 [0,0.00363603)
 [0,0.00363753)
 [0,0.00363755)
 [0,0.00363767)
 [0,0.00363889)
 [0,0.00363896)
 [0,0.00364174)
 [0,0.00364234)
 [0,0.00364536)
 [0,0.00365002)
 [0,0.00365031)
 [0,0.00365078)
 [0,0.00365288)
 [0,0.0036568)
 [0,0.00365913)
 [0,0.00365932)
 [0,0.00366258)
 [0,0.0036638)
 [0,0.00366388)
 [0,0.00366395)
 [0,0.00366559)
 [0,0.00366631)
 [0,0.00366706)
 [0,0.00366713)
 [0,0.00367063)
 [0,0.00367424)
 [0,0.00367442)
 [0,0.00367764)
 [0,0.00367786)
 [0,0.00367846)
 [0,0.00367985)
 [0,0.00368034)
 [0,0.0036837)
 [0,0.00368429)
 [0,0.00368521)
 [0,0.00368836)
 [0,0.0036933)
 [0,0.00369547)
 [0,0.00369576)
 [0,0.00370097)
 [0,0.00371808)
 [0,0.00372256)
 [0,0.00372806)
 [0,0.00373316)
 [0,0.00373492)
 [0,0.00373529)
 [0,0.00373885)
 [0,0.00374059)
 [0,0.00374381)
 [0,0.00374882)
 [0,0.00375045)
 [0,0.00375057)
 [0,0.00375139)
 [0,0.00375423)
 [0,0.00375486)
 [0,0.00375496)
 [0,0.00375511)
 [0,0.00375511)
 [0,0.00375652)
 [0,0.00375787)
 [0,0.00375997)
 [0,0.00376355)
 [0,0.00376417)
 [0,0.00376673)
 [0,0.00376803)
 [0,0.00376918)
 [0,0.00377058)
 [0,0.00377212)
 [0,0.00377254)
 [0,0.00377276)
 [0,0.0037737)
 [0,0.00377464)
 [0,0.00377482)
 [0,0.00377689)
 [0,0.00377739)
 [0,0.00377819)
 [0,0.0037788)
 [0,0.00377957)
 [0,0.00378174)
 [0,0.0037874)
 [0,0.00379305)
 [0,0.00379331)
 [0,0.00379642)
 [0,0.00379709)
 [0,0.00379888)
 [0,0.00379971)
 [0,0.00380035)
 [0,0.0038006)
 [0,0.00380324)
 [0,0.00380691)
 [0,0.00380731)
 [0,0.0038077)
 [0,0.00380793)
 [0,0.00381082)
 [0,0.00381273)
 [0,0.00381453)
 [0,0.00381647)
 [0,0.00382039)
 [0,0.00382091)
 [0,0.00382152)
 [0,0.0038238)
 [0,0.00382622)
 [0,0.00382913)
 [0,0.00382988)
 [0,0.00383214)
 [0,0.00383279)
 [0,0.00383301)
 [0,0.00383568)
 [0,0.00383878)
 [0,0.00384307)
 [0,0.00384896)
 [0,0.00385583)
 [0,0.00385744)
 [0,0.00386182)
 [0,0.00386308)
 [0,0.00386325)
 [0,0.00386582)
 [0,0.00387019)
 [0,0.00387095)
 [0,0.00387176)
 [0,0.00387262)
 [0,0.00387346)
 [0,0.00387506)
 [0,0.00387624)
 [0,0.00387708)
 [0,0.0038773)
 [0,0.00387772)
 [0,0.00387773)
 [0,0.00387833)
 [0,0.00388044)
 [0,0.00388104)
 [0,0.00388514)
 [0,0.00388532)
 [0,0.00388586)
 [0,0.00388741)
 [0,0.00389015)
 [0,0.0038919)
 [0,0.00389305)
 [0,0.00389667)
 [0,0.00389721)
 [0,0.00389815)
 [0,0.00389887)
 [0,0.0038996)
 [0,0.00390295)
 [0,0.00390496)
 [0,0.00390581)
 [0,0.00390845)
 [0,0.00390942)
 [0,0.00391047)
 [0,0.00391313)
 [0,0.00391411)
 [0,0.00391548)
 [0,0.00391777)
 [0,0.00392185)
 [0,0.00392353)
 [0,0.00392391)
 [0,0.00392478)
 [0,0.00392655)
 [0,0.00393006)
 [0,0.00393167)
 [0,0.00393223)
 [0,0.00393435)
 [0,0.00393628)
 [0,0.00393695)
 [0,0.00393714)
 [0,0.00393838)
 [0,0.00393981)
 [0,0.00394254)
 [0,0.0039429)
 [0,0.00394312)
 [0,0.00394399)
 [0,0.00394509)
 [0,0.00394512)
 [0,0.00394555)
 [0,0.00394787)
 [0,0.00394825)
 [0,0.00395034)
 [0,0.00395225)
 [0,0.0039565)
 [0,0.00395766)
 [0,0.0039608)
 [0,0.00396232)
 [0,0.00396463)
 [0,0.00396474)
 [0,0.00396563)
 [0,0.00397219)
 [0,0.00397465)
 [0,0.0039782)
 [0,0.00397866)
 [0,0.00397972)
 [0,0.00398072)
 [0,0.00398214)
 [0,0.00398215)
 [0,0.00398228)
 [0,0.00399215)
 [0,0.00399302)
 [0,0.00399412)
 [0,0.00399583)
 [0,0.00399624)
 [0,0.00399649)
 [0,0.00399917)
 [0,0.00399959)
 [0,0.00400273)
 [0,0.00400292)
 [0,0.00400482)
 [0,0.00400523)
 [0,0.00400621)
 [0,0.0040063)
 [0,0.00400703)
 [0,0.00401131)
 [0,0.00401298)
 [0,0.00401828)
 [0,0.00402713)
 [0,0.00403013)
 [0,0.00403092)
 [0,0.00403173)
 [0,0.00403321)
 [0,0.0040348)
 [0,0.0040358)
 [0,0.00403644)
 [0,0.00403662)
 [0,0.0040415)
 [0,0.00404224)
 [0,0.00404441)
 [0,0.00404514)
 [0,0.004046)
 [0,0.00404655)
 [0,0.00405446)
 [0,0.00405447)
 [0,0.00405759)
 [0,0.00405789)
 [0,0.00406327)
 [0,0.00406342)
 [0,0.00406386)
 [0,0.004064)
 [0,0.00406608)
 [0,0.0040698)
 [0,0.00407013)
 [0,0.00407151)
 [0,0.00407312)
 [0,0.00407336)
 [0,0.00407426)
 [0,0.00407476)
 [0,0.00407961)
 [0,0.00407974)
 [0,0.00408294)
 [0,0.00408303)
 [0,0.00408367)
 [0,0.00408403)
 [0,0.00408518)
 [0,0.00408578)
 [0,0.00409153)
 [0,0.00409155)
 [0,0.00409422)
 [0,0.00410143)
 [0,0.00410335)
 [0,0.00411077)
 [0,0.00411273)
 [0,0.00411391)
 [0,0.00411658)
 [0,0.00411725)
 [0,0.00411739)
 [0,0.00411807)
 [0,0.00411988)
 [0,0.00412293)
 [0,0.00412328)
 [0,0.00412485)
 [0,0.00412488)
 [0,0.00412542)
 [0,0.00412695)
 [0,0.00413087)
 [0,0.004133)
 [0,0.00413389)
 [0,0.00414039)
 [0,0.00414056)
 [0,0.00414134)
 [0,0.00414214)
 [0,0.00414405)
 [0,0.00414621)
 [0,0.00414789)
 [0,0.00414914)
 [0,0.00414942)
 [0,0.00414956)
 [0,0.00414987)
 [0,0.00415024)
 [0,0.00415252)
 [0,0.00415498)
 [0,0.00415872)
 [0,0.00415872)
 [0,0.00416313)
 [0,0.00416355)
 [0,0.00416705)
 [0,0.00418342)
 [0,0.00418372)
 [0,0.00418531)
 [0,0.00418732)
 [0,0.00419419)
 [0,0.00419454)
 [0,0.00420009)
 [0,0.00420039)
 [0,0.00420157)
 [0,0.00420233)
 [0,0.00420394)
 [0,0.00420834)
 [0,0.00421073)
 [0,0.00421091)
 [0,0.00421258)
 [0,0.00421482)
 [0,0.00421554)
 [0,0.00422308)
 [0,0.00422584)
 [0,0.00422953)
 [0,0.00423335)
 [0,0.00423382)
 [0,0.00423422)
 [0,0.00423651)
 [0,0.0042509)
 [0,0.00425093)
 [0,0.00425159)
 [0,0.00425176)
 [0,0.004252)
 [0,0.0042546)
 [0,0.00425556)
 [0,0.00425584)
 [0,0.00426005)
 [0,0.00426222)
 [0,0.00426805)
 [0,0.00426878)
 [0,0.00427015)
 [0,0.00427317)
 [0,0.00427885)
 [0,0.0042805)
 [0,0.0042816)
 [0,0.00428206)
 [0,0.0042836)
 [0,0.00428676)
 [0,0.0042885)
 [0,0.00429513)
 [0,0.00429526)
 [0,0.00429838)
 [0,0.00430284)
 [0,0.00430434)
 [0,0.00430588)
 [0,0.00431345)
 [0,0.0043163)
 [0,0.00431638)
 [0,0.00432021)
 [0,0.00432478)
 [0,0.0043295)
 [0,0.0043318)
 [0,0.00433477)
 [0,0.0043348)
 [0,0.00434876)
 [0,0.00435112)
 [0,0.00435163)
 [0,0.00435204)
 [0,0.00435305)
 [0,0.00435327)
 [0,0.0043534)
 [0,0.00435479)
 [0,0.00436243)
 [0,0.00436512)
 [0,0.00436555)
 [0,0.00436559)
 [0,0.00436799)
 [0,0.00437288)
 [0,0.00437376)
 [0,0.00437493)
 [0,0.00438315)
 [0,0.00438381)
 [0,0.00438916)
 [0,0.00439216)
 [0,0.00439579)
 [0,0.00439925)
 [0,0.00440131)
 [0,0.00440165)
 [0,0.0044045)
 [0,0.00440601)
 [0,0.00440647)
 [0,0.00441408)
 [0,0.00441575)
 [0,0.00441703)
 [0,0.00441765)
 [0,0.00441846)
 [0,0.0044191)
 [0,0.00442054)
 [0,0.00442659)
 [0,0.00442965)
 [0,0.0044306)
 [0,0.00443107)
 [0,0.00443132)
 [0,0.00444029)
 [0,0.00444193)
 [0,0.00444694)
 [0,0.0044474)
 [0,0.00444892)
 [0,0.00445054)
 [0,0.00445383)
 [0,0.00445503)
 [0,0.00445978)
 [0,0.00446093)
 [0,0.00446096)
 [0,0.00446979)
 [0,0.00447163)
 [0,0.00447182)
 [0,0.00447731)
 [0,0.00447745)
 [0,0.00447954)
 [0,0.00449262)
 [0,0.00449581)
 [0,0.00449591)
 [0,0.004496)
 [0,0.00449828)
 [0,0.00450188)
 [0,0.00450292)
 [0,0.00450553)
 [0,0.00450659)
 [0,0.00450686)
 [0,0.00450836)
 [0,0.00451059)
 [0,0.00451113)
 [0,0.00451137)
 [0,0.00451409)
 [0,0.00451607)
 [0,0.00451907)
 [0,0.00452099)
 [0,0.00452805)
 [0,0.00453153)
 [0,0.00453439)
 [0,0.00453556)
 [0,0.00453719)
 [0,0.00453895)
 [0,0.00454509)
 [0,0.00454699)
 [0,0.00454796)
 [0,0.00454829)
 [0,0.00454848)
 [0,0.00455342)
 [0,0.00455654)
 [0,0.00456469)
 [0,0.00456489)
 [0,0.00457235)
 [0,0.00457464)
 [0,0.0045751)
 [0,0.00457799)
 [0,0.00458009)
 [0,0.00458236)
 [0,0.00458271)
 [0,0.00458569)
 [0,0.00459938)
 [0,0.00459942)
 [0,0.00460953)
 [0,0.00461471)
 [0,0.00461624)
 [0,0.00462064)
 [0,0.0046256)
 [0,0.00463133)
 [0,0.00463543)
 [0,0.00463614)
 [0,0.00463683)
 [0,0.004637)
 [0,0.00463981)
 [0,0.00464432)
 [0,0.00464452)
 [0,0.00464979)
 [0,0.00465134)
 [0,0.00465317)
 [0,0.00465481)
 [0,0.00465507)
 [0,0.00465848)
 [0,0.00465922)
 [0,0.00466597)
 [0,0.00467257)
 [0,0.00467772)
 [0,0.0046779)
 [0,0.00468137)
 [0,0.00468421)
 [0,0.00468495)
 [0,0.00468611)
 [0,0.0046873)
 [0,0.00468944)
 [0,0.0046918)
 [0,0.00469267)
 [0,0.00469417)
 [0,0.00469425)
 [0,0.00469573)
 [0,0.00470063)
 [0,0.00470186)
 [0,0.00470329)
 [0,0.004707)
 [0,0.00471676)
 [0,0.0047229)
 [0,0.00473292)
 [0,0.00473833)
 [0,0.00473941)
 [0,0.00474119)
 [0,0.00474219)
 [0,0.00474626)
 [0,0.0047487)
 [0,0.00475632)
 [0,0.00475763)
 [0,0.00476241)
 [0,0.00476265)
 [0,0.00476461)
 [0,0.00477131)
 [0,0.00477214)
 [0,0.00477502)
 [0,0.00477687)
 [0,0.00478007)
 [0,0.00478119)
 [0,0.00478162)
 [0,0.00478426)
 [0,0.00478818)
 [0,0.00479026)
 [0,0.00479502)
 [0,0.00479746)
 [0,0.00480045)
 [0,0.00480155)
 [0,0.00480359)
 [0,0.00480387)
 [0,0.0048075)
 [0,0.00481099)
 [0,0.00481363)
 [0,0.00481569)
 [0,0.00481657)
 [0,0.00481704)
 [0,0.0048176)
 [0,0.00482736)
 [0,0.00484215)
 [0,0.00484812)
 [0,0.00484822)
 [0,0.00484825)
 [0,0.00485224)
 [0,0.00485246)
 [0,0.00485562)
 [0,0.00485593)
 [0,0.00486899)
 [0,0.00487457)
 [0,0.00487905)
 [0,0.0048858)
 [0,0.00488585)
 [0,0.00488831)
 [0,0.00488881)
 [0,0.00488947)
 [0,0.0048916)
 [0,0.00489269)
 [0,0.00490073)
 [0,0.00490103)
 [0,0.00490297)
 [0,0.00490361)
 [0,0.00490706)
 [0,0.00491322)
 [0,0.00491549)
 [0,0.00491687)
 [0,0.0049172)
 [0,0.00491816)
 [0,0.00491828)
 [0,0.00492459)
 [0,0.00493281)
 [0,0.00493965)
 [0,0.00494967)
 [0,0.0049508)
 [0,0.00495617)
 [0,0.00496047)
 [0,0.00496988)
 [0,0.00497217)
 [0,0.0049727)
 [0,0.0049806)
 [0,0.00498358)
 [0,0.00498358)
 [0,0.00498987)
 [0,0.00499277)
 [0,0.00499327)
 [0,0.00499733)
 [0,0.00500176)
 [0,0.0050057)
 [0,0.00500999)
 [0,0.00501153)
 [0,0.00501354)
 [0,0.00501603)
 [0,0.00502088)
 [0,0.00502829)
 [0,0.00503219)
 [0,0.00504163)
 [0,0.00504808)
 [0,0.00504927)
 [0,0.00505286)
 [0,0.00505398)
 [0,0.00505617)
 [0,0.00505699)
 [0,0.0050646)
 [0,0.00506818)
 [0,0.0050701)
 [0,0.00507297)
 [0,0.00507679)
 [0,0.00508287)
 [0,0.00508914)
 [0,0.00509016)
 [0,0.00509062)
 [0,0.00509733)
 [0,0.00510444)
 [0,0.00510857)
 [0,0.00512725)
 [0,0.00512825)
 [0,0.0051347)
 [0,0.00513492)
 [0,0.00513659)
 [0,0.00514313)
 [0,0.00515013)
 [0,0.00515048)
 [0,0.005151)
 [0,0.00515301)
 [0,0.00515347)
 [0,0.00515425)
 [0,0.00515612)
 [0,0.0051609)
 [0,0.0051676)
 [0,0.00517273)
 [0,0.0051846)
 [0,0.00518735)
 [0,0.00519386)
 [0,0.00519629)
 [0,0.00520197)
 [0,0.00520228)
 [0,0.00520827)
 [0,0.00522388)
 [0,0.00522428)
 [0,0.00522656)
 [0,0.00522773)
 [0,0.00522932)
 [0,0.00523323)
 [0,0.00524097)
 [0,0.00524609)
 [0,0.0052483)
 [0,0.00525007)
 [0,0.0052511)
 [0,0.00525379)
 [0,0.00525407)
 [0,0.00525702)
 [0,0.00525901)
 [0,0.00526535)
 [0,0.00527044)
 [0,0.00527664)
 [0,0.00528315)
 [0,0.00528318)
 [0,0.00529131)
 [0,0.00529483)
 [0,0.00529603)
 [0,0.00529978)
 [0,0.00530085)
 [0,0.00530155)
 [0,0.00530158)
 [0,0.005312)
 [0,0.0053125)
 [0,0.00531709)
 [0,0.00532317)
 [0,0.00532357)
 [0,0.00532992)
 [0,0.00533641)
 [0,0.00534786)
 [0,0.00536057)
 [0,0.0053645)
 [0,0.00536564)
 [0,0.00537174)
 [0,0.00537457)
 [0,0.00537589)
 [0,0.00537722)
 [0,0.00537752)
 [0,0.00537863)
 [0,0.00538131)
 [0,0.00538314)
 [0,0.00538412)
 [0,0.0053845)
 [0,0.00538629)
 [0,0.00538941)
 [0,0.0053895)
 [0,0.0053896)
 [0,0.00538998)
 [0,0.00539844)
 [0,0.00539954)
 [0,0.00541234)
 [0,0.00541449)
 [0,0.00542388)
 [0,0.00542459)
 [0,0.00542967)
 [0,0.00542988)
 [0,0.00543167)
 [0,0.00544097)
 [0,0.00544884)
 [0,0.00544978)
 [0,0.00546621)
 [0,0.00547409)
 [0,0.00550145)
 [0,0.00550711)
 [0,0.00552796)
 [0,0.00553238)
 [0,0.00554167)
 [0,0.00554385)
 [0,0.00555955)
 [0,0.00556102)
 [0,0.00556295)
 [0,0.0055767)
 [0,0.00558222)
 [0,0.00558773)
 [0,0.00558973)
 [0,0.0055956)
 [0,0.00559677)
 [0,0.00560611)
 [0,0.00560654)
 [0,0.00561254)
 [0,0.00561537)
 [0,0.00561732)
 [0,0.00561811)
 [0,0.00562037)
 [0,0.00562419)
 [0,0.00563966)
 [0,0.00564978)
 [0,0.00565003)
 [0,0.0056529)
 [0,0.00565426)
 [0,0.00565628)
 [0,0.00565794)
 [0,0.00566627)
 [0,0.00567228)
 [0,0.00567328)
 [0,0.00567358)
 [0,0.00568304)
 [0,0.0056903)
 [0,0.00569551)
 [0,0.00569889)
 [0,0.00570115)
 [0,0.00570338)
 [0,0.00570357)
 [0,0.00571766)
 [0,0.00572343)
 [0,0.00572919)
 [0,0.00573748)
 [0,0.00574306)
 [0,0.00575501)
 [0,0.00575677)
 [0,0.00576645)
 [0,0.00577179)
 [0,0.00577222)
 [0,0.00577372)
 [0,0.00577479)
 [0,0.00577775)
 [0,0.00578414)
 [0,0.00579289)
 [0,0.00579456)
 [0,0.00579987)
 [0,0.005803)
 [0,0.00580321)
 [0,0.00580794)
 [0,0.00581277)
 [0,0.0058165)
 [0,0.00582191)
 [0,0.00583902)
 [0,0.00584017)
 [0,0.00584054)
 [0,0.00584361)
 [0,0.00584529)
 [0,0.00585593)
 [0,0.00586743)
 [0,0.00587093)
 [0,0.00588646)
 [0,0.0058993)
 [0,0.0059049)
 [0,0.00590528)
 [0,0.00590533)
 [0,0.00590636)
 [0,0.00591301)
 [0,0.00591358)
 [0,0.00591571)
 [0,0.00591769)
 [0,0.00592117)
 [0,0.00592214)
 [0,0.00593084)
 [0,0.00593449)
 [0,0.005937)
 [0,0.00593812)
 [0,0.00593981)
 [0,0.00594193)
 [0,0.00594871)
 [0,0.00596021)
 [0,0.00596265)
 [0,0.00596607)
 [0,0.00598501)
 [0,0.00598611)
 [0,0.00598802)
 [0,0.00598837)
 [0,0.00599309)
 [0,0.00599503)
 [0,0.00599892)
 [0,0.00600504)
 [0,0.00601606)
 [0,0.00601676)
 [0,0.00602472)
 [0,0.00602924)
 [0,0.00604301)
 [0,0.00604615)
 [0,0.00605708)
 [0,0.0060681)
 [0,0.00606812)
 [0,0.00606852)
 [0,0.00607599)
 [0,0.0060778)
 [0,0.00608432)
 [0,0.0060862)
 [0,0.00609306)
 [0,0.00609843)
 [0,0.00611587)
 [0,0.00611944)
 [0,0.00612059)
 [0,0.00613168)
 [0,0.00613714)
 [0,0.00613939)
 [0,0.00614556)
 [0,0.00614564)
 [0,0.00617179)
 [0,0.00618197)
 [0,0.00618314)
 [0,0.00618462)
 [0,0.00619975)
 [0,0.00620143)
 [0,0.006202)
 [0,0.00620707)
 [0,0.00622408)
 [0,0.00622717)
 [0,0.00623043)
 [0,0.0062414)
 [0,0.00624623)
 [0,0.00624787)
 [0,0.00624905)
 [0,0.00625038)
 [0,0.00626044)
 [0,0.00626122)
 [0,0.00628553)
 [0,0.00628699)
 [0,0.00628992)
 [0,0.00629083)
 [0,0.00629516)
 [0,0.00629575)
 [0,0.00631396)
 [0,0.00631814)
 [0,0.00632131)
 [0,0.00635603)
 [0,0.00636516)
 [0,0.00636812)
 [0,0.00637164)
 [0,0.00637714)
 [0,0.00638197)
 [0,0.00638684)
 [0,0.00638839)
 [0,0.00639224)
 [0,0.00639688)
 [0,0.00640854)
 [0,0.00640892)
 [0,0.00642956)
 [0,0.00643157)
 [0,0.00643303)
 [0,0.00643721)
 [0,0.00644761)
 [0,0.00646089)
 [0,0.00646292)
 [0,0.00646918)
 [0,0.00647051)
 [0,0.00647438)
 [0,0.00648084)
 [0,0.00648406)
 [0,0.00650981)
 [0,0.00652226)
 [0,0.00652855)
 [0,0.00653787)
 [0,0.006548)
 [0,0.00654829)
 [0,0.00655073)
 [0,0.00655692)
 [0,0.00655868)
 [0,0.00655981)
 [0,0.0065767)
 [0,0.00658043)
 [0,0.00658859)
 [0,0.00659719)
 [0,0.00661385)
 [0,0.00661431)
 [0,0.00661703)
 [0,0.00662868)
 [0,0.00664163)
 [0,0.00668126)
 [0,0.00668312)
 [0,0.00670988)
 [0,0.00671749)
 [0,0.00672681)
 [0,0.00673533)
 [0,0.00675618)
 [0,0.00675707)
 [0,0.00677126)
 [0,0.00677176)
 [0,0.00677245)
 [0,0.00678533)
 [0,0.00678653)
 [0,0.00682065)
 [0,0.0068417)
 [0,0.00685236)
 [0,0.00685467)
 [0,0.00686316)
 [0,0.00686441)
 [0,0.00687695)
 [0,0.00692037)
 [0,0.0069249)
 [0,0.00694006)
 [0,0.00694804)
 [0,0.00695526)
 [0,0.00697595)
 [0,0.00703386)
 [0,0.00703432)
 [0,0.00703783)
 [0,0.00704518)
 [0,0.00704829)
 [0,0.00706276)
 [0,0.00710469)
 [0,0.00710772)
 [0,0.00712258)
 [0,0.00716137)
 [0,0.00718799)
 [0,0.00720363)
 [0,0.00720387)
 [0,0.00722477)
 [0,0.00723501)
 [0,0.00725282)
 [0,0.00727855)
 [0,0.00731088)
 [0,0.00732656)
 [0,0.0073782)
 [0,0.00741599)
 [0,0.00745337)
 [0,0.0074536)
 [0,0.00747168)
 [0,0.00748719)
 [0,0.00749307)
 [0,0.00751109)
 [0,0.00753732)
 [0,0.007549)
 [0,0.00755404)
 [0,0.0075712)
 [0,0.00757557)
 [0,0.0075926)
 [0,0.00761322)
 [0,0.00768906)
 [0,0.00771072)
 [0,0.00771443)
 [0,0.00772676)
 [0,0.00774139)
 [0,0.00775591)
 [0,0.00779022)
 [0,0.00783405)
 [0,0.00784506)
 [0,0.00785455)
 [0,0.00786048)
 [0,0.00788607)
 [0,0.00788688)
 [0,0.0078896)
 [0,0.00790236)
 [0,0.00790517)
 [0,0.0079158)
 [0,0.00792844)
 [0,0.00796953)
 [0,0.00798485)
 [0,0.00800292)
 [0,0.00800484)
 [0,0.00804242)
 [0,0.0080601)
 [0,0.00806953)
 [0,0.00807391)
 [0,0.00807973)
 [0,0.00808807)
 [0,0.00809625)
 [0,0.00810628)
 [0,0.00814689)
 [0,0.00819686)
 [0,0.00821417)
 [0,0.00825642)
 [0,0.0082593)
 [0,0.00829625)
 [0,0.00835514)
 [0,0.00835655)
 [0,0.00836842)
 [0,0.00839395)
 [0,0.00841885)
 [0,0.00843132)
 [0,0.00845175)
 [0,0.00846201)
 [0,0.00849718)
 [0,0.00850592)
 [0,0.00851504)
 [0,0.008523)
 [0,0.00853522)
 [0,0.00853787)
 [0,0.00856894)
 [0,0.00857532)
 [0,0.0085981)
 [0,0.00860577)
 [0,0.00864819)
 [0,0.00867302)
 [0,0.0087235)
 [0,0.00873631)
 [0,0.00873709)
 [0,0.00874886)
 [0,0.00876216)
 [0,0.00877811)
 [0,0.00879224)
 [0,0.00881233)
 [0,0.00883428)
 [0,0.00884224)
 [0,0.0089299)
 [0,0.00895404)
 [0,0.00896488)
 [0,0.00900694)
 [0,0.0091053)
 [0,0.0091301)
 [0,0.00914654)
 [0,0.00917351)
 [0,0.00917627)
 [0,0.0091788)
 [0,0.00922097)
 [0,0.00929953)
 [0,0.0094158)
 [0,0.0094263)
 [0,0.00949509)
 [0,0.00950964)
 [0,0.0095871)
 [0,0.0096206)
 [0,0.00966668)
 [0,0.00967609)
 [0,0.00969148)
 [0,0.00970341)
 [0,0.00971275)
 [0,0.00971788)
 [0,0.00972279)
 [0,0.00973723)
 [0,0.00975698)
 [0,0.00978876)
 [0,0.0098412)
 [0,0.00985687)
 [0,0.00986375)
 [0,0.00986802)
 [0,0.00990415)
 [0,0.00992419)
 [0,0.00993284)
 [0,0.00993562)
 [0,0.00994715)
 [0,0.00995752)
 [0,0.0099751)
 [0,0.0100308)
 [0,0.0100452)
 [0,0.0100489)
 [0,0.0101692)
 [0,0.0101819)
 [0,0.010189)
 [0,0.0103239)
 [0,0.0104262)
 [0,0.0104407)
 [0,0.0104628)
 [0,0.0106198)
 [0,0.0107296)
 [0,0.0108271)
 [0,0.0108884)
 [0,0.0109117)
 [0,0.0109167)
 [0,0.0109387)
 [0,0.0109449)
 [0,0.0109514)
 [0,0.0109899)
 [0,0.0110832)
 [0,0.0110861)
 [0,0.0111007)
 [0,0.0111054)
 [0,0.0111425)
 [0,0.0112352)
 [0,0.0112824)
 [0,0.0112926)
 [0,0.0113013)
 [0,0.0113525)
 [0,0.0113938)
 [0,0.0114856)
 [0,0.0115322)
 [0,0.0115455)
 [0,0.0115679)
 [0,0.0115893)
 [0,0.0116005)
 [0,0.0116729)
 [0,0.011854)
 [0,0.0118869)
 [0,0.0119629)
 [0,0.0120234)
 [0,0.0120238)
 [0,0.0120358)
 [0,0.012204)
 [0,0.0122321)
 [0,0.0122655)
 [0,0.0123093)
 [0,0.0123887)
 [0,0.012419)
 [0,0.0125108)
 [0,0.0125409)
 [0,0.012695)
 [0,0.0127935)
 [0,0.0129489)
 [0,0.0131912)
 [0,0.0137299)
 [0,0.0138294)
 [0,0.0138464)
 [0,0.0139449)
 [0,0.0140702)
 [0,0.0141666)
 [0,0.0141893)
 [0,0.0143179)
 [0,0.0143986)
 [0,0.0145612)
 [0,0.0145995)
 [0,0.0147317)
 [0,0.0151694)
 [0,0.0151811)
 [0,0.0155949)
 [0,0.015799)
 [0,0.0159775)
 [0,0.0159944)
 [0,0.0160414)
 [0,0.0162915)
 [0,0.0170723)
 [0,0.0174436)
 [0,0.0176117)
 [0,0.0176298)
 [0,0.0176825)
 [0,0.0176846)
 [0,0.0177559)
 [0,0.0178084)
 [0,0.0185125)
 [0,0.0193756)
 [0,0.0196466)
 [0,0.0199101)
 [0,0.0201976)
 [0,0.0205104)
 [0,0.0216534)
 [0,0.0219666)
 [0,0.0222884)
 [0,0.0229412)
 [0,0.0243921)
 [0,0.0266881)
 [0,0.0266956)
 [0,0.0277138)
 [0,0.028769)
 [0,0.0305521)
 [0,0.0306492)
 [0,0.0313032)
 [0,0.0341274)
 [0,0.0343161)
 [0,0.0344184)
 [0,0.039026)
 [0,0.0404815)
 [0,0.0543601)
 [0,0.188312)
 [0,0.199161)
 [0, )
