point cloud with 5498 points in dimension 2
value range: [0,0.848455]
distance matrix with 5498 points, using threshold at enclosing radius 0.426163
persistence intervals in dim 0:
 [0,5.96046e-08)
 [0,1.19209e-07)
 [0,1.19209e-07)
 [0,1.78814e-07)
 [0,1.78814e-07)
 [0,2.98023e-07)
 [0,2.98023e-07)
 [0,3.57628e-07)
 [0,3.57628e-07)
 [0,3.57628e-07)
 [0,4.76837e-07)
 [0,4.76837e-07)
 [0,5.36442e-07)
 [0,5.96046e-07)
 [0,5.96046e-07)
 [0,5.96046e-07)
 [0,6.55651e-07)
 [0,6.55651e-07)
 [0,6.55651e-07)
 [0,7.15256e-07)
 [0,7.15256e-07)
 [0,7.15256e-07)
 [0,7.7486e-07)
 [0,7.7486e-07)
 [0,8.9407e-07)
 [0,8.9407e-07)
 [0,9.53674e-07)
 [0,9.53674e-07)
 [0,9.53674e-07)
 [0,1.01328e-06)
 [0,1.01328e-06)
 [0,1.19209e-06)
 [0,1.19209e-06)
 [0,1.2517e-06)
 [0,1.2517e-06)
 [0,1.3113e-06)
 [0,1.37091e-06)
 [0,1.43051e-06)
 [0,1.43051e-06)
 [0,1.49012e-06)
 [0,1.54972e-06)
 [0,1.54972e-06)
 [0,1.54972e-06)
 [0,1.60933e-06)
 [0,1.66893e-06)
 [0,1.72853e-06)
 [0,1.78814e-06)
 [0,1.84774e-06)
 [0,1.90735e-06)
 [0,1.90735e-06)
 [0,1.96695e-06)
 [0,2.02656e-06)
 [0,2.26498e-06)
 [0,2.26498e-06)
 [0,2.44379e-06)
 [0,2.44379e-06)
 [0,2.5034e-06)
 [0,2.5034e-06)
 [0,2.563e-06)
 [0,2.6226e-06)
 [0,2.68221e-06)
 [0,2.80142e-06)
 [0,2.80142e-06)
 [0,2.86102e-06)
 [0,2.98023e-06)
 [0,2.98023e-06)
 [0,3.09944e-06)
 [0,3.15905e-06)
 [0,3.15905e-06)
 [0,3.15905e-06)
 [0,3.21865e-06)
 [0,3.21865e-06)
 [0,3.21865e-06)
 [0,3.21865e-06)
 [0,3.33786e-06)
 [0,3.45707e-06)
 [0,3.45707e-06)
 [0,3.51667e-06)
 [0,3.63588e-06)
 [0,3.63588e-06)
 [0,3.75509e-06)
 [0,3.8147e-06)
 [0,3.8147e-06)
 [0,3.8743e-06)
 [0,3.93391e-06)
 [0,4.05312e-06)
 [0,4.05312e-06)
 [0,4.23193e-06)
 [0,4.41074e-06)
 [0,4.41074e-06)
 [0,4.47035e-06)
 [0,4.52995e-06)
 [0,4.52995e-06)
 [0,4.58956e-06)
 [0,4.58956e-06)
 [0,4.64916e-06)
 [0,4.70877e-06)
 [0,4.76837e-06)
 [0,4.82798e-06)
 [0,4.82798e-06)
 [0,4.88758e-06)
 [0,4.88758e-06)
 [0,4.88758e-06)
 [0,4.94719e-06)
 [0,5.00679e-06)
 [0,5.00679e-06)
 [0,5.1856e-06)
 [0,5.30481e-06)
 [0,5.30481e-06)
 [0,5.36442e-06)
 [0,5.36442e-06)
 [0,5.42402e-06)
 [0,5.42402e-06)
 [0,5.48363e-06)
 [0,5.60284e-06)
 [0,5.60284e-06)
 [0,5.66244e-06)
 [0,5.72205e-06)
 [0,5.84126e-06)
 [0,5.90086e-06)
 [0,5.96046e-06)
 [0,5.96046e-06)
 [0,5.96046e-06)
 [0,5.96046e-06)
 [0,6.02007e-06)
 [0,6.07967e-06)
 [0,6.07967e-06)
 [0,6.13928e-06)
 [0,6.13928e-06)
 [0,6.19888e-06)
 [0,6.3777e-06)
 [0,6.3777e-06)
 [0,6.49691e-06)
 [0,6.49691e-06)
 [0,6.55651e-06)
 [0,6.61612e-06)
 [0,6.79493e-06)
 [0,6.79493e-06)
 [0,6.79493e-06)
 [0,6.85453e-06)
 [0,6.97374e-06)
 [0,7.09295e-06)
 [0,7.21216e-06)
 [0,7.27177e-06)
 [0,7.39098e-06)
 [0,7.45058e-06)
 [0,7.51019e-06)
 [0,7.51019e-06)
 [0,7.56979e-06)
 [0,7.80821e-06)
 [0,7.86781e-06)
 [0,7.86781e-06)
 [0,7.98702e-06)
 [0,8.04663e-06)
 [0,8.10623e-06)
 [0,8.10623e-06)
 [0,8.16584e-06)
 [0,8.22544e-06)
 [0,8.22544e-06)
 [0,8.52346e-06)
 [0,8.52346e-06)
 [0,8.58307e-06)
 [0,8.64267e-06)
 [0,8.76188e-06)
 [0,8.9407e-06)
 [0,8.9407e-06)
 [0,8.9407e-06)
 [0,9.0003e-06)
 [0,9.17912e-06)
 [0,9.23872e-06)
 [0,9.29832e-06)
 [0,9.29832e-06)
 [0,9.29832e-06)
 [0,9.41753e-06)
 [0,9.41753e-06)
 [0,9.53674e-06)
 [0,9.53674e-06)
 [0,9.65595e-06)
 [0,9.71556e-06)
 [0,9.89437e-06)
 [0,1.00136e-05)
 [0,1.00136e-05)
 [0,1.00732e-05)
 [0,1.01328e-05)
 [0,1.01924e-05)
 [0,1.01924e-05)
 [0,1.0252e-05)
 [0,1.03712e-05)
 [0,1.03712e-05)
 [0,1.055e-05)
 [0,1.055e-05)
 [0,1.06096e-05)
 [0,1.06692e-05)
 [0,1.06692e-05)
 [0,1.06692e-05)
 [0,1.07288e-05)
 [0,1.07288e-05)
 [0,1.07884e-05)
 [0,1.07884e-05)
 [0,1.07884e-05)
 [0,1.0848e-05)
 [0,1.09076e-05)
 [0,1.09673e-05)
 [0,1.10865e-05)
 [0,1.11461e-05)
 [0,1.12057e-05)
 [0,1.12653e-05)
 [0,1.12653e-05)
 [0,1.13249e-05)
 [0,1.13249e-05)
 [0,1.13845e-05)
 [0,1.13845e-05)
 [0,1.14441e-05)
 [0,1.14441e-05)
 [0,1.14441e-05)
 [0,1.14441e-05)
 [0,1.15037e-05)
 [0,1.15037e-05)
 [0,1.15037e-05)
 [0,1.15633e-05)
 [0,1.16229e-05)
 [0,1.16825e-05)
 [0,1.17421e-05)
 [0,1.17421e-05)
 [0,1.18017e-05)
 [0,1.18613e-05)
 [0,1.19209e-05)
 [0,1.19805e-05)
 [0,1.20997e-05)
 [0,1.2219e-05)
 [0,1.23382e-05)
 [0,1.23978e-05)
 [0,1.24574e-05)
 [0,1.2517e-05)
 [0,1.25766e-05)
 [0,1.26362e-05)
 [0,1.27256e-05)
 [0,1.27554e-05)
 [0,1.2815e-05)
 [0,1.2815e-05)
 [0,1.2815e-05)
 [0,1.2815e-05)
 [0,1.29342e-05)
 [0,1.29938e-05)
 [0,1.30534e-05)
 [0,1.3113e-05)
 [0,1.31726e-05)
 [0,1.33514e-05)
 [0,1.34706e-05)
 [0,1.35899e-05)
 [0,1.36495e-05)
 [0,1.36495e-05)
 [0,1.36495e-05)
 [0,1.37091e-05)
 [0,1.37687e-05)
 [0,1.38879e-05)
 [0,1.38879e-05)
 [0,1.39475e-05)
 [0,1.39475e-05)
 [0,1.40071e-05)
 [0,1.40667e-05)
 [0,1.41263e-05)
 [0,1.41263e-05)
 [0,1.41859e-05)
 [0,1.42455e-05)
 [0,1.43051e-05)
 [0,1.43051e-05)
 [0,1.43051e-05)
 [0,1.44839e-05)
 [0,1.45435e-05)
 [0,1.46031e-05)
 [0,1.47223e-05)
 [0,1.47223e-05)
 [0,1.47223e-05)
 [0,1.4782e-05)
 [0,1.4782e-05)
 [0,1.49012e-05)
 [0,1.49012e-05)
 [0,1.49608e-05)
 [0,1.50204e-05)
 [0,1.50204e-05)
 [0,1.508e-05)
 [0,1.51396e-05)
 [0,1.51992e-05)
 [0,1.52588e-05)
 [0,1.52588e-05)
 [0,1.54376e-05)
 [0,1.54972e-05)
 [0,1.56164e-05)
 [0,1.56164e-05)
 [0,1.57356e-05)
 [0,1.58548e-05)
 [0,1.5974e-05)
 [0,1.5974e-05)
 [0,1.60336e-05)
 [0,1.60336e-05)
 [0,1.60336e-05)
 [0,1.60336e-05)
 [0,1.60933e-05)
 [0,1.60933e-05)
 [0,1.65701e-05)
 [0,1.65701e-05)
 [0,1.65701e-05)
 [0,1.65701e-05)
 [0,1.67489e-05)
 [0,1.69277e-05)
 [0,1.69873e-05)
 [0,1.69873e-05)
 [0,1.69873e-05)
 [0,1.69873e-05)
 [0,1.69873e-05)
 [0,1.71661e-05)
 [0,1.71661e-05)
 [0,1.72257e-05)
 [0,1.72853e-05)
 [0,1.75238e-05)
 [0,1.7643e-05)
 [0,1.77622e-05)
 [0,1.77622e-05)
 [0,1.77622e-05)
 [0,1.77622e-05)
 [0,1.7941e-05)
 [0,1.81198e-05)
 [0,1.81198e-05)
 [0,1.81198e-05)
 [0,1.81794e-05)
 [0,1.81794e-05)
 [0,1.81794e-05)
 [0,1.82986e-05)
 [0,1.84178e-05)
 [0,1.84774e-05)
 [0,1.8537e-05)
 [0,1.85966e-05)
 [0,1.85966e-05)
 [0,1.86563e-05)
 [0,1.86563e-05)
 [0,1.87755e-05)
 [0,1.88947e-05)
 [0,1.89543e-05)
 [0,1.89543e-05)
 [0,1.89543e-05)
 [0,1.91927e-05)
 [0,1.92523e-05)
 [0,1.93715e-05)
 [0,1.94907e-05)
 [0,1.95503e-05)
 [0,1.96099e-05)
 [0,1.96099e-05)
 [0,1.96695e-05)
 [0,1.96695e-05)
 [0,2.00272e-05)
 [0,2.00868e-05)
 [0,2.00868e-05)
 [0,2.03252e-05)
 [0,2.03848e-05)
 [0,2.03848e-05)
 [0,2.05636e-05)
 [0,2.06232e-05)
 [0,2.08616e-05)
 [0,2.10404e-05)
 [0,2.10404e-05)
 [0,2.11e-05)
 [0,2.12789e-05)
 [0,2.12789e-05)
 [0,2.13981e-05)
 [0,2.14577e-05)
 [0,2.15173e-05)
 [0,2.16961e-05)
 [0,2.17557e-05)
 [0,2.18153e-05)
 [0,2.18749e-05)
 [0,2.18749e-05)
 [0,2.18749e-05)
 [0,2.19941e-05)
 [0,2.19941e-05)
 [0,2.20537e-05)
 [0,2.21133e-05)
 [0,2.21431e-05)
 [0,2.22921e-05)
 [0,2.22921e-05)
 [0,2.23517e-05)
 [0,2.23517e-05)
 [0,2.24113e-05)
 [0,2.24113e-05)
 [0,2.25902e-05)
 [0,2.25902e-05)
 [0,2.26498e-05)
 [0,2.26498e-05)
 [0,2.27094e-05)
 [0,2.28286e-05)
 [0,2.3067e-05)
 [0,2.31862e-05)
 [0,2.32458e-05)
 [0,2.33054e-05)
 [0,2.3365e-05)
 [0,2.3365e-05)
 [0,2.34246e-05)
 [0,2.34842e-05)
 [0,2.3663e-05)
 [0,2.3663e-05)
 [0,2.37226e-05)
 [0,2.37226e-05)
 [0,2.37226e-05)
 [0,2.37226e-05)
 [0,2.37226e-05)
 [0,2.37823e-05)
 [0,2.38717e-05)
 [0,2.39015e-05)
 [0,2.39015e-05)
 [0,2.39611e-05)
 [0,2.40803e-05)
 [0,2.43783e-05)
 [0,2.47359e-05)
 [0,2.47955e-05)
 [0,2.49743e-05)
 [0,2.5034e-05)
 [0,2.5332e-05)
 [0,2.53916e-05)
 [0,2.55108e-05)
 [0,2.55704e-05)
 [0,2.563e-05)
 [0,2.56896e-05)
 [0,2.58684e-05)
 [0,2.58684e-05)
 [0,2.60472e-05)
 [0,2.61664e-05)
 [0,2.61664e-05)
 [0,2.62856e-05)
 [0,2.65241e-05)
 [0,2.65241e-05)
 [0,2.65837e-05)
 [0,2.65837e-05)
 [0,2.66433e-05)
 [0,2.67029e-05)
 [0,2.67029e-05)
 [0,2.70605e-05)
 [0,2.71201e-05)
 [0,2.71201e-05)
 [0,2.71797e-05)
 [0,2.72989e-05)
 [0,2.73585e-05)
 [0,2.74181e-05)
 [0,2.74181e-05)
 [0,2.74777e-05)
 [0,2.75373e-05)
 [0,2.77162e-05)
 [0,2.77162e-05)
 [0,2.78354e-05)
 [0,2.78354e-05)
 [0,2.79546e-05)
 [0,2.80738e-05)
 [0,2.80738e-05)
 [0,2.8193e-05)
 [0,2.8193e-05)
 [0,2.83122e-05)
 [0,2.83718e-05)
 [0,2.84314e-05)
 [0,2.8491e-05)
 [0,2.8491e-05)
 [0,2.85506e-05)
 [0,2.85506e-05)
 [0,2.86102e-05)
 [0,2.87294e-05)
 [0,2.8789e-05)
 [0,2.90275e-05)
 [0,2.90275e-05)
 [0,2.93255e-05)
 [0,2.93255e-05)
 [0,2.93255e-05)
 [0,2.93255e-05)
 [0,2.93851e-05)
 [0,2.95043e-05)
 [0,2.96831e-05)
 [0,2.97427e-05)
 [0,2.98023e-05)
 [0,2.99215e-05)
 [0,2.99215e-05)
 [0,3.00407e-05)
 [0,3.01003e-05)
 [0,3.02196e-05)
 [0,3.02196e-05)
 [0,3.0458e-05)
 [0,3.05772e-05)
 [0,3.06368e-05)
 [0,3.06964e-05)
 [0,3.06964e-05)
 [0,3.06964e-05)
 [0,3.06964e-05)
 [0,3.08156e-05)
 [0,3.08752e-05)
 [0,3.09348e-05)
 [0,3.09348e-05)
 [0,3.1054e-05)
 [0,3.11136e-05)
 [0,3.11136e-05)
 [0,3.11136e-05)
 [0,3.12328e-05)
 [0,3.14116e-05)
 [0,3.14116e-05)
 [0,3.15905e-05)
 [0,3.17097e-05)
 [0,3.18289e-05)
 [0,3.20673e-05)
 [0,3.21269e-05)
 [0,3.21269e-05)
 [0,3.21269e-05)
 [0,3.23057e-05)
 [0,3.23653e-05)
 [0,3.23653e-05)
 [0,3.24249e-05)
 [0,3.24845e-05)
 [0,3.26037e-05)
 [0,3.26633e-05)
 [0,3.26633e-05)
 [0,3.26633e-05)
 [0,3.26633e-05)
 [0,3.29614e-05)
 [0,3.3021e-05)
 [0,3.3021e-05)
 [0,3.3021e-05)
 [0,3.30806e-05)
 [0,3.31998e-05)
 [0,3.31998e-05)
 [0,3.32594e-05)
 [0,3.3319e-05)
 [0,3.34382e-05)
 [0,3.34978e-05)
 [0,3.34978e-05)
 [0,3.3617e-05)
 [0,3.36766e-05)
 [0,3.37958e-05)
 [0,3.38554e-05)
 [0,3.38554e-05)
 [0,3.3915e-05)
 [0,3.39746e-05)
 [0,3.39746e-05)
 [0,3.42727e-05)
 [0,3.43919e-05)
 [0,3.44515e-05)
 [0,3.44515e-05)
 [0,3.45707e-05)
 [0,3.48091e-05)
 [0,3.48091e-05)
 [0,3.48687e-05)
 [0,3.48687e-05)
 [0,3.48687e-05)
 [0,3.49283e-05)
 [0,3.49283e-05)
 [0,3.49879e-05)
 [0,3.49879e-05)
 [0,3.49879e-05)
 [0,3.50475e-05)
 [0,3.53456e-05)
 [0,3.54052e-05)
 [0,3.55244e-05)
 [0,3.55244e-05)
 [0,3.55244e-05)
 [0,3.55244e-05)
 [0,3.56436e-05)
 [0,3.56436e-05)
 [0,3.57628e-05)
 [0,3.58224e-05)
 [0,3.59416e-05)
 [0,3.59416e-05)
 [0,3.60012e-05)
 [0,3.60012e-05)
 [0,3.62396e-05)
 [0,3.62396e-05)
 [0,3.62396e-05)
 [0,3.63588e-05)
 [0,3.64184e-05)
 [0,3.66569e-05)
 [0,3.67165e-05)
 [0,3.68953e-05)
 [0,3.69549e-05)
 [0,3.71337e-05)
 [0,3.73721e-05)
 [0,3.74913e-05)
 [0,3.74913e-05)
 [0,3.74913e-05)
 [0,3.74913e-05)
 [0,3.77297e-05)
 [0,3.77893e-05)
 [0,3.77893e-05)
 [0,3.8147e-05)
 [0,3.82066e-05)
 [0,3.83258e-05)
 [0,3.8445e-05)
 [0,3.8445e-05)
 [0,3.8445e-05)
 [0,3.85046e-05)
 [0,3.86834e-05)
 [0,3.86834e-05)
 [0,3.88026e-05)
 [0,3.88026e-05)
 [0,3.88026e-05)
 [0,3.88622e-05)
 [0,3.88622e-05)
 [0,3.91006e-05)
 [0,3.92795e-05)
 [0,3.93987e-05)
 [0,3.98755e-05)
 [0,4.00543e-05)
 [0,4.01735e-05)
 [0,4.01735e-05)
 [0,4.02331e-05)
 [0,4.03523e-05)
 [0,4.04119e-05)
 [0,4.05908e-05)
 [0,4.06206e-05)
 [0,4.06504e-05)
 [0,4.08888e-05)
 [0,4.09484e-05)
 [0,4.09484e-05)
 [0,4.1008e-05)
 [0,4.1008e-05)
 [0,4.10676e-05)
 [0,4.11272e-05)
 [0,4.11272e-05)
 [0,4.14252e-05)
 [0,4.15444e-05)
 [0,4.16636e-05)
 [0,4.17232e-05)
 [0,4.19021e-05)
 [0,4.19617e-05)
 [0,4.20213e-05)
 [0,4.20809e-05)
 [0,4.20809e-05)
 [0,4.20809e-05)
 [0,4.20809e-05)
 [0,4.21405e-05)
 [0,4.21405e-05)
 [0,4.22001e-05)
 [0,4.22597e-05)
 [0,4.23789e-05)
 [0,4.23789e-05)
 [0,4.25577e-05)
 [0,4.28557e-05)
 [0,4.29749e-05)
 [0,4.30346e-05)
 [0,4.30346e-05)
 [0,4.30942e-05)
 [0,4.30942e-05)
 [0,4.31538e-05)
 [0,4.31538e-05)
 [0,4.31538e-05)
 [0,4.31538e-05)
 [0,4.32134e-05)
 [0,4.3273e-05)
 [0,4.33922e-05)
 [0,4.33922e-05)
 [0,4.35114e-05)
 [0,4.36306e-05)
 [0,4.36902e-05)
 [0,4.38094e-05)
 [0,4.38094e-05)
 [0,4.40478e-05)
 [0,4.42266e-05)
 [0,4.44055e-05)
 [0,4.44651e-05)
 [0,4.46439e-05)
 [0,4.46439e-05)
 [0,4.50015e-05)
 [0,4.50015e-05)
 [0,4.50015e-05)
 [0,4.50015e-05)
 [0,4.50611e-05)
 [0,4.50611e-05)
 [0,4.51207e-05)
 [0,4.52399e-05)
 [0,4.52995e-05)
 [0,4.52995e-05)
 [0,4.52995e-05)
 [0,4.53889e-05)
 [0,4.54187e-05)
 [0,4.54187e-05)
 [0,4.56572e-05)
 [0,4.57168e-05)
 [0,4.57764e-05)
 [0,4.58956e-05)
 [0,4.60148e-05)
 [0,4.60744e-05)
 [0,4.6134e-05)
 [0,4.61936e-05)
 [0,4.61936e-05)
 [0,4.63128e-05)
 [0,4.63128e-05)
 [0,4.6432e-05)
 [0,4.64916e-05)
 [0,4.66108e-05)
 [0,4.66704e-05)
 [0,4.66704e-05)
 [0,4.67896e-05)
 [0,4.68493e-05)
 [0,4.68493e-05)
 [0,4.69089e-05)
 [0,4.72069e-05)
 [0,4.72665e-05)
 [0,4.73857e-05)
 [0,4.76241e-05)
 [0,4.76837e-05)
 [0,4.77433e-05)
 [0,4.77433e-05)
 [0,4.79817e-05)
 [0,4.81606e-05)
 [0,4.82202e-05)
 [0,4.82798e-05)
 [0,4.8697e-05)
 [0,4.87566e-05)
 [0,4.88758e-05)
 [0,4.88758e-05)
 [0,4.91142e-05)
 [0,4.9293e-05)
 [0,4.94123e-05)
 [0,4.95911e-05)
 [0,4.97103e-05)
 [0,4.97103e-05)
 [0,4.97103e-05)
 [0,4.97103e-05)
 [0,4.97699e-05)
 [0,4.98295e-05)
 [0,4.98295e-05)
 [0,4.99487e-05)
 [0,4.99487e-05)
 [0,4.99487e-05)
 [0,5.00083e-05)
 [0,5.01275e-05)
 [0,5.01871e-05)
 [0,5.04255e-05)
 [0,5.04851e-05)
 [0,5.05447e-05)
 [0,5.09024e-05)
 [0,5.10216e-05)
 [0,5.10812e-05)
 [0,5.10812e-05)
 [0,5.11408e-05)
 [0,5.12004e-05)
 [0,5.13196e-05)
 [0,5.13792e-05)
 [0,5.14984e-05)
 [0,5.14984e-05)
 [0,5.1558e-05)
 [0,5.1558e-05)
 [0,5.17368e-05)
 [0,5.17368e-05)
 [0,5.1856e-05)
 [0,5.21541e-05)
 [0,5.21541e-05)
 [0,5.23329e-05)
 [0,5.25117e-05)
 [0,5.25117e-05)
 [0,5.25713e-05)
 [0,5.26905e-05)
 [0,5.28693e-05)
 [0,5.29885e-05)
 [0,5.30481e-05)
 [0,5.32269e-05)
 [0,5.32269e-05)
 [0,5.32269e-05)
 [0,5.32269e-05)
 [0,5.32865e-05)
 [0,5.33462e-05)
 [0,5.34654e-05)
 [0,5.34654e-05)
 [0,5.34654e-05)
 [0,5.37634e-05)
 [0,5.38826e-05)
 [0,5.39422e-05)
 [0,5.39422e-05)
 [0,5.40018e-05)
 [0,5.41806e-05)
 [0,5.41806e-05)
 [0,5.42998e-05)
 [0,5.43594e-05)
 [0,5.43594e-05)
 [0,5.43594e-05)
 [0,5.4419e-05)
 [0,5.44786e-05)
 [0,5.48363e-05)
 [0,5.48959e-05)
 [0,5.49183e-05)
 [0,5.49555e-05)
 [0,5.50747e-05)
 [0,5.52535e-05)
 [0,5.52535e-05)
 [0,5.56111e-05)
 [0,5.58496e-05)
 [0,5.59092e-05)
 [0,5.6088e-05)
 [0,5.61476e-05)
 [0,5.62072e-05)
 [0,5.62072e-05)
 [0,5.62668e-05)
 [0,5.6386e-05)
 [0,5.65052e-05)
 [0,5.65648e-05)
 [0,5.6684e-05)
 [0,5.67436e-05)
 [0,5.67436e-05)
 [0,5.69224e-05)
 [0,5.69224e-05)
 [0,5.70416e-05)
 [0,5.70416e-05)
 [0,5.70714e-05)
 [0,5.71012e-05)
 [0,5.71609e-05)
 [0,5.72205e-05)
 [0,5.73397e-05)
 [0,5.73397e-05)
 [0,5.75185e-05)
 [0,5.76377e-05)
 [0,5.76377e-05)
 [0,5.76973e-05)
 [0,5.78165e-05)
 [0,5.79357e-05)
 [0,5.79953e-05)
 [0,5.80549e-05)
 [0,5.80549e-05)
 [0,5.81145e-05)
 [0,5.81741e-05)
 [0,5.82337e-05)
 [0,5.83529e-05)
 [0,5.84126e-05)
 [0,5.85318e-05)
 [0,5.8651e-05)
 [0,5.88298e-05)
 [0,5.88298e-05)
 [0,5.88894e-05)
 [0,5.90086e-05)
 [0,5.90682e-05)
 [0,5.90682e-05)
 [0,5.91278e-05)
 [0,5.91874e-05)
 [0,5.93662e-05)
 [0,5.93662e-05)
 [0,5.94854e-05)
 [0,5.94854e-05)
 [0,5.9545e-05)
 [0,5.96046e-05)
 [0,5.96642e-05)
 [0,5.99623e-05)
 [0,6.00815e-05)
 [0,6.00815e-05)
 [0,6.02007e-05)
 [0,6.02603e-05)
 [0,6.03199e-05)
 [0,6.03199e-05)
 [0,6.04391e-05)
 [0,6.06179e-05)
 [0,6.07967e-05)
 [0,6.08563e-05)
 [0,6.08563e-05)
 [0,6.09756e-05)
 [0,6.10352e-05)
 [0,6.10352e-05)
 [0,6.10352e-05)
 [0,6.10352e-05)
 [0,6.10948e-05)
 [0,6.10948e-05)
 [0,6.10948e-05)
 [0,6.11544e-05)
 [0,6.11544e-05)
 [0,6.12736e-05)
 [0,6.13332e-05)
 [0,6.1512e-05)
 [0,6.15716e-05)
 [0,6.16908e-05)
 [0,6.17504e-05)
 [0,6.181e-05)
 [0,6.18696e-05)
 [0,6.21676e-05)
 [0,6.22272e-05)
 [0,6.22869e-05)
 [0,6.24061e-05)
 [0,6.25253e-05)
 [0,6.25253e-05)
 [0,6.26445e-05)
 [0,6.26445e-05)
 [0,6.27041e-05)
 [0,6.27041e-05)
 [0,6.28829e-05)
 [0,6.28829e-05)
 [0,6.30021e-05)
 [0,6.31213e-05)
 [0,6.32405e-05)
 [0,6.3777e-05)
 [0,6.38366e-05)
 [0,6.43134e-05)
 [0,6.43432e-05)
 [0,6.4373e-05)
 [0,6.4373e-05)
 [0,6.44922e-05)
 [0,6.45518e-05)
 [0,6.46114e-05)
 [0,6.4671e-05)
 [0,6.48498e-05)
 [0,6.49095e-05)
 [0,6.49095e-05)
 [0,6.51479e-05)
 [0,6.51479e-05)
 [0,6.52075e-05)
 [0,6.53267e-05)
 [0,6.53267e-05)
 [0,6.54459e-05)
 [0,6.55651e-05)
 [0,6.58035e-05)
 [0,6.59823e-05)
 [0,6.60419e-05)
 [0,6.62804e-05)
 [0,6.63996e-05)
 [0,6.64592e-05)
 [0,6.65784e-05)
 [0,6.65784e-05)
 [0,6.67274e-05)
 [0,6.71744e-05)
 [0,6.72936e-05)
 [0,6.72936e-05)
 [0,6.72936e-05)
 [0,6.73532e-05)
 [0,6.74725e-05)
 [0,6.75321e-05)
 [0,6.76513e-05)
 [0,6.76753e-05)
 [0,6.77705e-05)
 [0,6.77705e-05)
 [0,6.78301e-05)
 [0,6.78897e-05)
 [0,6.79493e-05)
 [0,6.79493e-05)
 [0,6.80089e-05)
 [0,6.81281e-05)
 [0,6.83665e-05)
 [0,6.86049e-05)
 [0,6.86645e-05)
 [0,6.86645e-05)
 [0,6.87838e-05)
 [0,6.89626e-05)
 [0,6.90222e-05)
 [0,6.9201e-05)
 [0,6.9201e-05)
 [0,6.93798e-05)
 [0,6.94394e-05)
 [0,6.9499e-05)
 [0,6.9499e-05)
 [0,6.95586e-05)
 [0,6.96182e-05)
 [0,6.96778e-05)
 [0,6.96778e-05)
 [0,6.96778e-05)
 [0,6.98566e-05)
 [0,7.00355e-05)
 [0,7.00355e-05)
 [0,7.00951e-05)
 [0,7.01547e-05)
 [0,7.01547e-05)
 [0,7.04527e-05)
 [0,7.05123e-05)
 [0,7.06315e-05)
 [0,7.06315e-05)
 [0,7.06911e-05)
 [0,7.07507e-05)
 [0,7.08699e-05)
 [0,7.10487e-05)
 [0,7.1466e-05)
 [0,7.18236e-05)
 [0,7.18832e-05)
 [0,7.19428e-05)
 [0,7.19428e-05)
 [0,7.21216e-05)
 [0,7.21216e-05)
 [0,7.21216e-05)
 [0,7.22408e-05)
 [0,7.26581e-05)
 [0,7.27177e-05)
 [0,7.27177e-05)
 [0,7.28965e-05)
 [0,7.29561e-05)
 [0,7.31349e-05)
 [0,7.33733e-05)
 [0,7.34329e-05)
 [0,7.35521e-05)
 [0,7.35521e-05)
 [0,7.43866e-05)
 [0,7.44462e-05)
 [0,7.45058e-05)
 [0,7.45058e-05)
 [0,7.45058e-05)
 [0,7.46846e-05)
 [0,7.48634e-05)
 [0,7.50422e-05)
 [0,7.50422e-05)
 [0,7.51615e-05)
 [0,7.51615e-05)
 [0,7.52807e-05)
 [0,7.54595e-05)
 [0,7.55191e-05)
 [0,7.58767e-05)
 [0,7.60555e-05)
 [0,7.64728e-05)
 [0,7.6592e-05)
 [0,7.6592e-05)
 [0,7.67708e-05)
 [0,7.689e-05)
 [0,7.69496e-05)
 [0,7.70092e-05)
 [0,7.70688e-05)
 [0,7.71284e-05)
 [0,7.73668e-05)
 [0,7.74264e-05)
 [0,7.74264e-05)
 [0,7.7486e-05)
 [0,7.76052e-05)
 [0,7.76649e-05)
 [0,7.78437e-05)
 [0,7.78735e-05)
 [0,7.7889e-05)
 [0,7.80821e-05)
 [0,7.80821e-05)
 [0,7.81417e-05)
 [0,7.81417e-05)
 [0,7.82609e-05)
 [0,7.82609e-05)
 [0,7.86781e-05)
 [0,7.89165e-05)
 [0,7.89762e-05)
 [0,7.90358e-05)
 [0,7.90358e-05)
 [0,7.9155e-05)
 [0,7.9155e-05)
 [0,7.9751e-05)
 [0,7.98106e-05)
 [0,7.98106e-05)
 [0,7.98702e-05)
 [0,7.99298e-05)
 [0,7.99298e-05)
 [0,8.01086e-05)
 [0,8.01086e-05)
 [0,8.01682e-05)
 [0,8.01682e-05)
 [0,8.05259e-05)
 [0,8.05855e-05)
 [0,8.05855e-05)
 [0,8.06451e-05)
 [0,8.07047e-05)
 [0,8.08239e-05)
 [0,8.10623e-05)
 [0,8.11219e-05)
 [0,8.1159e-05)
 [0,8.12411e-05)
 [0,8.13603e-05)
 [0,8.14199e-05)
 [0,8.15392e-05)
 [0,8.15988e-05)
 [0,8.18372e-05)
 [0,8.2314e-05)
 [0,8.25524e-05)
 [0,8.27312e-05)
 [0,8.28803e-05)
 [0,8.29697e-05)
 [0,8.30293e-05)
 [0,8.30889e-05)
 [0,8.30889e-05)
 [0,8.31485e-05)
 [0,8.31485e-05)
 [0,8.32677e-05)
 [0,8.34465e-05)
 [0,8.34465e-05)
 [0,8.35657e-05)
 [0,8.38041e-05)
 [0,8.38041e-05)
 [0,8.38637e-05)
 [0,8.39829e-05)
 [0,8.40425e-05)
 [0,8.46982e-05)
 [0,8.47578e-05)
 [0,8.48174e-05)
 [0,8.50139e-05)
 [0,8.5175e-05)
 [0,8.52942e-05)
 [0,8.53539e-05)
 [0,8.55327e-05)
 [0,8.55923e-05)
 [0,8.56519e-05)
 [0,8.60095e-05)
 [0,8.60095e-05)
 [0,8.61287e-05)
 [0,8.64863e-05)
 [0,8.64863e-05)
 [0,8.66055e-05)
 [0,8.6844e-05)
 [0,8.68738e-05)
 [0,8.69036e-05)
 [0,8.69632e-05)
 [0,8.70228e-05)
 [0,8.7142e-05)
 [0,8.72612e-05)
 [0,8.75592e-05)
 [0,8.82149e-05)
 [0,8.82745e-05)
 [0,8.83341e-05)
 [0,8.83341e-05)
 [0,8.84533e-05)
 [0,8.86321e-05)
 [0,8.86917e-05)
 [0,8.87513e-05)
 [0,8.89301e-05)
 [0,8.89301e-05)
 [0,8.90493e-05)
 [0,8.91685e-05)
 [0,8.93474e-05)
 [0,8.95262e-05)
 [0,8.9556e-05)
 [0,8.95858e-05)
 [0,8.98242e-05)
 [0,9.00626e-05)
 [0,9.01818e-05)
 [0,9.07779e-05)
 [0,9.08375e-05)
 [0,9.10163e-05)
 [0,9.12547e-05)
 [0,9.13739e-05)
 [0,9.17315e-05)
 [0,9.17911e-05)
 [0,9.21488e-05)
 [0,9.21488e-05)
 [0,9.2268e-05)
 [0,9.2268e-05)
 [0,9.2566e-05)
 [0,9.26852e-05)
 [0,9.27448e-05)
 [0,9.28044e-05)
 [0,9.29832e-05)
 [0,9.29832e-05)
 [0,9.31619e-05)
 [0,9.31621e-05)
 [0,9.32217e-05)
 [0,9.33409e-05)
 [0,9.35197e-05)
 [0,9.36389e-05)
 [0,9.37581e-05)
 [0,9.40978e-05)
 [0,9.42349e-05)
 [0,9.42349e-05)
 [0,9.42945e-05)
 [0,9.43542e-05)
 [0,9.43542e-05)
 [0,9.44138e-05)
 [0,9.44436e-05)
 [0,9.45926e-05)
 [0,9.46853e-05)
 [0,9.47118e-05)
 [0,9.50396e-05)
 [0,9.51588e-05)
 [0,9.53078e-05)
 [0,9.54866e-05)
 [0,9.55462e-05)
 [0,9.57251e-05)
 [0,9.57251e-05)
 [0,9.58443e-05)
 [0,9.60827e-05)
 [0,9.62729e-05)
 [0,9.63807e-05)
 [0,9.63807e-05)
 [0,9.64999e-05)
 [0,9.64999e-05)
 [0,9.67383e-05)
 [0,9.69171e-05)
 [0,9.69768e-05)
 [0,9.70364e-05)
 [0,9.73344e-05)
 [0,9.73344e-05)
 [0,9.77719e-05)
 [0,9.79304e-05)
 [0,9.799e-05)
 [0,9.84073e-05)
 [0,9.84073e-05)
 [0,9.85861e-05)
 [0,9.88841e-05)
 [0,9.90033e-05)
 [0,9.91225e-05)
 [0,9.91225e-05)
 [0,9.91821e-05)
 [0,9.92417e-05)
 [0,9.93609e-05)
 [0,9.94801e-05)
 [0,9.97484e-05)
 [0,0.000100076)
 [0,0.000100374)
 [0,0.000100374)
 [0,0.000100374)
 [0,0.000100434)
 [0,0.000100613)
 [0,0.000101268)
 [0,0.000101268)
 [0,0.000101328)
 [0,0.000101328)
 [0,0.000101447)
 [0,0.000101566)
 [0,0.000101626)
 [0,0.000101805)
 [0,0.000102043)
 [0,0.000102639)
 [0,0.000102699)
 [0,0.000102758)
 [0,0.000102818)
 [0,0.000102878)
 [0,0.000102878)
 [0,0.000102878)
 [0,0.000103056)
 [0,0.000103056)
 [0,0.000103414)
 [0,0.000103712)
 [0,0.00010401)
 [0,0.000104129)
 [0,0.000104427)
 [0,0.000104725)
 [0,0.000104725)
 [0,0.000104785)
 [0,0.000104964)
 [0,0.000105083)
 [0,0.000105143)
 [0,0.000105202)
 [0,0.000105321)
 [0,0.000105381)
 [0,0.000105441)
 [0,0.0001055)
 [0,0.000106096)
 [0,0.000106573)
 [0,0.000106573)
 [0,0.000106692)
 [0,0.000106931)
 [0,0.00010705)
 [0,0.000107229)
 [0,0.000107288)
 [0,0.000107348)
 [0,0.000107884)
 [0,0.000108361)
 [0,0.000108391)
 [0,0.000109196)
 [0,0.000109553)
 [0,0.00011003)
 [0,0.000110149)
 [0,0.000110149)
 [0,0.000110269)
 [0,0.000110328)
 [0,0.000110388)
 [0,0.000110447)
 [0,0.000110567)
 [0,0.000111163)
 [0,0.000112295)
 [0,0.000112772)
 [0,0.00011301)
 [0,0.000113487)
 [0,0.000113726)
 [0,0.000114024)
 [0,0.00011456)
 [0,0.000115097)
 [0,0.000115275)
 [0,0.000115335)
 [0,0.000115454)
 [0,0.000115752)
 [0,0.000115812)
 [0,0.000115931)
 [0,0.000115991)
 [0,0.00011611)
 [0,0.000117004)
 [0,0.000117123)
 [0,0.000117183)
 [0,0.000117481)
 [0,0.000117719)
 [0,0.000117779)
 [0,0.000117898)
 [0,0.000118196)
 [0,0.000118375)
 [0,0.000118434)
 [0,0.000118732)
 [0,0.000118792)
 [0,0.00011915)
 [0,0.000119209)
 [0,0.000119457)
 [0,0.000119627)
 [0,0.000119686)
 [0,0.000119686)
 [0,0.000119746)
 [0,0.000119865)
 [0,0.000119865)
 [0,0.000119925)
 [0,0.000120401)
 [0,0.000120401)
 [0,0.00012058)
 [0,0.000120878)
 [0,0.000121534)
 [0,0.000121832)
 [0,0.000121832)
 [0,0.000122249)
 [0,0.000122428)
 [0,0.000122666)
 [0,0.000122666)
 [0,0.000122964)
 [0,0.000123024)
 [0,0.000123173)
 [0,0.000124335)
 [0,0.000124514)
 [0,0.000124693)
 [0,0.000124812)
 [0,0.000124991)
 [0,0.00012517)
 [0,0.000125319)
 [0,0.000125945)
 [0,0.000126064)
 [0,0.000126302)
 [0,0.00012669)
 [0,0.000126719)
 [0,0.000126779)
 [0,0.000126839)
 [0,0.000126958)
 [0,0.000127256)
 [0,0.000127554)
 [0,0.000127614)
 [0,0.000128031)
 [0,0.000128269)
 [0,0.000128508)
 [0,0.000128508)
 [0,0.000128627)
 [0,0.000128806)
 [0,0.000128925)
 [0,0.000129044)
 [0,0.000130415)
 [0,0.000130653)
 [0,0.000130832)
 [0,0.000130951)
 [0,0.000130951)
 [0,0.000131011)
 [0,0.00013113)
 [0,0.000131607)
 [0,0.000131726)
 [0,0.000131845)
 [0,0.000131845)
 [0,0.000132203)
 [0,0.000132263)
 [0,0.000132501)
 [0,0.00013268)
 [0,0.000133157)
 [0,0.000133395)
 [0,0.00013417)
 [0,0.000134617)
 [0,0.000135183)
 [0,0.000135183)
 [0,0.000136495)
 [0,0.000136673)
 [0,0.000136793)
 [0,0.000136912)
 [0,0.00013721)
 [0,0.000137866)
 [0,0.000137925)
 [0,0.000137985)
 [0,0.000138044)
 [0,0.000138342)
 [0,0.00013864)
 [0,0.000139296)
 [0,0.000139415)
 [0,0.000139713)
 [0,0.00014019)
 [0,0.000140309)
 [0,0.000140501)
 [0,0.000140645)
 [0,0.000141263)
 [0,0.000141442)
 [0,0.000141561)
 [0,0.00014174)
 [0,0.000142515)
 [0,0.000142813)
 [0,0.000142932)
 [0,0.000143528)
 [0,0.000143528)
 [0,0.000143588)
 [0,0.000143707)
 [0,0.000143707)
 [0,0.000144064)
 [0,0.000144166)
 [0,0.000144184)
 [0,0.000144362)
 [0,0.000144422)
 [0,0.000144482)
 [0,0.000144899)
 [0,0.000144899)
 [0,0.000144958)
 [0,0.000145018)
 [0,0.000146031)
 [0,0.00014621)
 [0,0.00014627)
 [0,0.000146329)
 [0,0.000146449)
 [0,0.000146508)
 [0,0.000146627)
 [0,0.000146925)
 [0,0.000147104)
 [0,0.000147104)
 [0,0.000147343)
 [0,0.000147879)
 [0,0.000147879)
 [0,0.000147939)
 [0,0.000148237)
 [0,0.000148952)
 [0,0.000149131)
 [0,0.000149131)
 [0,0.000149608)
 [0,0.000149846)
 [0,0.000149906)
 [0,0.000150144)
 [0,0.000150204)
 [0,0.000150621)
 [0,0.000150681)
 [0,0.000151038)
 [0,0.000151217)
 [0,0.000151217)
 [0,0.000151277)
 [0,0.000152349)
 [0,0.00015252)
 [0,0.000153542)
 [0,0.000153733)
 [0,0.000154376)
 [0,0.000154734)
 [0,0.000154793)
 [0,0.000154853)
 [0,0.000155091)
 [0,0.000155568)
 [0,0.000155807)
 [0,0.000155926)
 [0,0.000156045)
 [0,0.000156343)
 [0,0.000156581)
 [0,0.000156939)
 [0,0.000156999)
 [0,0.000157356)
 [0,0.000157416)
 [0,0.000157654)
 [0,0.000157773)
 [0,0.000158012)
 [0,0.000158548)
 [0,0.000159025)
 [0,0.000159144)
 [0,0.000159144)
 [0,0.000159681)
 [0,0.00015986)
 [0,0.000160158)
 [0,0.000160456)
 [0,0.000160694)
 [0,0.000161767)
 [0,0.000162244)
 [0,0.000162661)
 [0,0.000163257)
 [0,0.000163972)
 [0,0.000164032)
 [0,0.000164092)
 [0,0.000164754)
 [0,0.000164866)
 [0,0.000164986)
 [0,0.000165164)
 [0,0.000165224)
 [0,0.000165284)
 [0,0.000165403)
 [0,0.000165761)
 [0,0.00016588)
 [0,0.000166357)
 [0,0.000166595)
 [0,0.000166655)
 [0,0.000166833)
 [0,0.000167072)
 [0,0.000168741)
 [0,0.00016892)
 [0,0.000169098)
 [0,0.000169158)
 [0,0.000169277)
 [0,0.000169754)
 [0,0.000170022)
 [0,0.000170112)
 [0,0.00017029)
 [0,0.00017041)
 [0,0.000170767)
 [0,0.000170827)
 [0,0.000171602)
 [0,0.000172198)
 [0,0.000172973)
 [0,0.000173211)
 [0,0.000173509)
 [0,0.000173569)
 [0,0.000173748)
 [0,0.000174046)
 [0,0.000174224)
 [0,0.000174373)
 [0,0.000174582)
 [0,0.000175029)
 [0,0.000175118)
 [0,0.000175834)
 [0,0.000175893)
 [0,0.000175953)
 [0,0.000176847)
 [0,0.000177711)
 [0,0.000178277)
 [0,0.000178516)
 [0,0.000178576)
 [0,0.000178695)
 [0,0.000179052)
 [0,0.000179112)
 [0,0.000179291)
 [0,0.00017947)
 [0,0.000179725)
 [0,0.000179827)
 [0,0.000179887)
 [0,0.000180125)
 [0,0.000180244)
 [0,0.000180314)
 [0,0.000180423)
 [0,0.000180542)
 [0,0.000180602)
 [0,0.000180781)
 [0,0.000181249)
 [0,0.000182092)
 [0,0.000183761)
 [0,0.000184536)
 [0,0.000184774)
 [0,0.00018543)
 [0,0.000185519)
 [0,0.000185609)
 [0,0.000185977)
 [0,0.000186801)
 [0,0.000186801)
 [0,0.000186861)
 [0,0.000187159)
 [0,0.000187278)
 [0,0.000187337)
 [0,0.000187516)
 [0,0.000188193)
 [0,0.000188291)
 [0,0.000188291)
 [0,0.000188529)
 [0,0.000188529)
 [0,0.000188589)
 [0,0.000188619)
 [0,0.000188768)
 [0,0.000188887)
 [0,0.000189006)
 [0,0.000189304)
 [0,0.00018996)
 [0,0.000190437)
 [0,0.00019151)
 [0,0.000192463)
 [0,0.000192761)
 [0,0.000193059)
 [0,0.000193596)
 [0,0.000193775)
 [0,0.000194073)
 [0,0.00019443)
 [0,0.00019455)
 [0,0.00019455)
 [0,0.000194669)
 [0,0.000194907)
 [0,0.000194907)
 [0,0.000195026)
 [0,0.000195384)
 [0,0.000195444)
 [0,0.000195503)
 [0,0.000195622)
 [0,0.00019604)
 [0,0.000196142)
 [0,0.000196218)
 [0,0.000197049)
 [0,0.000197291)
 [0,0.000197964)
 [0,0.000198007)
 [0,0.000198031)
 [0,0.000198841)
 [0,0.000199199)
 [0,0.000199974)
 [0,0.000200033)
 [0,0.000200093)
 [0,0.000200152)
 [0,0.000200272)
 [0,0.000202298)
 [0,0.000202477)
 [0,0.000202596)
 [0,0.000202656)
 [0,0.000202894)
 [0,0.00020352)
 [0,0.000203729)
 [0,0.000203967)
 [0,0.000204682)
 [0,0.000204802)
 [0,0.00020498)
 [0,0.000205159)
 [0,0.000205696)
 [0,0.000206292)
 [0,0.000207007)
 [0,0.000207197)
 [0,0.000207663)
 [0,0.000207663)
 [0,0.000207901)
 [0,0.000208497)
 [0,0.000208735)
 [0,0.000208855)
 [0,0.00020963)
 [0,0.000210069)
 [0,0.00021106)
 [0,0.000211596)
 [0,0.000211716)
 [0,0.000211746)
 [0,0.000212014)
 [0,0.000212133)
 [0,0.000213265)
 [0,0.000214338)
 [0,0.000214994)
 [0,0.000214997)
 [0,0.000215106)
 [0,0.000215292)
 [0,0.000216663)
 [0,0.000218213)
 [0,0.000218749)
 [0,0.000219107)
 [0,0.000219107)
 [0,0.000220716)
 [0,0.000220954)
 [0,0.000221167)
 [0,0.000221521)
 [0,0.000221789)
 [0,0.000221908)
 [0,0.000223398)
 [0,0.000224113)
 [0,0.00022465)
 [0,0.00022471)
 [0,0.000225484)
 [0,0.000227153)
 [0,0.000228167)
 [0,0.000229895)
 [0,0.000229955)
 [0,0.00023061)
 [0,0.000230834)
 [0,0.000230908)
 [0,0.000230968)
 [0,0.000231087)
 [0,0.000231504)
 [0,0.000231862)
 [0,0.000231922)
 [0,0.000232041)
 [0,0.000232875)
 [0,0.00023365)
 [0,0.000233757)
 [0,0.000233769)
 [0,0.000234212)
 [0,0.000234216)
 [0,0.000234306)
 [0,0.000234455)
 [0,0.000235152)
 [0,0.000236422)
 [0,0.000236452)
 [0,0.00023663)
 [0,0.000237554)
 [0,0.000238001)
 [0,0.000238061)
 [0,0.000238294)
 [0,0.000238657)
 [0,0.000241531)
 [0,0.000241578)
 [0,0.000242472)
 [0,0.00024417)
 [0,0.000245035)
 [0,0.000246465)
 [0,0.000246651)
 [0,0.000247538)
 [0,0.000248194)
 [0,0.000249688)
 [0,0.000249853)
 [0,0.000249863)
 [0,0.000250459)
 [0,0.000250638)
 [0,0.000250876)
 [0,0.000251889)
 [0,0.000252813)
 [0,0.000253916)
 [0,0.000253975)
 [0,0.000254631)
 [0,0.000255497)
 [0,0.000256747)
 [0,0.000257015)
 [0,0.000257194)
 [0,0.000257313)
 [0,0.000257431)
 [0,0.000258565)
 [0,0.000258684)
 [0,0.000258863)
 [0,0.000259221)
 [0,0.000261366)
 [0,0.000261605)
 [0,0.000263453)
 [0,0.000264585)
 [0,0.000264632)
 [0,0.000264883)
 [0,0.00026536)
 [0,0.000265539)
 [0,0.000267267)
 [0,0.000267481)
 [0,0.000267923)
 [0,0.000267982)
 [0,0.000268936)
 [0,0.000268956)
 [0,0.000269353)
 [0,0.000269709)
 [0,0.000271618)
 [0,0.000271797)
 [0,0.000271827)
 [0,0.000272751)
 [0,0.00027281)
 [0,0.000273287)
 [0,0.000273436)
 [0,0.00027462)
 [0,0.000274658)
 [0,0.000275433)
 [0,0.000276864)
 [0,0.000278771)
 [0,0.000278831)
 [0,0.000279337)
 [0,0.000280321)
 [0,0.000282943)
 [0,0.000283301)
 [0,0.000284255)
 [0,0.000284553)
 [0,0.00028497)
 [0,0.000285844)
 [0,0.000285864)
 [0,0.000286877)
 [0,0.000287235)
 [0,0.000287712)
 [0,0.000287917)
 [0,0.000288129)
 [0,0.000288157)
 [0,0.000289917)
 [0,0.00029013)
 [0,0.000291228)
 [0,0.000291407)
 [0,0.000292122)
 [0,0.00029254)
 [0,0.000292659)
 [0,0.000292694)
 [0,0.000294089)
 [0,0.000294566)
 [0,0.000295639)
 [0,0.000297937)
 [0,0.000301063)
 [0,0.000301421)
 [0,0.000303924)
 [0,0.000304431)
 [0,0.000304639)
 [0,0.000305176)
 [0,0.000305533)
 [0,0.000306368)
 [0,0.000308007)
 [0,0.000308259)
 [0,0.00031065)
 [0,0.000310898)
 [0,0.000311017)
 [0,0.000311196)
 [0,0.00031203)
 [0,0.000312801)
 [0,0.000313163)
 [0,0.00031358)
 [0,0.00031358)
 [0,0.000313997)
 [0,0.000314772)
 [0,0.000315249)
 [0,0.00031662)
 [0,0.000317574)
 [0,0.000318885)
 [0,0.000319421)
 [0,0.000320435)
 [0,0.000320852)
 [0,0.000321121)
 [0,0.000322878)
 [0,0.000322938)
 [0,0.000323117)
 [0,0.000323594)
 [0,0.000323623)
 [0,0.000324356)
 [0,0.000325561)
 [0,0.000326097)
 [0,0.000326395)
 [0,0.000327051)
 [0,0.000328764)
 [0,0.000328869)
 [0,0.000330888)
 [0,0.000330985)
 [0,0.000331938)
 [0,0.000332475)
 [0,0.000333828)
 [0,0.000335157)
 [0,0.00033615)
 [0,0.000337362)
 [0,0.000337469)
 [0,0.000337541)
 [0,0.000337929)
 [0,0.000341654)
 [0,0.000344574)
 [0,0.00034458)
 [0,0.000344694)
 [0,0.00034509)
 [0,0.000345414)
 [0,0.000345707)
 [0,0.000346065)
 [0,0.000346541)
 [0,0.000346601)
 [0,0.000347102)
 [0,0.000347888)
 [0,0.000348479)
 [0,0.000352204)
 [0,0.000353575)
 [0,0.000353778)
 [0,0.000355312)
 [0,0.000356287)
 [0,0.000358217)
 [0,0.000358701)
 [0,0.000358939)
 [0,0.000359141)
 [0,0.000359595)
 [0,0.000359833)
 [0,0.000360501)
 [0,0.000360669)
 [0,0.000360906)
 [0,0.000360906)
 [0,0.000361065)
 [0,0.000365547)
 [0,0.000367284)
 [0,0.000367403)
 [0,0.000368416)
 [0,0.000370892)
 [0,0.000374258)
 [0,0.00037545)
 [0,0.000375842)
 [0,0.000376463)
 [0,0.000376548)
 [0,0.00037846)
 [0,0.000379174)
 [0,0.000379324)
 [0,0.000379639)
 [0,0.00037989)
 [0,0.00037992)
 [0,0.00038306)
 [0,0.00038445)
 [0,0.000385046)
 [0,0.00038566)
 [0,0.00038594)
 [0,0.000387846)
 [0,0.000388265)
 [0,0.000390559)
 [0,0.000391364)
 [0,0.00039187)
 [0,0.000391871)
 [0,0.000392258)
 [0,0.000392895)
 [0,0.000393689)
 [0,0.000393689)
 [0,0.000394952)
 [0,0.00039655)
 [0,0.000397533)
 [0,0.000399039)
 [0,0.000402093)
 [0,0.000402868)
 [0,0.000403047)
 [0,0.000403285)
 [0,0.000403583)
 [0,0.00040406)
 [0,0.000405848)
 [0,0.000406206)
 [0,0.000406536)
 [0,0.000406779)
 [0,0.000406916)
 [0,0.000407875)
 [0,0.000408381)
 [0,0.000409371)
 [0,0.000409663)
 [0,0.000411008)
 [0,0.000411204)
 [0,0.000412941)
 [0,0.000414371)
 [0,0.000416756)
 [0,0.000417162)
 [0,0.000418901)
 [0,0.000420094)
 [0,0.000420226)
 [0,0.00042041)
 [0,0.000421882)
 [0,0.000422597)
 [0,0.000423603)
 [0,0.000425194)
 [0,0.00042522)
 [0,0.000427574)
 [0,0.000431061)
 [0,0.000431687)
 [0,0.000432069)
 [0,0.000432565)
 [0,0.000437617)
 [0,0.0004387)
 [0,0.000439584)
 [0,0.000440604)
 [0,0.000440772)
 [0,0.000441287)
 [0,0.000441948)
 [0,0.000442058)
 [0,0.000442624)
 [0,0.000442982)
 [0,0.000443041)
 [0,0.000445426)
 [0,0.000445524)
 [0,0.000448108)
 [0,0.00044849)
 [0,0.000448763)
 [0,0.00044924)
 [0,0.000449896)
 [0,0.000451039)
 [0,0.000452816)
 [0,0.000454259)
 [0,0.0004583)
 [0,0.000458511)
 [0,0.000460577)
 [0,0.000461321)
 [0,0.000463396)
 [0,0.000463598)
 [0,0.000464976)
 [0,0.000467084)
 [0,0.000469923)
 [0,0.00047022)
 [0,0.000473022)
 [0,0.000475082)
 [0,0.000476726)
 [0,0.000476894)
 [0,0.000477503)
 [0,0.000478983)
 [0,0.00047949)
 [0,0.000479939)
 [0,0.000480056)
 [0,0.000480604)
 [0,0.000482798)
 [0,0.000483692)
 [0,0.00048594)
 [0,0.000485957)
 [0,0.000486493)
 [0,0.000487059)
 [0,0.000487584)
 [0,0.000487745)
 [0,0.000488818)
 [0,0.00049363)
 [0,0.000493871)
 [0,0.000495642)
 [0,0.00049603)
 [0,0.000496209)
 [0,0.000496899)
 [0,0.000498539)
 [0,0.000498621)
 [0,0.000498811)
 [0,0.000498962)
 [0,0.000499773)
 [0,0.000505328)
 [0,0.000505553)
 [0,0.00050742)
 [0,0.000507726)
 [0,0.00050801)
 [0,0.000508269)
 [0,0.000508666)
 [0,0.000512362)
 [0,0.000513792)
 [0,0.000514984)
 [0,0.000515312)
 [0,0.000516133)
 [0,0.000517875)
 [0,0.000518322)
 [0,0.00051868)
 [0,0.000519149)
 [0,0.000525715)
 [0,0.000525945)
 [0,0.000527207)
 [0,0.000527374)
 [0,0.000528144)
 [0,0.000531644)
 [0,0.000531891)
 [0,0.000534)
 [0,0.000536501)
 [0,0.000539303)
 [0,0.000541438)
 [0,0.00054228)
 [0,0.00054425)
 [0,0.000551164)
 [0,0.000551939)
 [0,0.000552001)
 [0,0.000553237)
 [0,0.00055363)
 [0,0.000553968)
 [0,0.000555545)
 [0,0.000556013)
 [0,0.000556736)
 [0,0.000557545)
 [0,0.000557675)
 [0,0.000558376)
 [0,0.000559076)
 [0,0.000562367)
 [0,0.000564792)
 [0,0.000567602)
 [0,0.000568452)
 [0,0.000568468)
 [0,0.000569803)
 [0,0.00057075)
 [0,0.000571197)
 [0,0.000573575)
 [0,0.000578059)
 [0,0.000579357)
 [0,0.00058049)
 [0,0.000580733)
 [0,0.0005808)
 [0,0.00058134)
 [0,0.000582159)
 [0,0.000585496)
 [0,0.000586349)
 [0,0.000587764)
 [0,0.000590991)
 [0,0.000593404)
 [0,0.00059374)
 [0,0.00059476)
 [0,0.000596493)
 [0,0.00060033)
 [0,0.000600576)
 [0,0.000600884)
 [0,0.000600986)
 [0,0.000602811)
 [0,0.000604123)
 [0,0.000604647)
 [0,0.000608394)
 [0,0.000609233)
 [0,0.000610709)
 [0,0.000611586)
 [0,0.000611837)
 [0,0.000612557)
 [0,0.000612736)
 [0,0.000618507)
 [0,0.000619698)
 [0,0.000620365)
 [0,0.000622484)
 [0,0.000624042)
 [0,0.000624095)
 [0,0.000624984)
 [0,0.000625046)
 [0,0.00062573)
 [0,0.000625903)
 [0,0.000626012)
 [0,0.000626494)
 [0,0.000626524)
 [0,0.000628454)
 [0,0.000629842)
 [0,0.000630793)
 [0,0.000632736)
 [0,0.000632964)
 [0,0.000633047)
 [0,0.000636991)
 [0,0.000638683)
 [0,0.000641264)
 [0,0.00064167)
 [0,0.000642229)
 [0,0.000643188)
 [0,0.000644798)
 [0,0.000647947)
 [0,0.00065092)
 [0,0.00065234)
 [0,0.000653025)
 [0,0.000653436)
 [0,0.000653875)
 [0,0.000654445)
 [0,0.000654795)
 [0,0.000655281)
 [0,0.000655741)
 [0,0.000656412)
 [0,0.000656475)
 [0,0.000656843)
 [0,0.000656875)
 [0,0.000657916)
 [0,0.00065891)
 [0,0.000663679)
 [0,0.000664283)
 [0,0.000664591)
 [0,0.000666785)
 [0,0.000670433)
 [0,0.000670999)
 [0,0.000671574)
 [0,0.000672834)
 [0,0.000673294)
 [0,0.00067482)
 [0,0.000676227)
 [0,0.000676528)
 [0,0.000677564)
 [0,0.000678095)
 [0,0.000678826)
 [0,0.000679152)
 [0,0.00067931)
 [0,0.000681519)
 [0,0.00068306)
 [0,0.000683626)
 [0,0.000684302)
 [0,0.000684742)
 [0,0.000685547)
 [0,0.000685871)
 [0,0.000691719)
 [0,0.000693454)
 [0,0.000695332)
 [0,0.000696123)
 [0,0.000696625)
 [0,0.000700977)
 [0,0.000701341)
 [0,0.000701722)
 [0,0.000704675)
 [0,0.000704825)
 [0,0.00070586)
 [0,0.000707404)
 [0,0.000708223)
 [0,0.000708452)
 [0,0.000708544)
 [0,0.000708811)
 [0,0.000710096)
 [0,0.00071033)
 [0,0.000710611)
 [0,0.000710696)
 [0,0.000711815)
 [0,0.000711844)
 [0,0.000712414)
 [0,0.000714779)
 [0,0.000716804)
 [0,0.000717267)
 [0,0.000718242)
 [0,0.000718671)
 [0,0.000719895)
 [0,0.000721434)
 [0,0.000721667)
 [0,0.000722181)
 [0,0.000722807)
 [0,0.000723916)
 [0,0.000726793)
 [0,0.000730634)
 [0,0.000731041)
 [0,0.000733587)
 [0,0.000735879)
 [0,0.000737682)
 [0,0.000738431)
 [0,0.000739616)
 [0,0.00074136)
 [0,0.000743174)
 [0,0.000744368)
 [0,0.000744741)
 [0,0.000747519)
 [0,0.000747836)
 [0,0.000748932)
 [0,0.00074969)
 [0,0.00075061)
 [0,0.000750932)
 [0,0.000754847)
 [0,0.000765573)
 [0,0.000766072)
 [0,0.00076611)
 [0,0.000767937)
 [0,0.000768112)
 [0,0.000770783)
 [0,0.000772139)
 [0,0.000774893)
 [0,0.000775019)
 [0,0.000775303)
 [0,0.000775457)
 [0,0.000775948)
 [0,0.00077623)
 [0,0.000777455)
 [0,0.000778557)
 [0,0.000778583)
 [0,0.000779673)
 [0,0.000780016)
 [0,0.000780843)
 [0,0.000781412)
 [0,0.000781442)
 [0,0.000781923)
 [0,0.00078224)
 [0,0.000782412)
 [0,0.000785207)
 [0,0.000785768)
 [0,0.000787234)
 [0,0.000787823)
 [0,0.000789106)
 [0,0.000792771)
 [0,0.000793363)
 [0,0.000795223)
 [0,0.00079909)
 [0,0.000800597)
 [0,0.000800678)
 [0,0.000805438)
 [0,0.000807697)
 [0,0.000809604)
 [0,0.000812777)
 [0,0.000813953)
 [0,0.000814716)
 [0,0.00081636)
 [0,0.000822225)
 [0,0.000823547)
 [0,0.000825668)
 [0,0.000826287)
 [0,0.000827641)
 [0,0.000827704)
 [0,0.000830421)
 [0,0.000831823)
 [0,0.000831939)
 [0,0.000832926)
 [0,0.000833466)
 [0,0.000833471)
 [0,0.000833669)
 [0,0.000834384)
 [0,0.00083706)
 [0,0.000837185)
 [0,0.000837681)
 [0,0.000838327)
 [0,0.000838444)
 [0,0.000839206)
 [0,0.000839429)
 [0,0.000840579)
 [0,0.000842576)
 [0,0.000843584)
 [0,0.000843704)
 [0,0.000844009)
 [0,0.000845671)
 [0,0.000845998)
 [0,0.00084682)
 [0,0.000847669)
 [0,0.000848244)
 [0,0.000848605)
 [0,0.000850392)
 [0,0.000851584)
 [0,0.000853583)
 [0,0.000854814)
 [0,0.000855376)
 [0,0.000855457)
 [0,0.000857254)
 [0,0.000857877)
 [0,0.000861904)
 [0,0.000863426)
 [0,0.000864089)
 [0,0.000864118)
 [0,0.000864302)
 [0,0.000867326)
 [0,0.000868678)
 [0,0.000869772)
 [0,0.000870383)
 [0,0.000870592)
 [0,0.000871711)
 [0,0.000872466)
 [0,0.000872472)
 [0,0.000874341)
 [0,0.000874555)
 [0,0.000874801)
 [0,0.000877864)
 [0,0.000880866)
 [0,0.000881049)
 [0,0.000881491)
 [0,0.000882263)
 [0,0.000882878)
 [0,0.000883137)
 [0,0.000883842)
 [0,0.000883877)
 [0,0.000884562)
 [0,0.000884596)
 [0,0.000887066)
 [0,0.000887952)
 [0,0.000888204)
 [0,0.000889391)
 [0,0.00089133)
 [0,0.00089169)
 [0,0.000891809)
 [0,0.000893035)
 [0,0.000894047)
 [0,0.000894912)
 [0,0.000895574)
 [0,0.000898514)
 [0,0.000901325)
 [0,0.000902737)
 [0,0.000902972)
 [0,0.000905761)
 [0,0.000907004)
 [0,0.000907266)
 [0,0.000907397)
 [0,0.000909772)
 [0,0.000909876)
 [0,0.000911077)
 [0,0.000912975)
 [0,0.000914808)
 [0,0.000915547)
 [0,0.000916024)
 [0,0.000916189)
 [0,0.000916259)
 [0,0.000916453)
 [0,0.000916643)
 [0,0.000917733)
 [0,0.000917858)
 [0,0.000918943)
 [0,0.000920748)
 [0,0.000922322)
 [0,0.000925211)
 [0,0.000925814)
 [0,0.00092748)
 [0,0.000927747)
 [0,0.000928806)
 [0,0.000929995)
 [0,0.00093007)
 [0,0.000930233)
 [0,0.00093026)
 [0,0.000931724)
 [0,0.000932991)
 [0,0.000933713)
 [0,0.000934138)
 [0,0.000935465)
 [0,0.000936378)
 [0,0.000936391)
 [0,0.000936447)
 [0,0.00093672)
 [0,0.000937181)
 [0,0.000938517)
 [0,0.000939041)
 [0,0.00093988)
 [0,0.000942498)
 [0,0.000942668)
 [0,0.000942691)
 [0,0.000942934)
 [0,0.000946322)
 [0,0.000947414)
 [0,0.000947523)
 [0,0.000948456)
 [0,0.000949182)
 [0,0.00094961)
 [0,0.000949859)
 [0,0.000950612)
 [0,0.000955284)
 [0,0.000955522)
 [0,0.000956017)
 [0,0.000956628)
 [0,0.000956657)
 [0,0.000956706)
 [0,0.000958187)
 [0,0.000960476)
 [0,0.000962526)
 [0,0.000963377)
 [0,0.00096362)
 [0,0.000964343)
 [0,0.000966717)
 [0,0.000968012)
 [0,0.00096842)
 [0,0.000968746)
 [0,0.000971514)
 [0,0.000971578)
 [0,0.000972372)
 [0,0.00097297)
 [0,0.000974566)
 [0,0.000974628)
 [0,0.000974744)
 [0,0.000975401)
 [0,0.000975463)
 [0,0.000976219)
 [0,0.000981917)
 [0,0.000982527)
 [0,0.000983165)
 [0,0.000985766)
 [0,0.000986353)
 [0,0.000986594)
 [0,0.000986913)
 [0,0.000989033)
 [0,0.000991599)
 [0,0.000994551)
 [0,0.000994676)
 [0,0.000995563)
 [0,0.00099572)
 [0,0.000996183)
 [0,0.000997696)
 [0,0.00100152)
 [0,0.00100175)
 [0,0.00100368)
 [0,0.00100696)
 [0,0.00100723)
 [0,0.00100781)
 [0,0.00100815)
 [0,0.00100948)
 [0,0.00100979)
 [0,0.00101023)
 [0,0.00101114)
 [0,0.00101117)
 [0,0.00101128)
 [0,0.00101152)
 [0,0.00101168)
 [0,0.00101186)
 [0,0.00101433)
 [0,0.0010144)
 [0,0.00101648)
 [0,0.00101697)
 [0,0.00101736)
 [0,0.00101737)
 [0,0.00101797)
 [0,0.00101857)
 [0,0.00102225)
 [0,0.0010228)
 [0,0.00102299)
 [0,0.00102378)
 [0,0.00102497)
 [0,0.00102693)
 [0,0.00102881)
 [0,0.00102928)
 [0,0.00103066)
 [0,0.00103074)
 [0,0.00103189)
 [0,0.0010319)
 [0,0.00103309)
 [0,0.00103347)
 [0,0.00103498)
 [0,0.00103524)
 [0,0.00103625)
 [0,0.00103632)
 [0,0.00103886)
 [0,0.00103952)
 [0,0.00104096)
 [0,0.00104262)
 [0,0.001044)
 [0,0.00104552)
 [0,0.00104619)
 [0,0.00104716)
 [0,0.00104893)
 [0,0.0010494)
 [0,0.00105044)
 [0,0.00105068)
 [0,0.00105095)
 [0,0.00105156)
 [0,0.00105164)
 [0,0.00105383)
 [0,0.00105562)
 [0,0.00105593)
 [0,0.00105712)
 [0,0.00105785)
 [0,0.00105943)
 [0,0.00106132)
 [0,0.00106341)
 [0,0.00106459)
 [0,0.00106634)
 [0,0.0010672)
 [0,0.00106881)
 [0,0.00106972)
 [0,0.00107126)
 [0,0.00107175)
 [0,0.00107246)
 [0,0.00107284)
 [0,0.00107406)
 [0,0.00107819)
 [0,0.00107856)
 [0,0.00107988)
 [0,0.00108019)
 [0,0.00108033)
 [0,0.00108064)
 [0,0.00108129)
 [0,0.00108141)
 [0,0.00108172)
 [0,0.00108272)
 [0,0.00108474)
 [0,0.00108775)
 [0,0.00109066)
 [0,0.00109135)
 [0,0.00109155)
 [0,0.00109189)
 [0,0.00109371)
 [0,0.00109545)
 [0,0.00109715)
 [0,0.00109732)
 [0,0.00109816)
 [0,0.00109825)
 [0,0.00109914)
 [0,0.00109957)
 [0,0.00110292)
 [0,0.00110441)
 [0,0.00110462)
 [0,0.00110464)
 [0,0.00110624)
 [0,0.00110682)
 [0,0.00110705)
 [0,0.00111019)
 [0,0.00111336)
 [0,0.00111342)
 [0,0.00111352)
 [0,0.00111457)
 [0,0.00111498)
 [0,0.00111629)
 [0,0.00111687)
 [0,0.00111791)
 [0,0.00111827)
 [0,0.00111847)
 [0,0.00111898)
 [0,0.00112026)
 [0,0.00112118)
 [0,0.00112341)
 [0,0.00112348)
 [0,0.00112488)
 [0,0.00112601)
 [0,0.0011274)
 [0,0.00112776)
 [0,0.00112807)
 [0,0.00113011)
 [0,0.00113062)
 [0,0.00113476)
 [0,0.00113653)
 [0,0.00113754)
 [0,0.00113979)
 [0,0.00114085)
 [0,0.00114267)
 [0,0.00114298)
 [0,0.00114414)
 [0,0.00114497)
 [0,0.00114699)
 [0,0.00114806)
 [0,0.00114862)
 [0,0.00115033)
 [0,0.00115328)
 [0,0.00115361)
 [0,0.00115406)
 [0,0.00115451)
 [0,0.00115481)
 [0,0.00115511)
 [0,0.00115513)
 [0,0.00115755)
 [0,0.00115799)
 [0,0.00115828)
 [0,0.00115898)
 [0,0.0011606)
 [0,0.00116068)
 [0,0.00116134)
 [0,0.00116153)
 [0,0.001163)
 [0,0.00116332)
 [0,0.00116348)
 [0,0.00116353)
 [0,0.00116508)
 [0,0.00116803)
 [0,0.00116947)
 [0,0.00117061)
 [0,0.00117182)
 [0,0.00117225)
 [0,0.00117325)
 [0,0.0011735)
 [0,0.00117578)
 [0,0.00117615)
 [0,0.00117684)
 [0,0.00117689)
 [0,0.00117916)
 [0,0.00117924)
 [0,0.0011799)
 [0,0.00118039)
 [0,0.00118207)
 [0,0.00118361)
 [0,0.00118397)
 [0,0.00118432)
 [0,0.0011887)
 [0,0.00119086)
 [0,0.00119736)
 [0,0.0011976)
 [0,0.00119815)
 [0,0.00119894)
 [0,0.00120116)
 [0,0.00120145)
 [0,0.00120169)
 [0,0.00120204)
 [0,0.00120252)
 [0,0.00120372)
 [0,0.0012038)
 [0,0.00120401)
 [0,0.0012067)
 [0,0.00120749)
 [0,0.00120899)
 [0,0.00120988)
 [0,0.00121015)
 [0,0.00121167)
 [0,0.00121213)
 [0,0.0012123)
 [0,0.00121287)
 [0,0.00121327)
 [0,0.00121392)
 [0,0.00121445)
 [0,0.00121468)
 [0,0.00121771)
 [0,0.00121853)
 [0,0.00121886)
 [0,0.00121911)
 [0,0.00122044)
 [0,0.00122065)
 [0,0.00122089)
 [0,0.00122187)
 [0,0.0012222)
 [0,0.00122279)
 [0,0.00122317)
 [0,0.00122356)
 [0,0.0012246)
 [0,0.00122587)
 [0,0.00122741)
 [0,0.00122854)
 [0,0.00122962)
 [0,0.00122976)
 [0,0.00122997)
 [0,0.00123033)
 [0,0.00123048)
 [0,0.00123113)
 [0,0.00123198)
 [0,0.00123318)
 [0,0.00123351)
 [0,0.00123565)
 [0,0.00123595)
 [0,0.00123614)
 [0,0.00123723)
 [0,0.00124005)
 [0,0.00124009)
 [0,0.00124048)
 [0,0.00124095)
 [0,0.00124141)
 [0,0.00124238)
 [0,0.0012456)
 [0,0.00124653)
 [0,0.00124805)
 [0,0.00124845)
 [0,0.00124911)
 [0,0.00124955)
 [0,0.0012517)
 [0,0.0012524)
 [0,0.00125735)
 [0,0.00125736)
 [0,0.00126037)
 [0,0.00126195)
 [0,0.00126342)
 [0,0.00126382)
 [0,0.00126425)
 [0,0.00126569)
 [0,0.00126587)
 [0,0.00126721)
 [0,0.00126761)
 [0,0.00126896)
 [0,0.00127351)
 [0,0.00127603)
 [0,0.00127684)
 [0,0.00127694)
 [0,0.00127829)
 [0,0.00127831)
 [0,0.00128026)
 [0,0.00128212)
 [0,0.00128221)
 [0,0.00128332)
 [0,0.00128459)
 [0,0.00128589)
 [0,0.00128642)
 [0,0.00128686)
 [0,0.00128775)
 [0,0.0012901)
 [0,0.00129071)
 [0,0.00129291)
 [0,0.00129339)
 [0,0.00129344)
 [0,0.00129376)
 [0,0.00129412)
 [0,0.00129438)
 [0,0.00129474)
 [0,0.00129484)
 [0,0.0012955)
 [0,0.00129562)
 [0,0.00129617)
 [0,0.00129634)
 [0,0.00129648)
 [0,0.00129668)
 [0,0.00129804)
 [0,0.0013008)
 [0,0.00130142)
 [0,0.00130188)
 [0,0.00130273)
 [0,0.00130274)
 [0,0.00130405)
 [0,0.00130406)
 [0,0.00130522)
 [0,0.00130527)
 [0,0.00130625)
 [0,0.00130665)
 [0,0.00131323)
 [0,0.00131368)
 [0,0.00131382)
 [0,0.00131569)
 [0,0.00131631)
 [0,0.00131648)
 [0,0.00131702)
 [0,0.00131935)
 [0,0.00132189)
 [0,0.00132325)
 [0,0.00132496)
 [0,0.00132588)
 [0,0.00133029)
 [0,0.00133034)
 [0,0.0013316)
 [0,0.00133226)
 [0,0.0013329)
 [0,0.00133312)
 [0,0.001336)
 [0,0.00133757)
 [0,0.00133797)
 [0,0.00133924)
 [0,0.00134066)
 [0,0.00134098)
 [0,0.0013418)
 [0,0.00134182)
 [0,0.00134303)
 [0,0.0013445)
 [0,0.0013472)
 [0,0.00134836)
 [0,0.00134909)
 [0,0.00135055)
 [0,0.00135384)
 [0,0.00135389)
 [0,0.00135468)
 [0,0.00135497)
 [0,0.00135529)
 [0,0.00135536)
 [0,0.00135829)
 [0,0.00135911)
 [0,0.00135924)
 [0,0.00135936)
 [0,0.00136045)
 [0,0.00136283)
 [0,0.00136342)
 [0,0.00136417)
 [0,0.0013642)
 [0,0.00136464)
 [0,0.00136464)
 [0,0.00136501)
 [0,0.0013653)
 [0,0.00136564)
 [0,0.00136593)
 [0,0.00136624)
 [0,0.00136728)
 [0,0.00136952)
 [0,0.00136989)
 [0,0.00137009)
 [0,0.00137198)
 [0,0.00137216)
 [0,0.00137238)
 [0,0.00137397)
 [0,0.00137433)
 [0,0.00137451)
 [0,0.00137795)
 [0,0.00137911)
 [0,0.00137929)
 [0,0.00137971)
 [0,0.00138026)
 [0,0.00138032)
 [0,0.0013807)
 [0,0.00138232)
 [0,0.00138341)
 [0,0.00138398)
 [0,0.00138429)
 [0,0.00138469)
 [0,0.00138685)
 [0,0.00138746)
 [0,0.00138771)
 [0,0.00138783)
 [0,0.00139061)
 [0,0.00139106)
 [0,0.00139432)
 [0,0.00140059)
 [0,0.00140083)
 [0,0.00140333)
 [0,0.00140358)
 [0,0.00140381)
 [0,0.00140385)
 [0,0.00140436)
 [0,0.00140548)
 [0,0.00140631)
 [0,0.0014094)
 [0,0.00141245)
 [0,0.00141261)
 [0,0.0014131)
 [0,0.0014134)
 [0,0.00141346)
 [0,0.00141433)
 [0,0.00141455)
 [0,0.00141522)
 [0,0.00141531)
 [0,0.00141719)
 [0,0.0014216)
 [0,0.0014229)
 [0,0.00142308)
 [0,0.00142365)
 [0,0.001425)
 [0,0.0014255)
 [0,0.00142567)
 [0,0.00142611)
 [0,0.00142621)
 [0,0.00142821)
 [0,0.00142826)
 [0,0.00142917)
 [0,0.00143007)
 [0,0.00143058)
 [0,0.00143202)
 [0,0.00143273)
 [0,0.00143417)
 [0,0.00143467)
 [0,0.00143488)
 [0,0.00143503)
 [0,0.00143689)
 [0,0.00143789)
 [0,0.0014382)
 [0,0.00143998)
 [0,0.00144031)
 [0,0.00144209)
 [0,0.00144215)
 [0,0.001444)
 [0,0.00144467)
 [0,0.00144621)
 [0,0.0014466)
 [0,0.00144766)
 [0,0.0014483)
 [0,0.00144996)
 [0,0.00145116)
 [0,0.00145184)
 [0,0.00145205)
 [0,0.00145293)
 [0,0.00145347)
 [0,0.00145515)
 [0,0.00145594)
 [0,0.00145649)
 [0,0.0014574)
 [0,0.0014577)
 [0,0.00145787)
 [0,0.00145987)
 [0,0.0014601)
 [0,0.00146031)
 [0,0.00146058)
 [0,0.00146249)
 [0,0.00146292)
 [0,0.00146337)
 [0,0.00146369)
 [0,0.00146413)
 [0,0.00146447)
 [0,0.00146468)
 [0,0.00146693)
 [0,0.00146868)
 [0,0.00147271)
 [0,0.0014735)
 [0,0.00147369)
 [0,0.00147475)
 [0,0.00147556)
 [0,0.00147697)
 [0,0.00147739)
 [0,0.00147796)
 [0,0.00148001)
 [0,0.00148058)
 [0,0.00148069)
 [0,0.00148394)
 [0,0.00148495)
 [0,0.00148526)
 [0,0.00148542)
 [0,0.00148849)
 [0,0.00148858)
 [0,0.00148924)
 [0,0.00149062)
 [0,0.00149074)
 [0,0.00149134)
 [0,0.00149141)
 [0,0.00149306)
 [0,0.0014932)
 [0,0.00149364)
 [0,0.00149366)
 [0,0.00149405)
 [0,0.00149456)
 [0,0.0014948)
 [0,0.00149656)
 [0,0.00149676)
 [0,0.00149805)
 [0,0.00149818)
 [0,0.00149913)
 [0,0.00149934)
 [0,0.00149938)
 [0,0.00149968)
 [0,0.00150228)
 [0,0.00150389)
 [0,0.00150417)
 [0,0.00150477)
 [0,0.00150554)
 [0,0.00150556)
 [0,0.00150695)
 [0,0.00150894)
 [0,0.00150927)
 [0,0.00150937)
 [0,0.00150951)
 [0,0.00150952)
 [0,0.00151118)
 [0,0.00151146)
 [0,0.00151175)
 [0,0.00151175)
 [0,0.001512)
 [0,0.00151201)
 [0,0.00151325)
 [0,0.00151385)
 [0,0.00151693)
 [0,0.00151741)
 [0,0.00151918)
 [0,0.00151939)
 [0,0.00151953)
 [0,0.00151976)
 [0,0.00152019)
 [0,0.00152092)
 [0,0.00152391)
 [0,0.00152391)
 [0,0.00152399)
 [0,0.00152504)
 [0,0.0015255)
 [0,0.00152754)
 [0,0.00152764)
 [0,0.00153009)
 [0,0.00153072)
 [0,0.00153136)
 [0,0.00153318)
 [0,0.00153481)
 [0,0.00153514)
 [0,0.00153696)
 [0,0.0015381)
 [0,0.00153824)
 [0,0.00153869)
 [0,0.00153895)
 [0,0.00153954)
 [0,0.00153964)
 [0,0.00154009)
 [0,0.00154042)
 [0,0.00154145)
 [0,0.0015421)
 [0,0.00154222)
 [0,0.00154233)
 [0,0.00154335)
 [0,0.00154373)
 [0,0.0015444)
 [0,0.00154495)
 [0,0.00154573)
 [0,0.0015466)
 [0,0.00154786)
 [0,0.00154904)
 [0,0.00155161)
 [0,0.00155255)
 [0,0.00155373)
 [0,0.00155483)
 [0,0.00155689)
 [0,0.00155697)
 [0,0.00155726)
 [0,0.00156024)
 [0,0.00156138)
 [0,0.00156463)
 [0,0.00156512)
 [0,0.00156849)
 [0,0.00156884)
 [0,0.00157027)
 [0,0.00157075)
 [0,0.00157104)
 [0,0.00157308)
 [0,0.00157348)
 [0,0.00157356)
 [0,0.00157418)
 [0,0.00157511)
 [0,0.00157531)
 [0,0.00157532)
 [0,0.00157582)
 [0,0.00157588)
 [0,0.00157684)
 [0,0.00157699)
 [0,0.00157705)
 [0,0.00157874)
 [0,0.00157896)
 [0,0.00157966)
 [0,0.00158012)
 [0,0.00158073)
 [0,0.00158233)
 [0,0.00158266)
 [0,0.00158308)
 [0,0.00158372)
 [0,0.00158576)
 [0,0.00158621)
 [0,0.00158757)
 [0,0.00158759)
 [0,0.00158778)
 [0,0.00158779)
 [0,0.00158807)
 [0,0.0015883)
 [0,0.00158981)
 [0,0.00159014)
 [0,0.00159063)
 [0,0.00159113)
 [0,0.00159146)
 [0,0.00159279)
 [0,0.00159286)
 [0,0.00159405)
 [0,0.00159407)
 [0,0.00159538)
 [0,0.00159591)
 [0,0.00159921)
 [0,0.00159941)
 [0,0.00159951)
 [0,0.00160016)
 [0,0.00160052)
 [0,0.00160053)
 [0,0.00160181)
 [0,0.00160201)
 [0,0.00160259)
 [0,0.00160306)
 [0,0.001605)
 [0,0.00160572)
 [0,0.00160626)
 [0,0.0016065)
 [0,0.00160679)
 [0,0.00160778)
 [0,0.00160793)
 [0,0.00160852)
 [0,0.00160889)
 [0,0.00160939)
 [0,0.00160992)
 [0,0.00161041)
 [0,0.00161167)
 [0,0.00161225)
 [0,0.00161265)
 [0,0.00161296)
 [0,0.00161377)
 [0,0.00161469)
 [0,0.00161722)
 [0,0.00161724)
 [0,0.00161784)
 [0,0.00162029)
 [0,0.0016203)
 [0,0.00162043)
 [0,0.00162084)
 [0,0.00162159)
 [0,0.00162209)
 [0,0.00162249)
 [0,0.00162324)
 [0,0.00162447)
 [0,0.00162456)
 [0,0.00162494)
 [0,0.00162506)
 [0,0.00162669)
 [0,0.00162688)
 [0,0.00162821)
 [0,0.00162833)
 [0,0.00162911)
 [0,0.00163037)
 [0,0.00163073)
 [0,0.00163082)
 [0,0.00163141)
 [0,0.00163194)
 [0,0.00163342)
 [0,0.00163385)
 [0,0.00163395)
 [0,0.00163414)
 [0,0.00163451)
 [0,0.00163642)
 [0,0.00163758)
 [0,0.00163804)
 [0,0.00163847)
 [0,0.0016385)
 [0,0.00164067)
 [0,0.00164073)
 [0,0.00164092)
 [0,0.00164198)
 [0,0.0016421)
 [0,0.00164218)
 [0,0.00164285)
 [0,0.00164469)
 [0,0.00164696)
 [0,0.0016472)
 [0,0.0016474)
 [0,0.00165083)
 [0,0.00165178)
 [0,0.00165208)
 [0,0.0016526)
 [0,0.00165269)
 [0,0.00165338)
 [0,0.00165434)
 [0,0.00165563)
 [0,0.00165566)
 [0,0.0016562)
 [0,0.00165734)
 [0,0.0016574)
 [0,0.00165742)
 [0,0.00165875)
 [0,0.00165982)
 [0,0.00166265)
 [0,0.00166451)
 [0,0.00166691)
 [0,0.00166754)
 [0,0.00166797)
 [0,0.00166943)
 [0,0.00166993)
 [0,0.00167005)
 [0,0.00167114)
 [0,0.00167234)
 [0,0.00167529)
 [0,0.00167765)
 [0,0.00167782)
 [0,0.00167865)
 [0,0.00167991)
 [0,0.00168028)
 [0,0.00168177)
 [0,0.00168344)
 [0,0.00168377)
 [0,0.00168436)
 [0,0.00168446)
 [0,0.00168466)
 [0,0.00168514)
 [0,0.0016859)
 [0,0.00168629)
 [0,0.00168684)
 [0,0.00168691)
 [0,0.00168692)
 [0,0.00168828)
 [0,0.0016914)
 [0,0.00169144)
 [0,0.00169276)
 [0,0.00169314)
 [0,0.00169439)
 [0,0.00169456)
 [0,0.00169528)
 [0,0.00169533)
 [0,0.00169547)
 [0,0.00169553)
 [0,0.00169639)
 [0,0.00169814)
 [0,0.00169861)
 [0,0.00170062)
 [0,0.0017014)
 [0,0.00170141)
 [0,0.00170208)
 [0,0.00170329)
 [0,0.00170411)
 [0,0.00170428)
 [0,0.00170471)
 [0,0.0017049)
 [0,0.00170557)
 [0,0.00170655)
 [0,0.00170704)
 [0,0.00170808)
 [0,0.00170947)
 [0,0.00170958)
 [0,0.00171036)
 [0,0.00171128)
 [0,0.00171323)
 [0,0.00171351)
 [0,0.00171404)
 [0,0.00171456)
 [0,0.00171462)
 [0,0.00171517)
 [0,0.00171561)
 [0,0.00171584)
 [0,0.00171734)
 [0,0.00171957)
 [0,0.00172001)
 [0,0.00172026)
 [0,0.00172086)
 [0,0.00172195)
 [0,0.00172382)
 [0,0.00172408)
 [0,0.00172421)
 [0,0.00172439)
 [0,0.00172448)
 [0,0.0017252)
 [0,0.0017257)
 [0,0.00172628)
 [0,0.0017269)
 [0,0.00172718)
 [0,0.00172722)
 [0,0.00172845)
 [0,0.00172847)
 [0,0.00172887)
 [0,0.00172899)
 [0,0.00172931)
 [0,0.00172936)
 [0,0.00173102)
 [0,0.0017312)
 [0,0.00173172)
 [0,0.00173573)
 [0,0.00173596)
 [0,0.00173617)
 [0,0.0017366)
 [0,0.00174037)
 [0,0.00174054)
 [0,0.00174122)
 [0,0.00174317)
 [0,0.00174508)
 [0,0.00174534)
 [0,0.00174558)
 [0,0.00174621)
 [0,0.00174717)
 [0,0.00174717)
 [0,0.00174731)
 [0,0.00174763)
 [0,0.00174806)
 [0,0.00174812)
 [0,0.00174994)
 [0,0.00175049)
 [0,0.00175064)
 [0,0.00175094)
 [0,0.00175267)
 [0,0.00175274)
 [0,0.00175435)
 [0,0.00175438)
 [0,0.00175441)
 [0,0.00175515)
 [0,0.00175553)
 [0,0.00175596)
 [0,0.00175602)
 [0,0.00176063)
 [0,0.00176202)
 [0,0.00176231)
 [0,0.00176284)
 [0,0.00176429)
 [0,0.00176483)
 [0,0.00176501)
 [0,0.00176511)
 [0,0.00176642)
 [0,0.00176647)
 [0,0.0017677)
 [0,0.00176801)
 [0,0.0017691)
 [0,0.00176926)
 [0,0.00177047)
 [0,0.00177114)
 [0,0.00177126)
 [0,0.00177153)
 [0,0.00177197)
 [0,0.00177239)
 [0,0.00177353)
 [0,0.00177511)
 [0,0.001777)
 [0,0.0017798)
 [0,0.00178208)
 [0,0.00178218)
 [0,0.00178294)
 [0,0.00178322)
 [0,0.00178389)
 [0,0.00178429)
 [0,0.00178514)
 [0,0.00178559)
 [0,0.00178658)
 [0,0.00178922)
 [0,0.00178957)
 [0,0.00178961)
 [0,0.00179114)
 [0,0.00179182)
 [0,0.00179275)
 [0,0.00179302)
 [0,0.00179342)
 [0,0.00179667)
 [0,0.00179729)
 [0,0.00179807)
 [0,0.00179975)
 [0,0.00180175)
 [0,0.00180185)
 [0,0.00180216)
 [0,0.00180419)
 [0,0.00180427)
 [0,0.00180571)
 [0,0.00180614)
 [0,0.00180649)
 [0,0.00180735)
 [0,0.001808)
 [0,0.00180963)
 [0,0.00181079)
 [0,0.00181114)
 [0,0.00181332)
 [0,0.00181419)
 [0,0.00181469)
 [0,0.00181623)
 [0,0.00181747)
 [0,0.00181749)
 [0,0.00181872)
 [0,0.00181966)
 [0,0.00182033)
 [0,0.00182143)
 [0,0.00182251)
 [0,0.00182296)
 [0,0.00182382)
 [0,0.00182405)
 [0,0.00182517)
 [0,0.00182593)
 [0,0.00182631)
 [0,0.0018268)
 [0,0.00182698)
 [0,0.0018272)
 [0,0.00182809)
 [0,0.00182989)
 [0,0.00183082)
 [0,0.00183187)
 [0,0.00183254)
 [0,0.00183287)
 [0,0.00183426)
 [0,0.00183501)
 [0,0.00183502)
 [0,0.00183681)
 [0,0.00183813)
 [0,0.00183815)
 [0,0.00183901)
 [0,0.00183935)
 [0,0.00184237)
 [0,0.00184425)
 [0,0.0018447)
 [0,0.00184699)
 [0,0.00184849)
 [0,0.00184917)
 [0,0.00184983)
 [0,0.00185018)
 [0,0.00185085)
 [0,0.00185162)
 [0,0.001854)
 [0,0.00185501)
 [0,0.00185762)
 [0,0.00185776)
 [0,0.00185812)
 [0,0.00185831)
 [0,0.00185873)
 [0,0.00185914)
 [0,0.0018593)
 [0,0.00185995)
 [0,0.00186008)
 [0,0.00186077)
 [0,0.00186081)
 [0,0.00186142)
 [0,0.00186192)
 [0,0.00186193)
 [0,0.00186336)
 [0,0.0018636)
 [0,0.00186667)
 [0,0.00186982)
 [0,0.00186995)
 [0,0.00187041)
 [0,0.00187073)
 [0,0.00187152)
 [0,0.00187207)
 [0,0.00187407)
 [0,0.00187491)
 [0,0.00187633)
 [0,0.00187657)
 [0,0.00187675)
 [0,0.0018779)
 [0,0.00187884)
 [0,0.00187908)
 [0,0.00187934)
 [0,0.00187998)
 [0,0.00188127)
 [0,0.00188146)
 [0,0.00188261)
 [0,0.00188336)
 [0,0.00188392)
 [0,0.00188392)
 [0,0.00188426)
 [0,0.00188524)
 [0,0.0018863)
 [0,0.00188666)
 [0,0.00188747)
 [0,0.00188931)
 [0,0.00188975)
 [0,0.00189007)
 [0,0.00189116)
 [0,0.00189202)
 [0,0.00189235)
 [0,0.00189283)
 [0,0.00189351)
 [0,0.00189495)
 [0,0.00189591)
 [0,0.00189646)
 [0,0.0018978)
 [0,0.00189835)
 [0,0.00189994)
 [0,0.0019003)
 [0,0.00190033)
 [0,0.00190158)
 [0,0.00190254)
 [0,0.00190459)
 [0,0.00190705)
 [0,0.00190816)
 [0,0.00190833)
 [0,0.00190926)
 [0,0.00190952)
 [0,0.00191012)
 [0,0.00191032)
 [0,0.00191079)
 [0,0.00191148)
 [0,0.00191191)
 [0,0.00191212)
 [0,0.00191215)
 [0,0.00191312)
 [0,0.0019135)
 [0,0.0019145)
 [0,0.00191526)
 [0,0.00191644)
 [0,0.00191697)
 [0,0.00191754)
 [0,0.00191844)
 [0,0.00191981)
 [0,0.00191997)
 [0,0.0019208)
 [0,0.0019214)
 [0,0.00192358)
 [0,0.001924)
 [0,0.00192432)
 [0,0.00192455)
 [0,0.00192735)
 [0,0.00192846)
 [0,0.0019299)
 [0,0.00192999)
 [0,0.00193139)
 [0,0.00193165)
 [0,0.00193207)
 [0,0.00193336)
 [0,0.00193337)
 [0,0.00193367)
 [0,0.00193505)
 [0,0.00193602)
 [0,0.00193621)
 [0,0.0019365)
 [0,0.00193691)
 [0,0.00193691)
 [0,0.00193921)
 [0,0.00194112)
 [0,0.00194125)
 [0,0.00194132)
 [0,0.00194416)
 [0,0.00194421)
 [0,0.00194423)
 [0,0.00194579)
 [0,0.00194598)
 [0,0.00194659)
 [0,0.00194765)
 [0,0.00194975)
 [0,0.00195021)
 [0,0.00195186)
 [0,0.00195239)
 [0,0.00195352)
 [0,0.00195502)
 [0,0.00195736)
 [0,0.00195773)
 [0,0.00195806)
 [0,0.00195962)
 [0,0.00195986)
 [0,0.00196036)
 [0,0.00196075)
 [0,0.00196163)
 [0,0.0019619)
 [0,0.00196321)
 [0,0.00196326)
 [0,0.00196351)
 [0,0.00196359)
 [0,0.00196467)
 [0,0.00196561)
 [0,0.0019667)
 [0,0.00196688)
 [0,0.00196794)
 [0,0.00196958)
 [0,0.00196965)
 [0,0.00196987)
 [0,0.00197029)
 [0,0.00197257)
 [0,0.00197503)
 [0,0.00197518)
 [0,0.00197543)
 [0,0.00197759)
 [0,0.0019784)
 [0,0.00197875)
 [0,0.00197978)
 [0,0.00198001)
 [0,0.00198098)
 [0,0.00198115)
 [0,0.00198271)
 [0,0.00198321)
 [0,0.00198447)
 [0,0.0019852)
 [0,0.00198703)
 [0,0.00198724)
 [0,0.00198805)
 [0,0.00198947)
 [0,0.00199109)
 [0,0.00199237)
 [0,0.00199513)
 [0,0.00199545)
 [0,0.00199606)
 [0,0.00199874)
 [0,0.00200215)
 [0,0.00200394)
 [0,0.00200435)
 [0,0.0020054)
 [0,0.00200771)
 [0,0.00200806)
 [0,0.00200903)
 [0,0.00200957)
 [0,0.00200987)
 [0,0.00201006)
 [0,0.00201042)
 [0,0.00201261)
 [0,0.00201357)
 [0,0.00201402)
 [0,0.00201425)
 [0,0.00201481)
 [0,0.002015)
 [0,0.00201551)
 [0,0.00201559)
 [0,0.00201592)
 [0,0.00201769)
 [0,0.00201797)
 [0,0.00201872)
 [0,0.00202021)
 [0,0.0020203)
 [0,0.00202034)
 [0,0.00202092)
 [0,0.00202116)
 [0,0.00202332)
 [0,0.0020247)
 [0,0.00202631)
 [0,0.0020273)
 [0,0.00202731)
 [0,0.00202901)
 [0,0.00202926)
 [0,0.00202937)
 [0,0.00202941)
 [0,0.00203116)
 [0,0.00203257)
 [0,0.00203314)
 [0,0.00203362)
 [0,0.00203492)
 [0,0.00203561)
 [0,0.00203656)
 [0,0.00203692)
 [0,0.00203738)
 [0,0.00203815)
 [0,0.00203917)
 [0,0.00204023)
 [0,0.0020406)
 [0,0.00204175)
 [0,0.0020419)
 [0,0.00204264)
 [0,0.00204279)
 [0,0.00204371)
 [0,0.00204458)
 [0,0.00204501)
 [0,0.00204557)
 [0,0.00204603)
 [0,0.00204881)
 [0,0.00204937)
 [0,0.00204966)
 [0,0.00204967)
 [0,0.00205176)
 [0,0.00205211)
 [0,0.00205346)
 [0,0.00205378)
 [0,0.00205426)
 [0,0.0020543)
 [0,0.00205531)
 [0,0.00205556)
 [0,0.00205584)
 [0,0.00205615)
 [0,0.00205854)
 [0,0.00205931)
 [0,0.00206505)
 [0,0.00206681)
 [0,0.00206726)
 [0,0.00206845)
 [0,0.00206854)
 [0,0.00206996)
 [0,0.00207305)
 [0,0.00207317)
 [0,0.00207329)
 [0,0.0020739)
 [0,0.00207447)
 [0,0.00207589)
 [0,0.00207615)
 [0,0.00207656)
 [0,0.00207755)
 [0,0.00208082)
 [0,0.00208168)
 [0,0.00208287)
 [0,0.00208294)
 [0,0.00208333)
 [0,0.0020835)
 [0,0.00208421)
 [0,0.00208508)
 [0,0.00208531)
 [0,0.00208604)
 [0,0.00208762)
 [0,0.00208801)
 [0,0.00208858)
 [0,0.00208941)
 [0,0.00208947)
 [0,0.00208962)
 [0,0.0020899)
 [0,0.00209211)
 [0,0.00209216)
 [0,0.00209361)
 [0,0.00209405)
 [0,0.00209533)
 [0,0.00209542)
 [0,0.00209585)
 [0,0.00209628)
 [0,0.00209653)
 [0,0.00209676)
 [0,0.0020981)
 [0,0.00209816)
 [0,0.00209948)
 [0,0.00210063)
 [0,0.0021019)
 [0,0.00210239)
 [0,0.00210257)
 [0,0.00210267)
 [0,0.00210304)
 [0,0.00210429)
 [0,0.00210449)
 [0,0.00210481)
 [0,0.00210497)
 [0,0.00210707)
 [0,0.00210711)
 [0,0.002109)
 [0,0.00210902)
 [0,0.00210996)
 [0,0.00211139)
 [0,0.00211218)
 [0,0.00211361)
 [0,0.00211527)
 [0,0.00211762)
 [0,0.0021183)
 [0,0.00211945)
 [0,0.00211978)
 [0,0.00211991)
 [0,0.00212146)
 [0,0.00212461)
 [0,0.00212628)
 [0,0.00212655)
 [0,0.00212687)
 [0,0.00212733)
 [0,0.00213054)
 [0,0.00213105)
 [0,0.00213271)
 [0,0.00213331)
 [0,0.00213459)
 [0,0.00213725)
 [0,0.00213781)
 [0,0.0021379)
 [0,0.00213807)
 [0,0.00213947)
 [0,0.00213992)
 [0,0.00214011)
 [0,0.00214056)
 [0,0.00214089)
 [0,0.00214168)
 [0,0.00214226)
 [0,0.00214345)
 [0,0.00214408)
 [0,0.00214443)
 [0,0.0021447)
 [0,0.00214573)
 [0,0.00214806)
 [0,0.00214816)
 [0,0.00214904)
 [0,0.00214969)
 [0,0.00215)
 [0,0.00215079)
 [0,0.00215087)
 [0,0.00215146)
 [0,0.00215267)
 [0,0.00215622)
 [0,0.00215654)
 [0,0.00215714)
 [0,0.00215881)
 [0,0.00216189)
 [0,0.00216201)
 [0,0.00216219)
 [0,0.00216617)
 [0,0.00217017)
 [0,0.0021705)
 [0,0.00217283)
 [0,0.00217331)
 [0,0.00217349)
 [0,0.00217699)
 [0,0.00217836)
 [0,0.00217859)
 [0,0.00217883)
 [0,0.00217918)
 [0,0.00218011)
 [0,0.0021802)
 [0,0.00218138)
 [0,0.00218172)
 [0,0.00218266)
 [0,0.00218327)
 [0,0.00218424)
 [0,0.00218494)
 [0,0.00218588)
 [0,0.00218595)
 [0,0.00218643)
 [0,0.00218666)
 [0,0.00218694)
 [0,0.00218728)
 [0,0.00218784)
 [0,0.00218967)
 [0,0.00219377)
 [0,0.00219438)
 [0,0.00219542)
 [0,0.00219569)
 [0,0.00219674)
 [0,0.00219778)
 [0,0.00219799)
 [0,0.00219833)
 [0,0.00219862)
 [0,0.00220031)
 [0,0.00220088)
 [0,0.00220116)
 [0,0.00220202)
 [0,0.00220319)
 [0,0.00220527)
 [0,0.00220578)
 [0,0.00220829)
 [0,0.00221019)
 [0,0.0022113)
 [0,0.00221162)
 [0,0.0022123)
 [0,0.00221272)
 [0,0.00221332)
 [0,0.00221341)
 [0,0.00221381)
 [0,0.00221424)
 [0,0.00221535)
 [0,0.00221618)
 [0,0.00221633)
 [0,0.00221636)
 [0,0.00221711)
 [0,0.00221953)
 [0,0.00221998)
 [0,0.0022209)
 [0,0.00222218)
 [0,0.00222223)
 [0,0.00222492)
 [0,0.00222549)
 [0,0.00222653)
 [0,0.00222706)
 [0,0.00222743)
 [0,0.00222789)
 [0,0.00222798)
 [0,0.0022291)
 [0,0.00223043)
 [0,0.00223062)
 [0,0.00223136)
 [0,0.00223482)
 [0,0.00223626)
 [0,0.00223711)
 [0,0.00223769)
 [0,0.0022394)
 [0,0.00224123)
 [0,0.00224153)
 [0,0.00224444)
 [0,0.00224456)
 [0,0.00224498)
 [0,0.00224813)
 [0,0.00224837)
 [0,0.00224896)
 [0,0.00224974)
 [0,0.00225096)
 [0,0.0022515)
 [0,0.0022519)
 [0,0.00225234)
 [0,0.00225347)
 [0,0.00225577)
 [0,0.00225642)
 [0,0.0022587)
 [0,0.0022639)
 [0,0.00226504)
 [0,0.00226522)
 [0,0.00226577)
 [0,0.00226579)
 [0,0.00226741)
 [0,0.00226751)
 [0,0.00226752)
 [0,0.00226895)
 [0,0.00226948)
 [0,0.00226967)
 [0,0.00226992)
 [0,0.002271)
 [0,0.00227129)
 [0,0.0022722)
 [0,0.0022741)
 [0,0.00227485)
 [0,0.00227507)
 [0,0.00227562)
 [0,0.00227683)
 [0,0.00227751)
 [0,0.00227782)
 [0,0.00227792)
 [0,0.00227917)
 [0,0.00228145)
 [0,0.00228201)
 [0,0.00228203)
 [0,0.00228267)
 [0,0.00228289)
 [0,0.00228388)
 [0,0.0022865)
 [0,0.00228683)
 [0,0.00228777)
 [0,0.00228928)
 [0,0.00228929)
 [0,0.00228951)
 [0,0.00229023)
 [0,0.00229124)
 [0,0.00229144)
 [0,0.00229191)
 [0,0.00229204)
 [0,0.00229399)
 [0,0.00229546)
 [0,0.00229645)
 [0,0.00229927)
 [0,0.00229971)
 [0,0.00230057)
 [0,0.00230062)
 [0,0.00230151)
 [0,0.00230425)
 [0,0.00230525)
 [0,0.00230543)
 [0,0.00230708)
 [0,0.00230811)
 [0,0.00230992)
 [0,0.00231026)
 [0,0.00231106)
 [0,0.00231133)
 [0,0.0023125)
 [0,0.00231289)
 [0,0.00231332)
 [0,0.00231794)
 [0,0.00231861)
 [0,0.00231888)
 [0,0.00231909)
 [0,0.00232251)
 [0,0.00232493)
 [0,0.00232563)
 [0,0.00232805)
 [0,0.0023287)
 [0,0.00233022)
 [0,0.00233294)
 [0,0.00233307)
 [0,0.00233382)
 [0,0.00233384)
 [0,0.0023344)
 [0,0.00233797)
 [0,0.00233874)
 [0,0.00233895)
 [0,0.00233913)
 [0,0.0023416)
 [0,0.00234248)
 [0,0.00234297)
 [0,0.00234397)
 [0,0.00234418)
 [0,0.00234569)
 [0,0.00234604)
 [0,0.00234852)
 [0,0.00234886)
 [0,0.00234934)
 [0,0.0023496)
 [0,0.00235042)
 [0,0.00235065)
 [0,0.00235083)
 [0,0.00235199)
 [0,0.00235549)
 [0,0.0023565)
 [0,0.00235715)
 [0,0.00235734)
 [0,0.00235836)
 [0,0.00235923)
 [0,0.00235933)
 [0,0.0023623)
 [0,0.00236297)
 [0,0.00237175)
 [0,0.00237422)
 [0,0.0023752)
 [0,0.00237944)
 [0,0.00238082)
 [0,0.00238253)
 [0,0.00238604)
 [0,0.00238622)
 [0,0.00238708)
 [0,0.00238709)
 [0,0.0023876)
 [0,0.00238768)
 [0,0.00238856)
 [0,0.00239004)
 [0,0.0023914)
 [0,0.00239197)
 [0,0.00239427)
 [0,0.00239616)
 [0,0.00239642)
 [0,0.00239842)
 [0,0.00239875)
 [0,0.00240001)
 [0,0.00240081)
 [0,0.00240231)
 [0,0.00240233)
 [0,0.00240592)
 [0,0.0024061)
 [0,0.00240634)
 [0,0.00240643)
 [0,0.00240897)
 [0,0.00240983)
 [0,0.00240987)
 [0,0.00241011)
 [0,0.00241164)
 [0,0.00241335)
 [0,0.00241665)
 [0,0.00241721)
 [0,0.00241765)
 [0,0.00241992)
 [0,0.00242154)
 [0,0.00242167)
 [0,0.00242546)
 [0,0.00242811)
 [0,0.00243024)
 [0,0.00243205)
 [0,0.00243375)
 [0,0.00243432)
 [0,0.00243479)
 [0,0.00243526)
 [0,0.00243638)
 [0,0.00243644)
 [0,0.00243717)
 [0,0.00243902)
 [0,0.00243947)
 [0,0.00243989)
 [0,0.00243994)
 [0,0.00244056)
 [0,0.00244316)
 [0,0.00244406)
 [0,0.0024447)
 [0,0.002445)
 [0,0.0024452)
 [0,0.00244574)
 [0,0.00244605)
 [0,0.00244612)
 [0,0.00244618)
 [0,0.0024471)
 [0,0.00244824)
 [0,0.00244906)
 [0,0.00244962)
 [0,0.00245008)
 [0,0.00245018)
 [0,0.00245172)
 [0,0.00245267)
 [0,0.00245323)
 [0,0.00245667)
 [0,0.00245929)
 [0,0.00245955)
 [0,0.0024599)
 [0,0.00246004)
 [0,0.00246117)
 [0,0.00246189)
 [0,0.00246411)
 [0,0.00246527)
 [0,0.00246702)
 [0,0.00246718)
 [0,0.00246721)
 [0,0.00246757)
 [0,0.0024694)
 [0,0.00247428)
 [0,0.00247439)
 [0,0.00247445)
 [0,0.00247699)
 [0,0.00247787)
 [0,0.00247863)
 [0,0.00248147)
 [0,0.00248164)
 [0,0.00248167)
 [0,0.00248251)
 [0,0.00248364)
 [0,0.00248513)
 [0,0.00248525)
 [0,0.00248532)
 [0,0.00248612)
 [0,0.00248621)
 [0,0.00248748)
 [0,0.00248854)
 [0,0.00248897)
 [0,0.00248903)
 [0,0.00248948)
 [0,0.0024895)
 [0,0.00249157)
 [0,0.00249251)
 [0,0.00249272)
 [0,0.00249443)
 [0,0.00249522)
 [0,0.00249653)
 [0,0.00249717)
 [0,0.00249913)
 [0,0.00249919)
 [0,0.00250128)
 [0,0.00250153)
 [0,0.00250302)
 [0,0.00250313)
 [0,0.00250324)
 [0,0.00250358)
 [0,0.00250517)
 [0,0.00250703)
 [0,0.00251407)
 [0,0.00251542)
 [0,0.00251565)
 [0,0.00251574)
 [0,0.00251673)
 [0,0.00251817)
 [0,0.00252128)
 [0,0.00252185)
 [0,0.00252188)
 [0,0.00252221)
 [0,0.00252314)
 [0,0.00252517)
 [0,0.00252797)
 [0,0.00252841)
 [0,0.00252956)
 [0,0.00252979)
 [0,0.00253089)
 [0,0.00253157)
 [0,0.00253232)
 [0,0.00253297)
 [0,0.00253488)
 [0,0.00253648)
 [0,0.00253703)
 [0,0.00253705)
 [0,0.00254396)
 [0,0.00254492)
 [0,0.00254569)
 [0,0.00254628)
 [0,0.00254705)
 [0,0.00254852)
 [0,0.00255116)
 [0,0.00255258)
 [0,0.00255329)
 [0,0.00255481)
 [0,0.00255508)
 [0,0.00255644)
 [0,0.0025582)
 [0,0.00255844)
 [0,0.00256501)
 [0,0.00256652)
 [0,0.0025675)
 [0,0.00256791)
 [0,0.00256801)
 [0,0.00256843)
 [0,0.00256953)
 [0,0.00257292)
 [0,0.00257374)
 [0,0.0025745)
 [0,0.00257512)
 [0,0.00257693)
 [0,0.00257861)
 [0,0.00257865)
 [0,0.00258049)
 [0,0.00258106)
 [0,0.00258189)
 [0,0.00258255)
 [0,0.00258265)
 [0,0.0025828)
 [0,0.00258459)
 [0,0.00258482)
 [0,0.00259088)
 [0,0.00259142)
 [0,0.00259279)
 [0,0.00259318)
 [0,0.00259322)
 [0,0.00259419)
 [0,0.00259654)
 [0,0.00259697)
 [0,0.00259724)
 [0,0.00259778)
 [0,0.00259946)
 [0,0.00260144)
 [0,0.0026035)
 [0,0.00260404)
 [0,0.00260406)
 [0,0.00260762)
 [0,0.00260815)
 [0,0.00260838)
 [0,0.00260955)
 [0,0.00260973)
 [0,0.00261014)
 [0,0.0026107)
 [0,0.00261458)
 [0,0.00261624)
 [0,0.00261628)
 [0,0.00261953)
 [0,0.00262072)
 [0,0.00262258)
 [0,0.00262281)
 [0,0.00262312)
 [0,0.00262334)
 [0,0.00262383)
 [0,0.00262478)
 [0,0.00262518)
 [0,0.00262584)
 [0,0.00262665)
 [0,0.00262759)
 [0,0.00262794)
 [0,0.0026288)
 [0,0.00262892)
 [0,0.00262895)
 [0,0.00262961)
 [0,0.00262972)
 [0,0.00263001)
 [0,0.0026301)
 [0,0.00263367)
 [0,0.00263471)
 [0,0.00263818)
 [0,0.00263937)
 [0,0.00264076)
 [0,0.00264088)
 [0,0.00264128)
 [0,0.00264158)
 [0,0.00264228)
 [0,0.00264629)
 [0,0.00264691)
 [0,0.00264777)
 [0,0.00264781)
 [0,0.0026486)
 [0,0.00264967)
 [0,0.00264998)
 [0,0.00265119)
 [0,0.00265201)
 [0,0.00265421)
 [0,0.00265535)
 [0,0.00265552)
 [0,0.00265592)
 [0,0.00265754)
 [0,0.00265964)
 [0,0.00266025)
 [0,0.00266059)
 [0,0.00266089)
 [0,0.00266273)
 [0,0.0026633)
 [0,0.00266424)
 [0,0.0026677)
 [0,0.002668)
 [0,0.00266823)
 [0,0.00266875)
 [0,0.0026695)
 [0,0.0026708)
 [0,0.00267148)
 [0,0.00267236)
 [0,0.00267258)
 [0,0.00267331)
 [0,0.00267541)
 [0,0.00267567)
 [0,0.00267776)
 [0,0.00267794)
 [0,0.00268107)
 [0,0.00268138)
 [0,0.00268172)
 [0,0.00268708)
 [0,0.00268881)
 [0,0.00268905)
 [0,0.00268937)
 [0,0.00269133)
 [0,0.00269293)
 [0,0.00269304)
 [0,0.00269352)
 [0,0.00269565)
 [0,0.00269889)
 [0,0.00269923)
 [0,0.002701)
 [0,0.00270183)
 [0,0.00270433)
 [0,0.00270448)
 [0,0.00270512)
 [0,0.00270545)
 [0,0.00270574)
 [0,0.00270704)
 [0,0.00270935)
 [0,0.00271104)
 [0,0.00271154)
 [0,0.00271191)
 [0,0.00271195)
 [0,0.00271206)
 [0,0.00271238)
 [0,0.00271411)
 [0,0.0027156)
 [0,0.00272177)
 [0,0.00272219)
 [0,0.0027227)
 [0,0.0027234)
 [0,0.00272359)
 [0,0.0027244)
 [0,0.00272605)
 [0,0.00272873)
 [0,0.00272906)
 [0,0.00273072)
 [0,0.00273143)
 [0,0.00273153)
 [0,0.00273558)
 [0,0.00273635)
 [0,0.00273681)
 [0,0.00273752)
 [0,0.00273759)
 [0,0.00273793)
 [0,0.00273906)
 [0,0.0027399)
 [0,0.00274028)
 [0,0.00274428)
 [0,0.00274453)
 [0,0.00274759)
 [0,0.00274879)
 [0,0.00274995)
 [0,0.00275216)
 [0,0.00275253)
 [0,0.00275256)
 [0,0.00275393)
 [0,0.00275478)
 [0,0.0027598)
 [0,0.00276016)
 [0,0.00276166)
 [0,0.00276379)
 [0,0.00276507)
 [0,0.00276715)
 [0,0.00276858)
 [0,0.00276936)
 [0,0.00276938)
 [0,0.00277048)
 [0,0.00277054)
 [0,0.00277191)
 [0,0.002773)
 [0,0.00277533)
 [0,0.00277545)
 [0,0.00277549)
 [0,0.00277587)
 [0,0.00277587)
 [0,0.00277634)
 [0,0.00277702)
 [0,0.00277762)
 [0,0.0027791)
 [0,0.00277953)
 [0,0.00277983)
 [0,0.00278008)
 [0,0.00278058)
 [0,0.00278288)
 [0,0.00278388)
 [0,0.00278598)
 [0,0.00278732)
 [0,0.00278747)
 [0,0.00278826)
 [0,0.00279063)
 [0,0.00279287)
 [0,0.00279792)
 [0,0.00279853)
 [0,0.00280064)
 [0,0.00280172)
 [0,0.0028036)
 [0,0.00280559)
 [0,0.00280619)
 [0,0.00280849)
 [0,0.00281066)
 [0,0.00281184)
 [0,0.00281267)
 [0,0.0028139)
 [0,0.00281591)
 [0,0.00281626)
 [0,0.00281688)
 [0,0.00281715)
 [0,0.0028173)
 [0,0.00281778)
 [0,0.00281801)
 [0,0.00281826)
 [0,0.00281965)
 [0,0.00282035)
 [0,0.00282214)
 [0,0.00282282)
 [0,0.00282523)
 [0,0.0028259)
 [0,0.0028275)
 [0,0.00282928)
 [0,0.00282965)
 [0,0.00283656)
 [0,0.00283661)
 [0,0.00283734)
 [0,0.00283811)
 [0,0.00283997)
 [0,0.00284004)
 [0,0.00284022)
 [0,0.00284027)
 [0,0.00284095)
 [0,0.00284128)
 [0,0.00284192)
 [0,0.00284238)
 [0,0.00284351)
 [0,0.00284679)
 [0,0.00284882)
 [0,0.00284975)
 [0,0.00285009)
 [0,0.00285114)
 [0,0.00285163)
 [0,0.00285192)
 [0,0.00285424)
 [0,0.00285509)
 [0,0.00285658)
 [0,0.0028567)
 [0,0.00285848)
 [0,0.00285898)
 [0,0.0028607)
 [0,0.00286087)
 [0,0.00286191)
 [0,0.00286248)
 [0,0.0028648)
 [0,0.00286801)
 [0,0.00286991)
 [0,0.00287399)
 [0,0.00287493)
 [0,0.002875)
 [0,0.00287645)
 [0,0.00287848)
 [0,0.00288059)
 [0,0.00288123)
 [0,0.00288328)
 [0,0.00288338)
 [0,0.00288444)
 [0,0.00288638)
 [0,0.00289101)
 [0,0.00289251)
 [0,0.00289448)
 [0,0.00289555)
 [0,0.00289848)
 [0,0.00289958)
 [0,0.00290301)
 [0,0.00290399)
 [0,0.00290526)
 [0,0.00290561)
 [0,0.00290583)
 [0,0.00290616)
 [0,0.00290744)
 [0,0.00290801)
 [0,0.00291112)
 [0,0.00291186)
 [0,0.00291214)
 [0,0.00291356)
 [0,0.00291461)
 [0,0.00291504)
 [0,0.00291585)
 [0,0.00291626)
 [0,0.00292095)
 [0,0.00292134)
 [0,0.00292235)
 [0,0.00292257)
 [0,0.00292853)
 [0,0.00292885)
 [0,0.00292926)
 [0,0.00292936)
 [0,0.0029306)
 [0,0.00293159)
 [0,0.00293211)
 [0,0.00293227)
 [0,0.00293669)
 [0,0.00293728)
 [0,0.00293826)
 [0,0.00293958)
 [0,0.00294109)
 [0,0.00294331)
 [0,0.00294486)
 [0,0.00294528)
 [0,0.00294789)
 [0,0.00295497)
 [0,0.00295554)
 [0,0.00295798)
 [0,0.0029587)
 [0,0.0029642)
 [0,0.0029652)
 [0,0.00296707)
 [0,0.00296782)
 [0,0.00296793)
 [0,0.00296837)
 [0,0.00297088)
 [0,0.0029712)
 [0,0.00297222)
 [0,0.00297336)
 [0,0.00297433)
 [0,0.00297531)
 [0,0.00297542)
 [0,0.00297752)
 [0,0.00298001)
 [0,0.00298081)
 [0,0.00298188)
 [0,0.00298216)
 [0,0.00298532)
 [0,0.0029868)
 [0,0.00298973)
 [0,0.00299411)
 [0,0.00299786)
 [0,0.00300103)
 [0,0.00300319)
 [0,0.00300527)
 [0,0.00300677)
 [0,0.00301176)
 [0,0.00301182)
 [0,0.00301276)
 [0,0.00301398)
 [0,0.0030157)
 [0,0.00301824)
 [0,0.00302196)
 [0,0.00302263)
 [0,0.00302367)
 [0,0.00302413)
 [0,0.00302482)
 [0,0.00302616)
 [0,0.00302626)
 [0,0.00302647)
 [0,0.00302928)
 [0,0.00303192)
 [0,0.00303336)
 [0,0.00303669)
 [0,0.00303697)
 [0,0.00303818)
 [0,0.00304083)
 [0,0.00304226)
 [0,0.00304274)
 [0,0.00304318)
 [0,0.00304331)
 [0,0.00304444)
 [0,0.00304447)
 [0,0.00304477)
 [0,0.00304616)
 [0,0.00304641)
 [0,0.00304745)
 [0,0.00305289)
 [0,0.00305316)
 [0,0.0030541)
 [0,0.00305519)
 [0,0.00305658)
 [0,0.00306101)
 [0,0.00306415)
 [0,0.00306713)
 [0,0.00306774)
 [0,0.00306849)
 [0,0.00306868)
 [0,0.00306919)
 [0,0.003072)
 [0,0.00307301)
 [0,0.00307537)
 [0,0.00307596)
 [0,0.00307621)
 [0,0.00307677)
 [0,0.00307721)
 [0,0.00307804)
 [0,0.00307812)
 [0,0.00308377)
 [0,0.00308435)
 [0,0.00308517)
 [0,0.00308554)
 [0,0.00308578)
 [0,0.00308878)
 [0,0.00309069)
 [0,0.00309281)
 [0,0.00309563)
 [0,0.00309637)
 [0,0.00309893)
 [0,0.00310065)
 [0,0.00310224)
 [0,0.00310436)
 [0,0.00310622)
 [0,0.00310698)
 [0,0.00311003)
 [0,0.00311065)
 [0,0.0031121)
 [0,0.00311432)
 [0,0.00311572)
 [0,0.00311597)
 [0,0.00311855)
 [0,0.00311935)
 [0,0.00311963)
 [0,0.00312124)
 [0,0.00312184)
 [0,0.00312299)
 [0,0.00312363)
 [0,0.00312384)
 [0,0.00312684)
 [0,0.003127)
 [0,0.00312728)
 [0,0.00312739)
 [0,0.00312903)
 [0,0.00313011)
 [0,0.00313037)
 [0,0.00313148)
 [0,0.00313305)
 [0,0.00313436)
 [0,0.00313475)
 [0,0.00313919)
 [0,0.00313993)
 [0,0.00314103)
 [0,0.0031426)
 [0,0.00314367)
 [0,0.00314383)
 [0,0.00314621)
 [0,0.00314721)
 [0,0.00314889)
 [0,0.00315056)
 [0,0.00315312)
 [0,0.00315336)
 [0,0.00315452)
 [0,0.00316068)
 [0,0.00316195)
 [0,0.00316515)
 [0,0.00316533)
 [0,0.00316591)
 [0,0.00316595)
 [0,0.00316791)
 [0,0.00316838)
 [0,0.00317034)
 [0,0.0031706)
 [0,0.00317133)
 [0,0.00317147)
 [0,0.00317211)
 [0,0.00317247)
 [0,0.00317537)
 [0,0.00317586)
 [0,0.00317598)
 [0,0.0031793)
 [0,0.00318007)
 [0,0.00318207)
 [0,0.00318356)
 [0,0.00318519)
 [0,0.00318637)
 [0,0.00318708)
 [0,0.00318742)
 [0,0.00318905)
 [0,0.00319032)
 [0,0.00319351)
 [0,0.00319406)
 [0,0.00319737)
 [0,0.00319889)
 [0,0.00319896)
 [0,0.00319914)
 [0,0.00319927)
 [0,0.00320144)
 [0,0.00320162)
 [0,0.00320633)
 [0,0.00320756)
 [0,0.00320803)
 [0,0.00320877)
 [0,0.00320894)
 [0,0.00321141)
 [0,0.00321426)
 [0,0.00321567)
 [0,0.00321567)
 [0,0.00321578)
 [0,0.00321609)
 [0,0.00321694)
 [0,0.00321699)
 [0,0.00322676)
 [0,0.00322712)
 [0,0.00322738)
 [0,0.00322774)
 [0,0.00322937)
 [0,0.00322959)
 [0,0.0032307)
 [0,0.00323086)
 [0,0.00323167)
 [0,0.00323536)
 [0,0.00323734)
 [0,0.0032383)
 [0,0.00323946)
 [0,0.00323994)
 [0,0.00324025)
 [0,0.00324134)
 [0,0.00324162)
 [0,0.00324329)
 [0,0.00324355)
 [0,0.00324612)
 [0,0.00324893)
 [0,0.0032492)
 [0,0.00324984)
 [0,0.00325241)
 [0,0.00325294)
 [0,0.0032535)
 [0,0.00326273)
 [0,0.00326577)
 [0,0.003266)
 [0,0.00326654)
 [0,0.00327161)
 [0,0.00327767)
 [0,0.0032818)
 [0,0.00328283)
 [0,0.00328509)
 [0,0.00328573)
 [0,0.00328647)
 [0,0.00328669)
 [0,0.00328749)
 [0,0.00328875)
 [0,0.00328955)
 [0,0.00329285)
 [0,0.00329472)
 [0,0.00329904)
 [0,0.00329926)
 [0,0.00329929)
 [0,0.00330208)
 [0,0.00330757)
 [0,0.00330805)
 [0,0.0033089)
 [0,0.00330917)
 [0,0.00331194)
 [0,0.00331303)
 [0,0.0033166)
 [0,0.00331701)
 [0,0.00331704)
 [0,0.00331816)
 [0,0.00331818)
 [0,0.00331864)
 [0,0.00332493)
 [0,0.00332827)
 [0,0.00333555)
 [0,0.00333607)
 [0,0.00333736)
 [0,0.00333749)
 [0,0.00333894)
 [0,0.00334009)
 [0,0.00334078)
 [0,0.00334202)
 [0,0.00334208)
 [0,0.00334817)
 [0,0.00335056)
 [0,0.00335132)
 [0,0.00335278)
 [0,0.00335331)
 [0,0.00335392)
 [0,0.00335523)
 [0,0.00335609)
 [0,0.00335661)
 [0,0.00335702)
 [0,0.00335947)
 [0,0.00336765)
 [0,0.00337045)
 [0,0.00337128)
 [0,0.00337143)
 [0,0.00337157)
 [0,0.00337641)
 [0,0.00337851)
 [0,0.00337918)
 [0,0.00337941)
 [0,0.0033811)
 [0,0.00338299)
 [0,0.00338384)
 [0,0.0033857)
 [0,0.00338845)
 [0,0.00339019)
 [0,0.00339415)
 [0,0.0033942)
 [0,0.00339568)
 [0,0.00339884)
 [0,0.00340125)
 [0,0.00340181)
 [0,0.00340586)
 [0,0.00340855)
 [0,0.00341048)
 [0,0.00341074)
 [0,0.0034108)
 [0,0.00341645)
 [0,0.00341677)
 [0,0.00341767)
 [0,0.00341838)
 [0,0.00341847)
 [0,0.00341901)
 [0,0.00341975)
 [0,0.00342045)
 [0,0.00342131)
 [0,0.00342209)
 [0,0.00342369)
 [0,0.00342371)
 [0,0.003425)
 [0,0.00342505)
 [0,0.00342815)
 [0,0.00342922)
 [0,0.0034293)
 [0,0.00343011)
 [0,0.00343401)
 [0,0.00343586)
 [0,0.00343938)
 [0,0.00344029)
 [0,0.00344227)
 [0,0.00344271)
 [0,0.00344431)
 [0,0.00344576)
 [0,0.0034462)
 [0,0.00344888)
 [0,0.00345118)
 [0,0.00345156)
 [0,0.00345271)
 [0,0.00345667)
 [0,0.00345835)
 [0,0.00345886)
 [0,0.00345964)
 [0,0.00346085)
 [0,0.00346106)
 [0,0.00346518)
 [0,0.00346667)
 [0,0.00346719)
 [0,0.00347524)
 [0,0.00347776)
 [0,0.00348056)
 [0,0.00348083)
 [0,0.00348227)
 [0,0.00348568)
 [0,0.0034864)
 [0,0.00348685)
 [0,0.00348707)
 [0,0.00348775)
 [0,0.00348874)
 [0,0.00348913)
 [0,0.00349649)
 [0,0.00350337)
 [0,0.00350399)
 [0,0.00350554)
 [0,0.00351161)
 [0,0.00351481)
 [0,0.00351714)
 [0,0.00352431)
 [0,0.00352525)
 [0,0.00352747)
 [0,0.00352869)
 [0,0.00352911)
 [0,0.00353051)
 [0,0.0035312)
 [0,0.00353273)
 [0,0.00353526)
 [0,0.00353742)
 [0,0.00353828)
 [0,0.00354176)
 [0,0.00354784)
 [0,0.0035529)
 [0,0.00355381)
 [0,0.0035548)
 [0,0.00355527)
 [0,0.00355917)
 [0,0.00355991)
 [0,0.00356046)
 [0,0.00356055)
 [0,0.00356086)
 [0,0.00356128)
 [0,0.00356268)
 [0,0.00356284)
 [0,0.00356474)
 [0,0.00356569)
 [0,0.00356771)
 [0,0.00357235)
 [0,0.0035745)
 [0,0.00357451)
 [0,0.00357588)
 [0,0.00358082)
 [0,0.00358359)
 [0,0.0035893)
 [0,0.00359065)
 [0,0.00359101)
 [0,0.00359192)
 [0,0.00359215)
 [0,0.00359292)
 [0,0.00359389)
 [0,0.00359444)
 [0,0.00359719)
 [0,0.00360075)
 [0,0.00360209)
 [0,0.00360213)
 [0,0.00360531)
 [0,0.00360887)
 [0,0.00361003)
 [0,0.00361323)
 [0,0.00361372)
 [0,0.00361711)
 [0,0.00362906)
 [0,0.00363349)
 [0,0.00363744)
 [0,0.00363851)
 [0,0.00364465)
 [0,0.0036459)
 [0,0.0036473)
 [0,0.00364734)
 [0,0.00364832)
 [0,0.00365783)
 [0,0.00366158)
 [0,0.00366176)
 [0,0.00366771)
 [0,0.00366801)
 [0,0.00367147)
 [0,0.00367185)
 [0,0.0036727)
 [0,0.00367515)
 [0,0.00368461)
 [0,0.00369068)
 [0,0.00369115)
 [0,0.00369234)
 [0,0.00369391)
 [0,0.00369498)
 [0,0.00370122)
 [0,0.00371063)
 [0,0.00371323)
 [0,0.00371528)
 [0,0.00371531)
 [0,0.00371704)
 [0,0.00372008)
 [0,0.00372216)
 [0,0.0037257)
 [0,0.0037278)
 [0,0.00373036)
 [0,0.00373948)
 [0,0.00374019)
 [0,0.0037418)
 [0,0.00374213)
 [0,0.00374666)
 [0,0.00374811)
 [0,0.00375909)
 [0,0.0037641)
 [0,0.00376763)
 [0,0.00378067)
 [0,0.00378072)
 [0,0.00378275)
 [0,0.00378439)
 [0,0.00378501)
 [0,0.00379444)
 [0,0.00379781)
 [0,0.0038007)
 [0,0.00380322)
 [0,0.00380414)
 [0,0.00380619)
 [0,0.00380658)
 [0,0.0038085)
 [0,0.00381013)
 [0,0.00381188)
 [0,0.00381459)
 [0,0.0038153)
 [0,0.00381862)
 [0,0.0038252)
 [0,0.00383785)
 [0,0.00383823)
 [0,0.00384143)
 [0,0.00384317)
 [0,0.00384574)
 [0,0.00384758)
 [0,0.00385756)
 [0,0.00385901)
 [0,0.00385949)
 [0,0.00386019)
 [0,0.00386063)
 [0,0.00386315)
 [0,0.00386552)
 [0,0.00386719)
 [0,0.00386855)
 [0,0.00388047)
 [0,0.00388121)
 [0,0.00388749)
 [0,0.00388966)
 [0,0.00389887)
 [0,0.00390173)
 [0,0.00390219)
 [0,0.00390523)
 [0,0.00390553)
 [0,0.00390621)
 [0,0.00390929)
 [0,0.00391138)
 [0,0.00392025)
 [0,0.00392405)
 [0,0.00392556)
 [0,0.00393125)
 [0,0.00393308)
 [0,0.00393713)
 [0,0.00393885)
 [0,0.00394342)
 [0,0.00394616)
 [0,0.00395378)
 [0,0.00396714)
 [0,0.00397044)
 [0,0.00397522)
 [0,0.00397638)
 [0,0.00398034)
 [0,0.00398105)
 [0,0.00398397)
 [0,0.00399343)
 [0,0.00399945)
 [0,0.00399977)
 [0,0.00400652)
 [0,0.00400667)
 [0,0.00401009)
 [0,0.00401184)
 [0,0.00401526)
 [0,0.00403123)
 [0,0.00403285)
 [0,0.00403424)
 [0,0.00403502)
 [0,0.00404095)
 [0,0.00404134)
 [0,0.00404548)
 [0,0.00405201)
 [0,0.00405558)
 [0,0.00406073)
 [0,0.00406478)
 [0,0.00406655)
 [0,0.00407384)
 [0,0.00407432)
 [0,0.00408076)
 [0,0.00408611)
 [0,0.00409128)
 [0,0.00410622)
 [0,0.004109)
 [0,0.00411293)
 [0,0.00412678)
 [0,0.00413045)
 [0,0.00413129)
 [0,0.00414008)
 [0,0.00414347)
 [0,0.00414635)
 [0,0.00414905)
 [0,0.00414969)
 [0,0.00415283)
 [0,0.00416821)
 [0,0.00416853)
 [0,0.00418174)
 [0,0.00418618)
 [0,0.00418801)
 [0,0.00418998)
 [0,0.00419334)
 [0,0.00419442)
 [0,0.00419515)
 [0,0.00419748)
 [0,0.00420849)
 [0,0.00421226)
 [0,0.00421587)
 [0,0.00421619)
 [0,0.00421699)
 [0,0.00421702)
 [0,0.00422286)
 [0,0.00422497)
 [0,0.00422836)
 [0,0.00423245)
 [0,0.0042467)
 [0,0.00425919)
 [0,0.00426005)
 [0,0.00426088)
 [0,0.00427005)
 [0,0.00427123)
 [0,0.00427292)
 [0,0.00428405)
 [0,0.00428601)
 [0,0.00428743)
 [0,0.00429358)
 [0,0.00430331)
 [0,0.00430493)
 [0,0.00430493)
 [0,0.00430702)
 [0,0.00431033)
 [0,0.00431058)
 [0,0.00431253)
 [0,0.00431292)
 [0,0.00431785)
 [0,0.00432164)
 [0,0.00432382)
 [0,0.00432526)
 [0,0.0043289)
 [0,0.00433031)
 [0,0.00433091)
 [0,0.00433447)
 [0,0.0043428)
 [0,0.00435365)
 [0,0.00436061)
 [0,0.00436112)
 [0,0.00436432)
 [0,0.00436588)
 [0,0.00437002)
 [0,0.00437538)
 [0,0.00437689)
 [0,0.00438124)
 [0,0.00438239)
 [0,0.00438416)
 [0,0.00438943)
 [0,0.00439193)
 [0,0.00439402)
 [0,0.0043982)
 [0,0.00440962)
 [0,0.00441094)
 [0,0.00442035)
 [0,0.00442286)
 [0,0.0044242)
 [0,0.0044255)
 [0,0.00443043)
 [0,0.00443508)
 [0,0.00443998)
 [0,0.00444247)
 [0,0.0044476)
 [0,0.0044476)
 [0,0.00444809)
 [0,0.00445584)
 [0,0.00445679)
 [0,0.00445774)
 [0,0.00446017)
 [0,0.00446441)
 [0,0.00446826)
 [0,0.00447061)
 [0,0.00448048)
 [0,0.00448323)
 [0,0.00449057)
 [0,0.00449335)
 [0,0.00450749)
 [0,0.00451507)
 [0,0.00451552)
 [0,0.00451792)
 [0,0.00451967)
 [0,0.00452103)
 [0,0.00452486)
 [0,0.00453783)
 [0,0.00453861)
 [0,0.00454304)
 [0,0.00454592)
 [0,0.00454622)
 [0,0.0045599)
 [0,0.00457347)
 [0,0.00457896)
 [0,0.00458357)
 [0,0.00458366)
 [0,0.00458404)
 [0,0.00458939)
 [0,0.0045907)
 [0,0.00459194)
 [0,0.00459657)
 [0,0.00459807)
 [0,0.00459846)
 [0,0.00460016)
 [0,0.00460132)
 [0,0.00460566)
 [0,0.00460731)
 [0,0.00460964)
 [0,0.00461317)
 [0,0.004614)
 [0,0.00461505)
 [0,0.00462179)
 [0,0.00462422)
 [0,0.00462525)
 [0,0.00464385)
 [0,0.00465168)
 [0,0.00466504)
 [0,0.00466804)
 [0,0.00466895)
 [0,0.00467104)
 [0,0.0046767)
 [0,0.00468281)
 [0,0.00469142)
 [0,0.00470126)
 [0,0.00471203)
 [0,0.00471231)
 [0,0.00471266)
 [0,0.00471289)
 [0,0.00471431)
 [0,0.00471938)
 [0,0.0047287)
 [0,0.00476324)
 [0,0.00476437)
 [0,0.00477035)
 [0,0.00477184)
 [0,0.00478014)
 [0,0.00478112)
 [0,0.00478387)
 [0,0.00478577)
 [0,0.00478813)
 [0,0.0047982)
 [0,0.00480141)
 [0,0.00480184)
 [0,0.00480921)
 [0,0.00481292)
 [0,0.00482324)
 [0,0.00482688)
 [0,0.00482823)
 [0,0.00483112)
 [0,0.00483743)
 [0,0.00483903)
 [0,0.0048421)
 [0,0.00484344)
 [0,0.00484462)
 [0,0.00485709)
 [0,0.00486091)
 [0,0.00487409)
 [0,0.00487533)
 [0,0.00487757)
 [0,0.00487902)
 [0,0.00488181)
 [0,0.00488297)
 [0,0.00488366)
 [0,0.00489045)
 [0,0.00489472)
 [0,0.00489475)
 [0,0.00491104)
 [0,0.00492816)
 [0,0.00493443)
 [0,0.00494737)
 [0,0.00494938)
 [0,0.00496402)
 [0,0.00496466)
 [0,0.00496721)
 [0,0.00496871)
 [0,0.0049711)
 [0,0.00497557)
 [0,0.00499049)
 [0,0.0049956)
 [0,0.00499906)
 [0,0.00499995)
 [0,0.00500783)
 [0,0.00502349)
 [0,0.00502627)
 [0,0.0050293)
 [0,0.00503304)
 [0,0.00504737)
 [0,0.00504838)
 [0,0.00504883)
 [0,0.00505067)
 [0,0.00505678)
 [0,0.00506017)
 [0,0.00506506)
 [0,0.00506544)
 [0,0.00506769)
 [0,0.00507454)
 [0,0.00507535)
 [0,0.00508454)
 [0,0.00508908)
 [0,0.00509316)
 [0,0.00509612)
 [0,0.00510276)
 [0,0.00511593)
 [0,0.00512052)
 [0,0.00512084)
 [0,0.00512192)
 [0,0.00512697)
 [0,0.00513478)
 [0,0.00513795)
 [0,0.00514618)
 [0,0.00514905)
 [0,0.00515223)
 [0,0.0051561)
 [0,0.00516689)
 [0,0.00516806)
 [0,0.00517314)
 [0,0.0051756)
 [0,0.0051794)
 [0,0.00518234)
 [0,0.00518435)
 [0,0.00519367)
 [0,0.0052036)
 [0,0.00521131)
 [0,0.0052141)
 [0,0.00521539)
 [0,0.00522919)
 [0,0.00524475)
 [0,0.00525232)
 [0,0.00525233)
 [0,0.00527203)
 [0,0.00528237)
 [0,0.0053127)
 [0,0.00532452)
 [0,0.00534317)
 [0,0.00535474)
 [0,0.00536634)
 [0,0.00537012)
 [0,0.00537972)
 [0,0.00540517)
 [0,0.00541542)
 [0,0.0054163)
 [0,0.00542706)
 [0,0.00543785)
 [0,0.0054399)
 [0,0.00544752)
 [0,0.00544988)
 [0,0.0054559)
 [0,0.00546992)
 [0,0.00549573)
 [0,0.00550308)
 [0,0.00551923)
 [0,0.00552251)
 [0,0.00553139)
 [0,0.00553184)
 [0,0.00553302)
 [0,0.0055445)
 [0,0.00555024)
 [0,0.00555663)
 [0,0.00558881)
 [0,0.00558973)
 [0,0.00561343)
 [0,0.00561386)
 [0,0.00561778)
 [0,0.00562112)
 [0,0.00563156)
 [0,0.00564754)
 [0,0.00564766)
 [0,0.00565524)
 [0,0.00565846)
 [0,0.00566486)
 [0,0.00567284)
 [0,0.00569221)
 [0,0.00569287)
 [0,0.00569751)
 [0,0.00572396)
 [0,0.00576098)
 [0,0.0057865)
 [0,0.00579519)
 [0,0.00580911)
 [0,0.00581545)
 [0,0.00582865)
 [0,0.00583026)
 [0,0.00584831)
 [0,0.00585301)
 [0,0.00586246)
 [0,0.00588189)
 [0,0.00588477)
 [0,0.00588793)
 [0,0.0058923)
 [0,0.00589536)
 [0,0.00590768)
 [0,0.00596851)
 [0,0.0059763)
 [0,0.00601131)
 [0,0.00601839)
 [0,0.00602575)
 [0,0.00602598)
 [0,0.0060517)
 [0,0.00605675)
 [0,0.00606011)
 [0,0.0060603)
 [0,0.00606137)
 [0,0.00606909)
 [0,0.00608754)
 [0,0.00613144)
 [0,0.00614283)
 [0,0.00617013)
 [0,0.00618844)
 [0,0.00619961)
 [0,0.00620422)
 [0,0.00620452)
 [0,0.00621615)
 [0,0.00622107)
 [0,0.00622836)
 [0,0.00624231)
 [0,0.00624841)
 [0,0.00628233)
 [0,0.00629377)
 [0,0.0063169)
 [0,0.00632162)
 [0,0.00634514)
 [0,0.00638004)
 [0,0.00642768)
 [0,0.00643875)
 [0,0.00644004)
 [0,0.00644118)
 [0,0.00646897)
 [0,0.00647796)
 [0,0.00648829)
 [0,0.00651984)
 [0,0.00655338)
 [0,0.00656372)
 [0,0.00656394)
 [0,0.00658805)
 [0,0.00661264)
 [0,0.00662406)
 [0,0.00663919)
 [0,0.00664133)
 [0,0.00665092)
 [0,0.00665361)
 [0,0.00668137)
 [0,0.00668862)
 [0,0.00670731)
 [0,0.00673283)
 [0,0.00674113)
 [0,0.00674122)
 [0,0.00674915)
 [0,0.0067531)
 [0,0.00677216)
 [0,0.00679847)
 [0,0.00680187)
 [0,0.00681589)
 [0,0.00684786)
 [0,0.00687224)
 [0,0.00688365)
 [0,0.00690273)
 [0,0.00690558)
 [0,0.0069422)
 [0,0.00694383)
 [0,0.00694759)
 [0,0.00697593)
 [0,0.0069935)
 [0,0.00702669)
 [0,0.00704362)
 [0,0.00704421)
 [0,0.00704741)
 [0,0.00704973)
 [0,0.00709858)
 [0,0.00711636)
 [0,0.00714276)
 [0,0.00716982)
 [0,0.00717582)
 [0,0.00717785)
 [0,0.00722786)
 [0,0.00723422)
 [0,0.00723493)
 [0,0.00726166)
 [0,0.00728673)
 [0,0.00729109)
 [0,0.00730211)
 [0,0.0073551)
 [0,0.00735525)
 [0,0.00735795)
 [0,0.00737016)
 [0,0.00738674)
 [0,0.00740126)
 [0,0.00740873)
 [0,0.00741126)
 [0,0.00741668)
 [0,0.00742117)
 [0,0.00742374)
 [0,0.00742511)
 [0,0.00742797)
 [0,0.00745292)
 [0,0.00745572)
 [0,0.00746296)
 [0,0.007474)
 [0,0.0074941)
 [0,0.00750866)
 [0,0.00755245)
 [0,0.00757134)
 [0,0.00758305)
 [0,0.00763883)
 [0,0.00764503)
 [0,0.00769471)
 [0,0.00770104)
 [0,0.00774324)
 [0,0.00777145)
 [0,0.00779592)
 [0,0.00779603)
 [0,0.00780203)
 [0,0.00781506)
 [0,0.00781554)
 [0,0.00782879)
 [0,0.00785593)
 [0,0.00801424)
 [0,0.00804203)
 [0,0.00805413)
 [0,0.00805543)
 [0,0.00805598)
 [0,0.00810183)
 [0,0.00810911)
 [0,0.00812467)
 [0,0.00813126)
 [0,0.00813169)
 [0,0.00813237)
 [0,0.00814056)
 [0,0.00819133)
 [0,0.00821234)
 [0,0.00827201)
 [0,0.00830126)
 [0,0.0083219)
 [0,0.00840253)
 [0,0.00842859)
 [0,0.00850426)
 [0,0.0085188)
 [0,0.00857907)
 [0,0.00858214)
 [0,0.00861015)
 [0,0.00863794)
 [0,0.00866315)
 [0,0.00866442)
 [0,0.0087077)
 [0,0.0087536)
 [0,0.00875877)
 [0,0.00878436)
 [0,0.00882938)
 [0,0.0088387)
 [0,0.00889472)
 [0,0.00892699)
 [0,0.00903237)
 [0,0.00903277)
 [0,0.00904567)
 [0,0.00906546)
 [0,0.00908027)
 [0,0.0090993)
 [0,0.00922829)
 [0,0.00924935)
 [0,0.00929499)
 [0,0.00931769)
 [0,0.00935169)
 [0,0.0093816)
 [0,0.00939627)
 [0,0.00945255)
 [0,0.00950912)
 [0,0.00957469)
 [0,0.00960668)
 [0,0.00962497)
 [0,0.00970386)
 [0,0.00970439)
 [0,0.00985335)
 [0,0.00988833)
 [0,0.00990892)
 [0,0.00993445)
 [0,0.00998353)
 [0,0.0100101)
 [0,0.0100113)
 [0,0.0100193)
 [0,0.0100208)
 [0,0.0100336)
 [0,0.0100914)
 [0,0.0103082)
 [0,0.010337)
 [0,0.0103798)
 [0,0.0103834)
 [0,0.0105272)
 [0,0.010533)
 [0,0.0106558)
 [0,0.0106598)
 [0,0.0106785)
 [0,0.0107057)
 [0,0.0107309)
 [0,0.0107802)
 [0,0.0108119)
 [0,0.0108424)
 [0,0.0108498)
 [0,0.01089)
 [0,0.0109502)
 [0,0.0110202)
 [0,0.0110344)
 [0,0.0110405)
 [0,0.011067)
 [0,0.0111289)
 [0,0.011209)
 [0,0.0112235)
 [0,0.0113443)
 [0,0.0113489)
 [0,0.0114046)
 [0,0.0114854)
 [0,0.0115215)
 [0,0.0115941)
 [0,0.011613)
 [0,0.0116217)
 [0,0.011816)
 [0,0.011825)
 [0,0.0120425)
 [0,0.0120896)
 [0,0.0121892)
 [0,0.0122338)
 [0,0.0123586)
 [0,0.0125575)
 [0,0.0127627)
 [0,0.0128064)
 [0,0.0130534)
 [0,0.0132463)
 [0,0.0133328)
 [0,0.0135724)
 [0,0.0136817)
 [0,0.0137088)
 [0,0.0141196)
 [0,0.0142485)
 [0,0.0147685)
 [0,0.0148377)
 [0,0.0152363)
 [0,0.0157743)
 [0,0.0159651)
 [0,0.0159838)
 [0,0.0160494)
 [0,0.0165809)
 [0,0.0170884)
 [0,0.0171598)
 [0,0.0172884)
 [0,0.0178923)
 [0,0.01801)
 [0,0.0187045)
 [0,0.0192312)
 [0,0.0192962)
 [0,0.0198388)
 [0,0.0212548)
 [0,0.0222198)
 [0,0.0228163)
 [0,0.022979)
 [0,0.0242758)
 [0,0.0244738)
 [0,0.0246754)
 [0,0.0258735)
 [0,0.0278019)
 [0,0.0312323)
 [0,0.0337686)
 [0,0.0344254)
 [0,0.0345825)
 [0,0.0354114)
 [0,0.0366328)
 [0,0.0373386)
 [0,0.0392695)
 [0,0.0406876)
 [0,0.046425)
 [0,0.0494722)
 [0,0.1823)
 [0,0.22284)
 [0, )
