point cloud with 2216 points in dimension 2
value range: [3.57628e-07,0.84845]
distance matrix with 2216 points, using threshold at enclosing radius 0.430699
persistence intervals in dim 0:
 [0,3.57628e-07)
 [0,7.15256e-07)
 [0,1.19209e-06)
 [0,1.19209e-06)
 [0,1.2517e-06)
 [0,1.43051e-06)
 [0,1.49012e-06)
 [0,1.78814e-06)
 [0,2.02656e-06)
 [0,2.20537e-06)
 [0,2.74181e-06)
 [0,2.74181e-06)
 [0,2.98023e-06)
 [0,3.15905e-06)
 [0,3.33786e-06)
 [0,3.33786e-06)
 [0,3.57628e-06)
 [0,3.57628e-06)
 [0,4.52995e-06)
 [0,4.64916e-06)
 [0,4.82798e-06)
 [0,5.1856e-06)
 [0,5.36442e-06)
 [0,5.48363e-06)
 [0,5.54323e-06)
 [0,5.66244e-06)
 [0,5.66244e-06)
 [0,6.07967e-06)
 [0,6.13928e-06)
 [0,6.49691e-06)
 [0,6.49691e-06)
 [0,6.79493e-06)
 [0,7.03335e-06)
 [0,7.33137e-06)
 [0,7.98702e-06)
 [0,8.16584e-06)
 [0,8.46386e-06)
 [0,8.58307e-06)
 [0,8.88109e-06)
 [0,9.11951e-06)
 [0,9.35793e-06)
 [0,9.95397e-06)
 [0,1.01328e-05)
 [0,1.15633e-05)
 [0,1.15633e-05)
 [0,1.16825e-05)
 [0,1.18613e-05)
 [0,1.27554e-05)
 [0,1.37091e-05)
 [0,1.38283e-05)
 [0,1.38879e-05)
 [0,1.40667e-05)
 [0,1.45435e-05)
 [0,1.47223e-05)
 [0,1.5378e-05)
 [0,1.5378e-05)
 [0,1.55568e-05)
 [0,1.60336e-05)
 [0,1.60933e-05)
 [0,1.62125e-05)
 [0,1.66893e-05)
 [0,1.71661e-05)
 [0,1.78814e-05)
 [0,1.80602e-05)
 [0,1.81794e-05)
 [0,1.8239e-05)
 [0,1.84774e-05)
 [0,1.87755e-05)
 [0,1.92523e-05)
 [0,2.13385e-05)
 [0,2.16961e-05)
 [0,2.19345e-05)
 [0,2.22027e-05)
 [0,2.24113e-05)
 [0,2.24709e-05)
 [0,2.30968e-05)
 [0,2.38419e-05)
 [0,2.39015e-05)
 [0,2.40207e-05)
 [0,2.40207e-05)
 [0,2.41995e-05)
 [0,2.44379e-05)
 [0,2.44379e-05)
 [0,2.46167e-05)
 [0,2.57492e-05)
 [0,2.58088e-05)
 [0,2.58684e-05)
 [0,2.64645e-05)
 [0,2.77162e-05)
 [0,2.7895e-05)
 [0,2.7895e-05)
 [0,2.7895e-05)
 [0,2.8193e-05)
 [0,2.8193e-05)
 [0,2.82526e-05)
 [0,2.89679e-05)
 [0,2.92063e-05)
 [0,2.94447e-05)
 [0,3.016e-05)
 [0,3.02792e-05)
 [0,3.0756e-05)
 [0,3.24845e-05)
 [0,3.25441e-05)
 [0,3.26633e-05)
 [0,3.28422e-05)
 [0,3.30806e-05)
 [0,3.31998e-05)
 [0,3.34382e-05)
 [0,3.3915e-05)
 [0,3.42727e-05)
 [0,3.45111e-05)
 [0,3.45707e-05)
 [0,3.46303e-05)
 [0,3.52263e-05)
 [0,3.56436e-05)
 [0,3.6478e-05)
 [0,3.70741e-05)
 [0,3.71933e-05)
 [0,3.80874e-05)
 [0,3.8445e-05)
 [0,3.86238e-05)
 [0,3.9041e-05)
 [0,3.91603e-05)
 [0,3.95775e-05)
 [0,3.95775e-05)
 [0,4.02033e-05)
 [0,4.1306e-05)
 [0,4.15444e-05)
 [0,4.23193e-05)
 [0,4.25577e-05)
 [0,4.27961e-05)
 [0,4.29153e-05)
 [0,4.3571e-05)
 [0,4.42266e-05)
 [0,4.43459e-05)
 [0,4.44055e-05)
 [0,4.60744e-05)
 [0,4.68493e-05)
 [0,4.70281e-05)
 [0,4.70877e-05)
 [0,4.73261e-05)
 [0,4.73857e-05)
 [0,4.80413e-05)
 [0,4.80413e-05)
 [0,4.8399e-05)
 [0,4.84586e-05)
 [0,4.86374e-05)
 [0,4.88162e-05)
 [0,4.91738e-05)
 [0,4.94123e-05)
 [0,4.98295e-05)
 [0,4.98295e-05)
 [0,5.01275e-05)
 [0,5.07236e-05)
 [0,5.16176e-05)
 [0,5.20945e-05)
 [0,5.20945e-05)
 [0,5.22733e-05)
 [0,5.25713e-05)
 [0,5.29289e-05)
 [0,5.33462e-05)
 [0,5.34058e-05)
 [0,5.3823e-05)
 [0,5.41806e-05)
 [0,5.45979e-05)
 [0,5.48959e-05)
 [0,5.51939e-05)
 [0,5.51939e-05)
 [0,5.53131e-05)
 [0,5.55515e-05)
 [0,5.56111e-05)
 [0,5.56111e-05)
 [0,5.79357e-05)
 [0,5.96046e-05)
 [0,5.96046e-05)
 [0,6.1214e-05)
 [0,6.12736e-05)
 [0,6.19888e-05)
 [0,6.27041e-05)
 [0,6.34193e-05)
 [0,6.40154e-05)
 [0,6.44326e-05)
 [0,6.45518e-05)
 [0,6.47902e-05)
 [0,6.49095e-05)
 [0,6.51479e-05)
 [0,6.55651e-05)
 [0,6.61611e-05)
 [0,6.62804e-05)
 [0,6.68466e-05)
 [0,6.70552e-05)
 [0,6.7085e-05)
 [0,6.79493e-05)
 [0,6.81281e-05)
 [0,6.9499e-05)
 [0,7.05123e-05)
 [0,7.09891e-05)
 [0,7.15852e-05)
 [0,7.20024e-05)
 [0,7.25389e-05)
 [0,7.25985e-05)
 [0,7.30157e-05)
 [0,7.34329e-05)
 [0,7.45654e-05)
 [0,7.52807e-05)
 [0,7.56979e-05)
 [0,7.74264e-05)
 [0,7.84397e-05)
 [0,7.84993e-05)
 [0,7.85589e-05)
 [0,7.93338e-05)
 [0,7.96318e-05)
 [0,7.96914e-05)
 [0,7.98106e-05)
 [0,8.03471e-05)
 [0,8.09431e-05)
 [0,8.11219e-05)
 [0,8.21352e-05)
 [0,8.22544e-05)
 [0,8.26716e-05)
 [0,8.27909e-05)
 [0,8.33869e-05)
 [0,8.34465e-05)
 [0,8.38041e-05)
 [0,8.60691e-05)
 [0,8.61287e-05)
 [0,8.64267e-05)
 [0,8.74996e-05)
 [0,8.79765e-05)
 [0,8.82745e-05)
 [0,8.84533e-05)
 [0,8.86917e-05)
 [0,9.06587e-05)
 [0,9.13143e-05)
 [0,9.13143e-05)
 [0,9.13739e-05)
 [0,9.14931e-05)
 [0,9.18508e-05)
 [0,9.197e-05)
 [0,9.25064e-05)
 [0,9.27448e-05)
 [0,9.28044e-05)
 [0,9.30428e-05)
 [0,9.32813e-05)
 [0,9.36985e-05)
 [0,9.38773e-05)
 [0,9.42945e-05)
 [0,9.47118e-05)
 [0,9.47118e-05)
 [0,9.49502e-05)
 [0,9.56654e-05)
 [0,9.59039e-05)
 [0,9.62615e-05)
 [0,9.64403e-05)
 [0,9.799e-05)
 [0,9.81092e-05)
 [0,9.83477e-05)
 [0,9.87053e-05)
 [0,9.90629e-05)
 [0,0.000100732)
 [0,0.00010103)
 [0,0.000101328)
 [0,0.000101507)
 [0,0.000102282)
 [0,0.000103474)
 [0,0.000103474)
 [0,0.000103533)
 [0,0.000103593)
 [0,0.000103593)
 [0,0.000103652)
 [0,0.00010401)
 [0,0.000106871)
 [0,0.000107408)
 [0,0.000107467)
 [0,0.000107706)
 [0,0.000108004)
 [0,0.000108004)
 [0,0.000108182)
 [0,0.000108242)
 [0,0.000108302)
 [0,0.000109375)
 [0,0.000109553)
 [0,0.000109613)
 [0,0.000109732)
 [0,0.000110328)
 [0,0.00011152)
 [0,0.000112176)
 [0,0.000112951)
 [0,0.000114322)
 [0,0.00011459)
 [0,0.000115871)
 [0,0.000116587)
 [0,0.000117421)
 [0,0.000118196)
 [0,0.000118375)
 [0,0.000118375)
 [0,0.000118911)
 [0,0.000118911)
 [0,0.00011909)
 [0,0.000119865)
 [0,0.000119984)
 [0,0.000120699)
 [0,0.000121057)
 [0,0.000121474)
 [0,0.00012219)
 [0,0.000123143)
 [0,0.00012368)
 [0,0.000124514)
 [0,0.000124872)
 [0,0.000125229)
 [0,0.000125647)
 [0,0.000127077)
 [0,0.000127912)
 [0,0.000129223)
 [0,0.000129879)
 [0,0.000130177)
 [0,0.00013119)
 [0,0.000131845)
 [0,0.00013262)
 [0,0.00013274)
 [0,0.000132799)
 [0,0.000133216)
 [0,0.000133693)
 [0,0.000134587)
 [0,0.000134706)
 [0,0.000135958)
 [0,0.00013715)
 [0,0.000138938)
 [0,0.000140309)
 [0,0.000140429)
 [0,0.000141203)
 [0,0.000141799)
 [0,0.000141919)
 [0,0.000141978)
 [0,0.000142008)
 [0,0.000142634)
 [0,0.000144184)
 [0,0.000145674)
 [0,0.000146627)
 [0,0.000147551)
 [0,0.000148237)
 [0,0.000148654)
 [0,0.000149131)
 [0,0.000150174)
 [0,0.000152409)
 [0,0.000152469)
 [0,0.000152469)
 [0,0.00015378)
 [0,0.000154376)
 [0,0.000156701)
 [0,0.000157952)
 [0,0.00015837)
 [0,0.000158846)
 [0,0.000158846)
 [0,0.000159979)
 [0,0.000160336)
 [0,0.000160515)
 [0,0.000160933)
 [0,0.000161231)
 [0,0.000162005)
 [0,0.00016284)
 [0,0.000163496)
 [0,0.000163972)
 [0,0.000168204)
 [0,0.000168443)
 [0,0.000169516)
 [0,0.000170469)
 [0,0.000171661)
 [0,0.000171959)
 [0,0.000173241)
 [0,0.000173986)
 [0,0.000174046)
 [0,0.000174105)
 [0,0.000175953)
 [0,0.000176013)
 [0,0.000176549)
 [0,0.000177532)
 [0,0.00017792)
 [0,0.000178754)
 [0,0.000178814)
 [0,0.000179887)
 [0,0.000180185)
 [0,0.000181139)
 [0,0.000181258)
 [0,0.000181556)
 [0,0.000182569)
 [0,0.00018394)
 [0,0.00018394)
 [0,0.000184417)
 [0,0.000185251)
 [0,0.000187457)
 [0,0.000187755)
 [0,0.00018841)
 [0,0.000188645)
 [0,0.000188768)
 [0,0.000188828)
 [0,0.000189662)
 [0,0.00019151)
 [0,0.000191867)
 [0,0.000192642)
 [0,0.00019443)
 [0,0.000194788)
 [0,0.000195831)
 [0,0.00019592)
 [0,0.000197053)
 [0,0.000197113)
 [0,0.000197351)
 [0,0.000198841)
 [0,0.000199437)
 [0,0.000199735)
 [0,0.000200212)
 [0,0.000200689)
 [0,0.000201741)
 [0,0.000201941)
 [0,0.000202864)
 [0,0.000202894)
 [0,0.000203073)
 [0,0.000203282)
 [0,0.000204086)
 [0,0.000204623)
 [0,0.000204682)
 [0,0.000204802)
 [0,0.000205874)
 [0,0.000206113)
 [0,0.000206768)
 [0,0.000207007)
 [0,0.000207841)
 [0,0.000209093)
 [0,0.000209749)
 [0,0.000210166)
 [0,0.000210822)
 [0,0.000212252)
 [0,0.000212371)
 [0,0.000214994)
 [0,0.00021565)
 [0,0.000215888)
 [0,0.000215948)
 [0,0.000216186)
 [0,0.000216901)
 [0,0.000217617)
 [0,0.000219047)
 [0,0.000219285)
 [0,0.000219643)
 [0,0.000219762)
 [0,0.000220299)
 [0,0.000220835)
 [0,0.000220954)
 [0,0.000221252)
 [0,0.000221431)
 [0,0.00022316)
 [0,0.000223696)
 [0,0.000223815)
 [0,0.000224173)
 [0,0.000225365)
 [0,0.000225902)
 [0,0.000230253)
 [0,0.000231028)
 [0,0.000232875)
 [0,0.000235558)
 [0,0.000235975)
 [0,0.000237167)
 [0,0.00023824)
 [0,0.000238419)
 [0,0.000240803)
 [0,0.00024271)
 [0,0.000243783)
 [0,0.000244439)
 [0,0.000244498)
 [0,0.000244617)
 [0,0.000245988)
 [0,0.000246167)
 [0,0.000246465)
 [0,0.000246644)
 [0,0.000246823)
 [0,0.000247329)
 [0,0.000248253)
 [0,0.000249922)
 [0,0.000249982)
 [0,0.000252843)
 [0,0.000254512)
 [0,0.000255764)
 [0,0.000257671)
 [0,0.000258207)
 [0,0.000261426)
 [0,0.000262558)
 [0,0.000263274)
 [0,0.000263542)
 [0,0.000264168)
 [0,0.000264406)
 [0,0.000264764)
 [0,0.000265658)
 [0,0.000266016)
 [0,0.000266552)
 [0,0.000267148)
 [0,0.000267267)
 [0,0.000267982)
 [0,0.000269175)
 [0,0.000270426)
 [0,0.000271201)
 [0,0.000271976)
 [0,0.000274003)
 [0,0.000274241)
 [0,0.000275016)
 [0,0.00027591)
 [0,0.000276685)
 [0,0.000276804)
 [0,0.000276983)
 [0,0.000277519)
 [0,0.000278175)
 [0,0.000278413)
 [0,0.000278473)
 [0,0.000279586)
 [0,0.000282228)
 [0,0.000283539)
 [0,0.00028497)
 [0,0.000285625)
 [0,0.000286877)
 [0,0.000287116)
 [0,0.000287354)
 [0,0.000289142)
 [0,0.000290513)
 [0,0.000294745)
 [0,0.000295043)
 [0,0.000300527)
 [0,0.000302315)
 [0,0.000303507)
 [0,0.000308394)
 [0,0.000308871)
 [0,0.000309467)
 [0,0.00031656)
 [0,0.000316918)
 [0,0.000317097)
 [0,0.000317454)
 [0,0.000317574)
 [0,0.000318289)
 [0,0.000318766)
 [0,0.000320494)
 [0,0.000321329)
 [0,0.000322163)
 [0,0.000323534)
 [0,0.000325084)
 [0,0.000326633)
 [0,0.000327051)
 [0,0.000327289)
 [0,0.000328422)
 [0,0.000330023)
 [0,0.000332098)
 [0,0.000332355)
 [0,0.000332415)
 [0,0.000332653)
 [0,0.000335634)
 [0,0.000335753)
 [0,0.000336289)
 [0,0.000337034)
 [0,0.000337958)
 [0,0.000340044)
 [0,0.000340164)
 [0,0.000344723)
 [0,0.000345051)
 [0,0.000345051)
 [0,0.000345406)
 [0,0.000346839)
 [0,0.000349164)
 [0,0.000349581)
 [0,0.00034982)
 [0,0.00035125)
 [0,0.000352502)
 [0,0.0003528)
 [0,0.000354409)
 [0,0.000354946)
 [0,0.000355244)
 [0,0.000355542)
 [0,0.000356913)
 [0,0.000361919)
 [0,0.000363171)
 [0,0.000363529)
 [0,0.00036478)
 [0,0.000365138)
 [0,0.000366254)
 [0,0.00036633)
 [0,0.000366807)
 [0,0.000367165)
 [0,0.000370402)
 [0,0.000370443)
 [0,0.000371158)
 [0,0.000372767)
 [0,0.000378966)
 [0,0.000379503)
 [0,0.000379741)
 [0,0.000380039)
 [0,0.000381827)
 [0,0.000384271)
 [0,0.000384927)
 [0,0.000385165)
 [0,0.000387073)
 [0,0.000387967)
 [0,0.000388503)
 [0,0.000390172)
 [0,0.000390768)
 [0,0.000391483)
 [0,0.000393391)
 [0,0.000394702)
 [0,0.000394911)
 [0,0.000395972)
 [0,0.000400245)
 [0,0.000400838)
 [0,0.000400841)
 [0,0.000401378)
 [0,0.000401437)
 [0,0.000403583)
 [0,0.000405192)
 [0,0.000406027)
 [0,0.000409737)
 [0,0.000410497)
 [0,0.000410676)
 [0,0.00041157)
 [0,0.000412408)
 [0,0.000413001)
 [0,0.000413299)
 [0,0.000415527)
 [0,0.000415802)
 [0,0.000419974)
 [0,0.000421315)
 [0,0.000425696)
 [0,0.000425816)
 [0,0.000426233)
 [0,0.000430703)
 [0,0.000430882)
 [0,0.000432193)
 [0,0.00043261)
 [0,0.000434935)
 [0,0.000436008)
 [0,0.000441432)
 [0,0.000443697)
 [0,0.000444174)
 [0,0.000445664)
 [0,0.000448227)
 [0,0.000448823)
 [0,0.000449121)
 [0,0.000449121)
 [0,0.000450986)
 [0,0.000453055)
 [0,0.000453234)
 [0,0.000455081)
 [0,0.000464559)
 [0,0.000477791)
 [0,0.000482917)
 [0,0.000483036)
 [0,0.000487328)
 [0,0.000489414)
 [0,0.000491291)
 [0,0.000495493)
 [0,0.000496209)
 [0,0.000497103)
 [0,0.000498354)
 [0,0.000500143)
 [0,0.000500585)
 [0,0.000500977)
 [0,0.000502586)
 [0,0.000508666)
 [0,0.000508845)
 [0,0.000513494)
 [0,0.000514388)
 [0,0.00051449)
 [0,0.000515521)
 [0,0.000518799)
 [0,0.000519633)
 [0,0.00052017)
 [0,0.000521657)
 [0,0.000524163)
 [0,0.000524223)
 [0,0.000525713)
 [0,0.000529647)
 [0,0.000531554)
 [0,0.000540972)
 [0,0.000542462)
 [0,0.000543654)
 [0,0.000544667)
 [0,0.000544786)
 [0,0.00055027)
 [0,0.000552416)
 [0,0.000559151)
 [0,0.000559151)
 [0,0.000561696)
 [0,0.000562549)
 [0,0.000562787)
 [0,0.000569225)
 [0,0.000573043)
 [0,0.000576079)
 [0,0.000577324)
 [0,0.000579417)
 [0,0.000579903)
 [0,0.00058049)
 [0,0.000580788)
 [0,0.000589371)
 [0,0.000590682)
 [0,0.000591218)
 [0,0.000592649)
 [0,0.000593841)
 [0,0.000595331)
 [0,0.000602186)
 [0,0.000606951)
 [0,0.00060752)
 [0,0.000607908)
 [0,0.000609934)
 [0,0.000612199)
 [0,0.000620345)
 [0,0.0006212)
 [0,0.000621974)
 [0,0.000623465)
 [0,0.000624001)
 [0,0.000625908)
 [0,0.000633061)
 [0,0.000633776)
 [0,0.000634849)
 [0,0.000639081)
 [0,0.000641223)
 [0,0.000648081)
 [0,0.000648646)
 [0,0.000650764)
 [0,0.000651461)
 [0,0.000653923)
 [0,0.000655115)
 [0,0.000655491)
 [0,0.000659466)
 [0,0.000663526)
 [0,0.000663996)
 [0,0.00066418)
 [0,0.00066489)
 [0,0.000668377)
 [0,0.000678599)
 [0,0.000680517)
 [0,0.00068312)
 [0,0.000687182)
 [0,0.000690937)
 [0,0.000699371)
 [0,0.000700563)
 [0,0.000706673)
 [0,0.000709474)
 [0,0.00071156)
 [0,0.000713468)
 [0,0.000713946)
 [0,0.000715792)
 [0,0.000716448)
 [0,0.000716925)
 [0,0.000717421)
 [0,0.000719011)
 [0,0.000719034)
 [0,0.0007218)
 [0,0.000724077)
 [0,0.000726193)
 [0,0.000728726)
 [0,0.000732132)
 [0,0.000736618)
 [0,0.00074813)
 [0,0.000750005)
 [0,0.000754774)
 [0,0.000755727)
 [0,0.000758582)
 [0,0.000760195)
 [0,0.000760734)
 [0,0.000767291)
 [0,0.000773864)
 [0,0.000776519)
 [0,0.000777245)
 [0,0.000777245)
 [0,0.000778735)
 [0,0.000781804)
 [0,0.000783011)
 [0,0.000784836)
 [0,0.000788615)
 [0,0.000789344)
 [0,0.000790543)
 [0,0.000795722)
 [0,0.000795911)
 [0,0.000796169)
 [0,0.000798792)
 [0,0.000812173)
 [0,0.000816883)
 [0,0.000819144)
 [0,0.000822257)
 [0,0.000823796)
 [0,0.000841129)
 [0,0.000842581)
 [0,0.000846262)
 [0,0.00085324)
 [0,0.000855051)
 [0,0.00086035)
 [0,0.000865305)
 [0,0.000871539)
 [0,0.000873387)
 [0,0.000875364)
 [0,0.000876606)
 [0,0.00087771)
 [0,0.000879467)
 [0,0.000882355)
 [0,0.000889063)
 [0,0.000893801)
 [0,0.000894608)
 [0,0.000897348)
 [0,0.000903189)
 [0,0.000910629)
 [0,0.000915647)
 [0,0.000926584)
 [0,0.000929341)
 [0,0.000931203)
 [0,0.000931546)
 [0,0.000935763)
 [0,0.000939621)
 [0,0.000940502)
 [0,0.000941946)
 [0,0.00094372)
 [0,0.00094395)
 [0,0.000944336)
 [0,0.000944614)
 [0,0.00095965)
 [0,0.000960754)
 [0,0.000961602)
 [0,0.000963619)
 [0,0.000964224)
 [0,0.000972807)
 [0,0.000976446)
 [0,0.000978579)
 [0,0.000979566)
 [0,0.000984484)
 [0,0.000990152)
 [0,0.00099051)
 [0,0.000991136)
 [0,0.000998855)
 [0,0.000999779)
 [0,0.00100435)
 [0,0.00100498)
 [0,0.00100556)
 [0,0.00100625)
 [0,0.00101018)
 [0,0.00101335)
 [0,0.00101865)
 [0,0.00102049)
 [0,0.00102454)
 [0,0.00102656)
 [0,0.00102663)
 [0,0.00102921)
 [0,0.00103211)
 [0,0.00103708)
 [0,0.00104302)
 [0,0.00104661)
 [0,0.00105587)
 [0,0.00105643)
 [0,0.00105756)
 [0,0.00105776)
 [0,0.00106501)
 [0,0.00106641)
 [0,0.00106925)
 [0,0.00107264)
 [0,0.00107569)
 [0,0.00107688)
 [0,0.00107813)
 [0,0.00108025)
 [0,0.00108192)
 [0,0.00108844)
 [0,0.00109075)
 [0,0.00109121)
 [0,0.00109694)
 [0,0.00109756)
 [0,0.00110716)
 [0,0.00111507)
 [0,0.00111568)
 [0,0.00111648)
 [0,0.00112748)
 [0,0.00115426)
 [0,0.00116101)
 [0,0.00116658)
 [0,0.00117487)
 [0,0.00117682)
 [0,0.00117806)
 [0,0.00119088)
 [0,0.00119492)
 [0,0.0012058)
 [0,0.00121117)
 [0,0.00121217)
 [0,0.00121451)
 [0,0.00121993)
 [0,0.00122301)
 [0,0.00122735)
 [0,0.00122767)
 [0,0.00123569)
 [0,0.00123847)
 [0,0.00124731)
 [0,0.00124775)
 [0,0.00125504)
 [0,0.00125754)
 [0,0.00126523)
 [0,0.00126638)
 [0,0.00127159)
 [0,0.0012738)
 [0,0.00127477)
 [0,0.00128737)
 [0,0.00129126)
 [0,0.00129474)
 [0,0.0012962)
 [0,0.00129743)
 [0,0.00130068)
 [0,0.00130501)
 [0,0.00130603)
 [0,0.0013063)
 [0,0.00130701)
 [0,0.00131136)
 [0,0.00131479)
 [0,0.00131605)
 [0,0.00131737)
 [0,0.00132076)
 [0,0.0013355)
 [0,0.00133887)
 [0,0.0013455)
 [0,0.00134976)
 [0,0.0013583)
 [0,0.00136125)
 [0,0.00136161)
 [0,0.001365)
 [0,0.00137075)
 [0,0.00137308)
 [0,0.00137991)
 [0,0.0013834)
 [0,0.00139148)
 [0,0.00139591)
 [0,0.00139902)
 [0,0.00139996)
 [0,0.001402)
 [0,0.00141485)
 [0,0.00141758)
 [0,0.00142273)
 [0,0.00142361)
 [0,0.0014334)
 [0,0.00143394)
 [0,0.00143513)
 [0,0.0014361)
 [0,0.00143751)
 [0,0.00144187)
 [0,0.0014486)
 [0,0.00144916)
 [0,0.00145614)
 [0,0.00146089)
 [0,0.00146105)
 [0,0.00146637)
 [0,0.00146713)
 [0,0.0014679)
 [0,0.00147086)
 [0,0.00147398)
 [0,0.00147486)
 [0,0.00148404)
 [0,0.00148854)
 [0,0.00149207)
 [0,0.0014932)
 [0,0.00150031)
 [0,0.00150455)
 [0,0.00150497)
 [0,0.00151092)
 [0,0.00152027)
 [0,0.00152029)
 [0,0.00152095)
 [0,0.0015302)
 [0,0.00153684)
 [0,0.00153999)
 [0,0.001546)
 [0,0.00154899)
 [0,0.00155552)
 [0,0.00155583)
 [0,0.00156042)
 [0,0.00156234)
 [0,0.00156614)
 [0,0.0015679)
 [0,0.0015679)
 [0,0.00156842)
 [0,0.00157826)
 [0,0.00158894)
 [0,0.00159728)
 [0,0.00160356)
 [0,0.00160644)
 [0,0.00160818)
 [0,0.00161887)
 [0,0.00161964)
 [0,0.00163067)
 [0,0.0016414)
 [0,0.00164404)
 [0,0.00164627)
 [0,0.0016489)
 [0,0.0016554)
 [0,0.00167406)
 [0,0.00167766)
 [0,0.00169286)
 [0,0.00169338)
 [0,0.00169763)
 [0,0.00170344)
 [0,0.00170551)
 [0,0.00170799)
 [0,0.00170992)
 [0,0.00171135)
 [0,0.00171182)
 [0,0.00171601)
 [0,0.00171993)
 [0,0.00172671)
 [0,0.00172961)
 [0,0.00174181)
 [0,0.00174398)
 [0,0.00174693)
 [0,0.00175538)
 [0,0.00175657)
 [0,0.00176874)
 [0,0.00176943)
 [0,0.00177303)
 [0,0.00177672)
 [0,0.00177901)
 [0,0.00178511)
 [0,0.00179234)
 [0,0.00179487)
 [0,0.00179613)
 [0,0.00180864)
 [0,0.00181367)
 [0,0.00181398)
 [0,0.00181468)
 [0,0.00183143)
 [0,0.0018331)
 [0,0.00183678)
 [0,0.00183754)
 [0,0.00184196)
 [0,0.00184203)
 [0,0.00184208)
 [0,0.00184276)
 [0,0.00184346)
 [0,0.00184526)
 [0,0.00185296)
 [0,0.00185421)
 [0,0.00185976)
 [0,0.00186054)
 [0,0.0018622)
 [0,0.0018665)
 [0,0.00186817)
 [0,0.00187007)
 [0,0.00187727)
 [0,0.00188874)
 [0,0.00188903)
 [0,0.00189947)
 [0,0.00189959)
 [0,0.00190733)
 [0,0.00190741)
 [0,0.00190985)
 [0,0.00191003)
 [0,0.00191177)
 [0,0.00191761)
 [0,0.00192528)
 [0,0.00193481)
 [0,0.00193515)
 [0,0.0019424)
 [0,0.00194246)
 [0,0.00194305)
 [0,0.00194584)
 [0,0.00195968)
 [0,0.00196119)
 [0,0.00196188)
 [0,0.00196431)
 [0,0.00196544)
 [0,0.00196749)
 [0,0.00196997)
 [0,0.00197019)
 [0,0.00197095)
 [0,0.00197892)
 [0,0.00198073)
 [0,0.00199141)
 [0,0.00199638)
 [0,0.00199764)
 [0,0.00199858)
 [0,0.00199873)
 [0,0.00200209)
 [0,0.00200763)
 [0,0.00201994)
 [0,0.00202016)
 [0,0.00202608)
 [0,0.00203273)
 [0,0.002037)
 [0,0.00203915)
 [0,0.00204112)
 [0,0.00204382)
 [0,0.00205235)
 [0,0.00206341)
 [0,0.00206463)
 [0,0.0020647)
 [0,0.0020653)
 [0,0.00208229)
 [0,0.00208488)
 [0,0.0020887)
 [0,0.00208966)
 [0,0.00210937)
 [0,0.00211198)
 [0,0.00211223)
 [0,0.00212274)
 [0,0.00212455)
 [0,0.00212733)
 [0,0.0021364)
 [0,0.0021372)
 [0,0.00213739)
 [0,0.00214526)
 [0,0.0021484)
 [0,0.00214996)
 [0,0.00215009)
 [0,0.00215241)
 [0,0.00215307)
 [0,0.0021553)
 [0,0.00215701)
 [0,0.0021572)
 [0,0.00216634)
 [0,0.00218004)
 [0,0.00218388)
 [0,0.00218516)
 [0,0.00218563)
 [0,0.00218707)
 [0,0.00219427)
 [0,0.00219819)
 [0,0.00220053)
 [0,0.002202)
 [0,0.00220202)
 [0,0.00220428)
 [0,0.00220567)
 [0,0.00221269)
 [0,0.00223283)
 [0,0.00223713)
 [0,0.00223991)
 [0,0.00224882)
 [0,0.00225025)
 [0,0.00225235)
 [0,0.00225405)
 [0,0.00225458)
 [0,0.00227466)
 [0,0.00227767)
 [0,0.00227773)
 [0,0.00228151)
 [0,0.00228426)
 [0,0.00228433)
 [0,0.00228611)
 [0,0.00228637)
 [0,0.00228813)
 [0,0.00229003)
 [0,0.00229241)
 [0,0.00229346)
 [0,0.00229459)
 [0,0.00230208)
 [0,0.00230346)
 [0,0.0023108)
 [0,0.00231265)
 [0,0.00231461)
 [0,0.00231593)
 [0,0.00231729)
 [0,0.00231888)
 [0,0.00231981)
 [0,0.00232209)
 [0,0.00232458)
 [0,0.00232767)
 [0,0.00232949)
 [0,0.00233557)
 [0,0.00234363)
 [0,0.00234428)
 [0,0.00234461)
 [0,0.00234513)
 [0,0.00234738)
 [0,0.00235066)
 [0,0.00235089)
 [0,0.00235323)
 [0,0.00235345)
 [0,0.00235781)
 [0,0.00235901)
 [0,0.00236399)
 [0,0.00236665)
 [0,0.00236812)
 [0,0.00237578)
 [0,0.00237952)
 [0,0.00237969)
 [0,0.00238306)
 [0,0.00238436)
 [0,0.00238648)
 [0,0.00239745)
 [0,0.00240914)
 [0,0.00241063)
 [0,0.00241231)
 [0,0.00242936)
 [0,0.0024325)
 [0,0.00243469)
 [0,0.00243579)
 [0,0.00243602)
 [0,0.00243698)
 [0,0.00244094)
 [0,0.00245176)
 [0,0.00245288)
 [0,0.00245302)
 [0,0.0024546)
 [0,0.00245805)
 [0,0.00245819)
 [0,0.00246171)
 [0,0.00246181)
 [0,0.0024648)
 [0,0.0024666)
 [0,0.00247174)
 [0,0.00247498)
 [0,0.00247653)
 [0,0.0024778)
 [0,0.00247957)
 [0,0.0024807)
 [0,0.00248305)
 [0,0.00248574)
 [0,0.00250073)
 [0,0.00250149)
 [0,0.00250322)
 [0,0.0025043)
 [0,0.00250661)
 [0,0.00251134)
 [0,0.00251226)
 [0,0.00251553)
 [0,0.00251582)
 [0,0.00252643)
 [0,0.0025289)
 [0,0.00252911)
 [0,0.00253102)
 [0,0.00253644)
 [0,0.00253912)
 [0,0.00254081)
 [0,0.00254499)
 [0,0.00254773)
 [0,0.00255217)
 [0,0.00255768)
 [0,0.00256077)
 [0,0.00256786)
 [0,0.00256965)
 [0,0.00257279)
 [0,0.00257305)
 [0,0.00257411)
 [0,0.00258035)
 [0,0.00258231)
 [0,0.00258412)
 [0,0.00259254)
 [0,0.00259375)
 [0,0.00259742)
 [0,0.00260109)
 [0,0.00260231)
 [0,0.00260514)
 [0,0.00260574)
 [0,0.00260621)
 [0,0.00260962)
 [0,0.00261387)
 [0,0.00261825)
 [0,0.00262275)
 [0,0.00262357)
 [0,0.00262825)
 [0,0.00262922)
 [0,0.00263268)
 [0,0.00263953)
 [0,0.00264025)
 [0,0.00264257)
 [0,0.00264703)
 [0,0.00265155)
 [0,0.00265225)
 [0,0.00265773)
 [0,0.00265888)
 [0,0.00267103)
 [0,0.0026778)
 [0,0.00267813)
 [0,0.00268079)
 [0,0.00268686)
 [0,0.00270087)
 [0,0.00270115)
 [0,0.0027018)
 [0,0.00271135)
 [0,0.00271938)
 [0,0.00272298)
 [0,0.00272398)
 [0,0.00272434)
 [0,0.00272632)
 [0,0.00272697)
 [0,0.0027278)
 [0,0.00272829)
 [0,0.00272888)
 [0,0.00272942)
 [0,0.00273099)
 [0,0.00273148)
 [0,0.00273659)
 [0,0.00273755)
 [0,0.00274272)
 [0,0.00274499)
 [0,0.00275131)
 [0,0.00275766)
 [0,0.00275992)
 [0,0.00276044)
 [0,0.0027615)
 [0,0.00276205)
 [0,0.00276525)
 [0,0.00276822)
 [0,0.0027699)
 [0,0.00277137)
 [0,0.00277404)
 [0,0.00277787)
 [0,0.00277888)
 [0,0.00278476)
 [0,0.00278959)
 [0,0.00279085)
 [0,0.00279215)
 [0,0.002798)
 [0,0.00280373)
 [0,0.0028049)
 [0,0.00281728)
 [0,0.00282077)
 [0,0.00282193)
 [0,0.00282672)
 [0,0.00282735)
 [0,0.00284588)
 [0,0.00284721)
 [0,0.00284872)
 [0,0.0028517)
 [0,0.0028535)
 [0,0.00285517)
 [0,0.00285667)
 [0,0.00287419)
 [0,0.00287462)
 [0,0.00287645)
 [0,0.00287737)
 [0,0.00287907)
 [0,0.00287997)
 [0,0.00288071)
 [0,0.00290775)
 [0,0.00290914)
 [0,0.0029103)
 [0,0.00291195)
 [0,0.00291259)
 [0,0.00291298)
 [0,0.00291365)
 [0,0.00291879)
 [0,0.00292087)
 [0,0.00294402)
 [0,0.00294798)
 [0,0.00294843)
 [0,0.00294913)
 [0,0.00295066)
 [0,0.00295229)
 [0,0.0029585)
 [0,0.00296555)
 [0,0.00297122)
 [0,0.00297183)
 [0,0.00297335)
 [0,0.00297455)
 [0,0.00297778)
 [0,0.00298131)
 [0,0.00298317)
 [0,0.0029839)
 [0,0.0029848)
 [0,0.00298629)
 [0,0.00298802)
 [0,0.00298839)
 [0,0.0029897)
 [0,0.00299844)
 [0,0.00300358)
 [0,0.00300468)
 [0,0.00300703)
 [0,0.00300756)
 [0,0.00301558)
 [0,0.00301901)
 [0,0.00302088)
 [0,0.00302481)
 [0,0.00302869)
 [0,0.00303287)
 [0,0.00303389)
 [0,0.00303446)
 [0,0.00303948)
 [0,0.00304054)
 [0,0.0030489)
 [0,0.00305316)
 [0,0.00306902)
 [0,0.00307371)
 [0,0.00309435)
 [0,0.00309646)
 [0,0.00310015)
 [0,0.00310569)
 [0,0.00310755)
 [0,0.00310932)
 [0,0.00311625)
 [0,0.00312687)
 [0,0.00312989)
 [0,0.0031351)
 [0,0.00313737)
 [0,0.00314152)
 [0,0.00314634)
 [0,0.00314796)
 [0,0.00316142)
 [0,0.00316363)
 [0,0.00316532)
 [0,0.00317646)
 [0,0.00317936)
 [0,0.00318131)
 [0,0.0031861)
 [0,0.00318861)
 [0,0.00319257)
 [0,0.00319258)
 [0,0.00319499)
 [0,0.003198)
 [0,0.00320148)
 [0,0.0032112)
 [0,0.00321217)
 [0,0.00321504)
 [0,0.00321926)
 [0,0.00321977)
 [0,0.00322874)
 [0,0.00322982)
 [0,0.00323632)
 [0,0.00324235)
 [0,0.00324926)
 [0,0.00325948)
 [0,0.00326083)
 [0,0.003261)
 [0,0.0032635)
 [0,0.00326867)
 [0,0.00327307)
 [0,0.00327528)
 [0,0.00329118)
 [0,0.00329167)
 [0,0.00329352)
 [0,0.00329441)
 [0,0.00329567)
 [0,0.00329774)
 [0,0.00330168)
 [0,0.00330259)
 [0,0.00331791)
 [0,0.00331795)
 [0,0.00332162)
 [0,0.00332433)
 [0,0.00332537)
 [0,0.00332939)
 [0,0.0033384)
 [0,0.00333917)
 [0,0.00334767)
 [0,0.00335159)
 [0,0.00336104)
 [0,0.0033653)
 [0,0.00337273)
 [0,0.00337868)
 [0,0.00338099)
 [0,0.00338617)
 [0,0.00338715)
 [0,0.00338738)
 [0,0.00338841)
 [0,0.00338951)
 [0,0.00339066)
 [0,0.0034005)
 [0,0.00340651)
 [0,0.00340665)
 [0,0.00341085)
 [0,0.00341463)
 [0,0.00341549)
 [0,0.00342257)
 [0,0.00342646)
 [0,0.00343148)
 [0,0.00343322)
 [0,0.00343435)
 [0,0.00343795)
 [0,0.00344517)
 [0,0.00344711)
 [0,0.00345171)
 [0,0.00345445)
 [0,0.00345611)
 [0,0.00345885)
 [0,0.00346137)
 [0,0.00346321)
 [0,0.00346758)
 [0,0.00348115)
 [0,0.0034826)
 [0,0.00350096)
 [0,0.00350177)
 [0,0.00350606)
 [0,0.00352209)
 [0,0.00353107)
 [0,0.00353747)
 [0,0.00353989)
 [0,0.00354419)
 [0,0.00354871)
 [0,0.00354909)
 [0,0.0035538)
 [0,0.00355529)
 [0,0.0035642)
 [0,0.00356833)
 [0,0.00357536)
 [0,0.00357703)
 [0,0.00357714)
 [0,0.00358031)
 [0,0.00358388)
 [0,0.00358391)
 [0,0.0035901)
 [0,0.00359243)
 [0,0.00359697)
 [0,0.00360348)
 [0,0.00360531)
 [0,0.00361381)
 [0,0.00361443)
 [0,0.00362054)
 [0,0.00363063)
 [0,0.00363755)
 [0,0.00363826)
 [0,0.00363842)
 [0,0.00364463)
 [0,0.0036455)
 [0,0.00364984)
 [0,0.0036524)
 [0,0.0036624)
 [0,0.00366796)
 [0,0.00366931)
 [0,0.00367081)
 [0,0.00367276)
 [0,0.00367538)
 [0,0.00367952)
 [0,0.00368214)
 [0,0.00368699)
 [0,0.00368999)
 [0,0.0036901)
 [0,0.00370058)
 [0,0.0037019)
 [0,0.00370269)
 [0,0.00370584)
 [0,0.00370934)
 [0,0.00370938)
 [0,0.00371)
 [0,0.00372069)
 [0,0.0037293)
 [0,0.0037295)
 [0,0.00372984)
 [0,0.0037327)
 [0,0.00374032)
 [0,0.00374693)
 [0,0.00374696)
 [0,0.00374736)
 [0,0.00374762)
 [0,0.00375226)
 [0,0.00375907)
 [0,0.0037612)
 [0,0.00376251)
 [0,0.0037687)
 [0,0.00377098)
 [0,0.00377932)
 [0,0.00379024)
 [0,0.00379584)
 [0,0.00379961)
 [0,0.00380393)
 [0,0.0038069)
 [0,0.00380802)
 [0,0.00380976)
 [0,0.00381019)
 [0,0.00381201)
 [0,0.00381284)
 [0,0.00381344)
 [0,0.0038152)
 [0,0.00381597)
 [0,0.00382356)
 [0,0.00383208)
 [0,0.00383911)
 [0,0.00384196)
 [0,0.00384558)
 [0,0.0038477)
 [0,0.00384951)
 [0,0.00385126)
 [0,0.00385238)
 [0,0.00385323)
 [0,0.00385469)
 [0,0.00386572)
 [0,0.00386765)
 [0,0.0038718)
 [0,0.00387445)
 [0,0.00387664)
 [0,0.00387709)
 [0,0.00387764)
 [0,0.00388264)
 [0,0.00388876)
 [0,0.00389046)
 [0,0.00389598)
 [0,0.00389975)
 [0,0.00390059)
 [0,0.00390468)
 [0,0.00390474)
 [0,0.00390475)
 [0,0.00391037)
 [0,0.00391375)
 [0,0.00391572)
 [0,0.00392626)
 [0,0.00392984)
 [0,0.0039323)
 [0,0.00393416)
 [0,0.00393602)
 [0,0.00393781)
 [0,0.00393906)
 [0,0.00393945)
 [0,0.00394145)
 [0,0.003947)
 [0,0.00394988)
 [0,0.00395005)
 [0,0.0039501)
 [0,0.00395125)
 [0,0.00395473)
 [0,0.00396142)
 [0,0.00396464)
 [0,0.00397237)
 [0,0.00397882)
 [0,0.00397988)
 [0,0.00398057)
 [0,0.00398365)
 [0,0.00399445)
 [0,0.00399721)
 [0,0.00399725)
 [0,0.00401039)
 [0,0.00401171)
 [0,0.00401419)
 [0,0.00402287)
 [0,0.0040244)
 [0,0.00403225)
 [0,0.00404856)
 [0,0.00405014)
 [0,0.00405599)
 [0,0.00405766)
 [0,0.00406555)
 [0,0.00406581)
 [0,0.00407405)
 [0,0.00407708)
 [0,0.00408423)
 [0,0.00409086)
 [0,0.00409324)
 [0,0.00409342)
 [0,0.00409529)
 [0,0.00409539)
 [0,0.00409911)
 [0,0.00410864)
 [0,0.00410906)
 [0,0.0041117)
 [0,0.00411371)
 [0,0.00411789)
 [0,0.00412051)
 [0,0.00413011)
 [0,0.00413072)
 [0,0.00414331)
 [0,0.00414682)
 [0,0.00415741)
 [0,0.00416592)
 [0,0.00417064)
 [0,0.00417408)
 [0,0.00418016)
 [0,0.00418018)
 [0,0.00418462)
 [0,0.00418532)
 [0,0.00419417)
 [0,0.00420256)
 [0,0.00420645)
 [0,0.00420714)
 [0,0.0042206)
 [0,0.00422493)
 [0,0.00422873)
 [0,0.00423103)
 [0,0.00423535)
 [0,0.0042412)
 [0,0.00424239)
 [0,0.00424842)
 [0,0.00424931)
 [0,0.00425176)
 [0,0.00425319)
 [0,0.00426165)
 [0,0.00426693)
 [0,0.00427111)
 [0,0.00427605)
 [0,0.00427846)
 [0,0.00428431)
 [0,0.00428761)
 [0,0.00428844)
 [0,0.00428946)
 [0,0.00430709)
 [0,0.0043088)
 [0,0.00430924)
 [0,0.00431132)
 [0,0.00431369)
 [0,0.00432426)
 [0,0.00433586)
 [0,0.00434102)
 [0,0.00437106)
 [0,0.00437454)
 [0,0.00438303)
 [0,0.00438653)
 [0,0.00438763)
 [0,0.00438918)
 [0,0.00439663)
 [0,0.00442486)
 [0,0.0044289)
 [0,0.00443366)
 [0,0.00443647)
 [0,0.00443961)
 [0,0.00444312)
 [0,0.00444325)
 [0,0.00444413)
 [0,0.00444463)
 [0,0.0044514)
 [0,0.00445372)
 [0,0.00446341)
 [0,0.0044638)
 [0,0.00446438)
 [0,0.00446966)
 [0,0.00447021)
 [0,0.00448613)
 [0,0.00448685)
 [0,0.00450226)
 [0,0.00450459)
 [0,0.00451257)
 [0,0.00451407)
 [0,0.00451817)
 [0,0.00452145)
 [0,0.0045263)
 [0,0.0045332)
 [0,0.00453382)
 [0,0.00453524)
 [0,0.00455009)
 [0,0.00455774)
 [0,0.00455934)
 [0,0.00456562)
 [0,0.00456902)
 [0,0.00457035)
 [0,0.00457379)
 [0,0.00457464)
 [0,0.0045906)
 [0,0.00459136)
 [0,0.00460655)
 [0,0.00460789)
 [0,0.00461264)
 [0,0.00461877)
 [0,0.00463292)
 [0,0.00463721)
 [0,0.00463815)
 [0,0.00464715)
 [0,0.00465074)
 [0,0.00467579)
 [0,0.00468)
 [0,0.00468621)
 [0,0.00468753)
 [0,0.00468966)
 [0,0.00469048)
 [0,0.00471501)
 [0,0.00471575)
 [0,0.00472419)
 [0,0.0047251)
 [0,0.00472581)
 [0,0.00472644)
 [0,0.00472699)
 [0,0.00473247)
 [0,0.00473592)
 [0,0.00473611)
 [0,0.00473743)
 [0,0.00474876)
 [0,0.00475243)
 [0,0.00476294)
 [0,0.00476744)
 [0,0.0047689)
 [0,0.00477219)
 [0,0.00477991)
 [0,0.00478224)
 [0,0.00478846)
 [0,0.00479387)
 [0,0.004799)
 [0,0.00480727)
 [0,0.00480981)
 [0,0.00481204)
 [0,0.00481331)
 [0,0.00481783)
 [0,0.00482012)
 [0,0.00483006)
 [0,0.00484182)
 [0,0.00484569)
 [0,0.00484686)
 [0,0.00484742)
 [0,0.0048481)
 [0,0.00484863)
 [0,0.00484909)
 [0,0.00485047)
 [0,0.00485792)
 [0,0.00485804)
 [0,0.00486379)
 [0,0.00486749)
 [0,0.00487165)
 [0,0.00487205)
 [0,0.00487666)
 [0,0.00490007)
 [0,0.00490636)
 [0,0.00492002)
 [0,0.00492071)
 [0,0.00492427)
 [0,0.0049283)
 [0,0.00493335)
 [0,0.00495726)
 [0,0.00495937)
 [0,0.00496236)
 [0,0.0049645)
 [0,0.00496585)
 [0,0.00497052)
 [0,0.0049736)
 [0,0.0049739)
 [0,0.00499393)
 [0,0.00501159)
 [0,0.00501295)
 [0,0.00501664)
 [0,0.00501843)
 [0,0.00502104)
 [0,0.00502803)
 [0,0.00503685)
 [0,0.00503991)
 [0,0.00504444)
 [0,0.00504751)
 [0,0.00504769)
 [0,0.00504775)
 [0,0.00504932)
 [0,0.00505131)
 [0,0.00505265)
 [0,0.00505378)
 [0,0.00507152)
 [0,0.00508398)
 [0,0.0051013)
 [0,0.00511396)
 [0,0.00513205)
 [0,0.00513914)
 [0,0.00514722)
 [0,0.00515444)
 [0,0.00516064)
 [0,0.00516913)
 [0,0.0051847)
 [0,0.0051852)
 [0,0.00519019)
 [0,0.00519589)
 [0,0.00520035)
 [0,0.00520107)
 [0,0.00520535)
 [0,0.00520696)
 [0,0.00521981)
 [0,0.00522993)
 [0,0.00523403)
 [0,0.00523687)
 [0,0.00525733)
 [0,0.00527352)
 [0,0.00527554)
 [0,0.00529914)
 [0,0.00529958)
 [0,0.00530309)
 [0,0.00530856)
 [0,0.00531984)
 [0,0.00532195)
 [0,0.00532567)
 [0,0.0053266)
 [0,0.00533369)
 [0,0.00533571)
 [0,0.00534571)
 [0,0.00536167)
 [0,0.00536545)
 [0,0.00537332)
 [0,0.00537413)
 [0,0.0053787)
 [0,0.00540862)
 [0,0.00541732)
 [0,0.00544047)
 [0,0.0054526)
 [0,0.00545833)
 [0,0.00545907)
 [0,0.00546591)
 [0,0.00547048)
 [0,0.00547236)
 [0,0.00547528)
 [0,0.00549472)
 [0,0.00551232)
 [0,0.00551683)
 [0,0.00551844)
 [0,0.00551966)
 [0,0.00552734)
 [0,0.00552882)
 [0,0.00553185)
 [0,0.00553337)
 [0,0.00553421)
 [0,0.00553519)
 [0,0.00553602)
 [0,0.00553697)
 [0,0.00553809)
 [0,0.00553817)
 [0,0.00554364)
 [0,0.00555776)
 [0,0.00556637)
 [0,0.00557065)
 [0,0.00557469)
 [0,0.00557714)
 [0,0.0056057)
 [0,0.00560596)
 [0,0.0056125)
 [0,0.00561557)
 [0,0.0056207)
 [0,0.00562472)
 [0,0.00562856)
 [0,0.0056607)
 [0,0.00567123)
 [0,0.00568327)
 [0,0.00570041)
 [0,0.00570283)
 [0,0.00570806)
 [0,0.00571865)
 [0,0.00572169)
 [0,0.00572254)
 [0,0.00572507)
 [0,0.00573217)
 [0,0.00574268)
 [0,0.00574758)
 [0,0.00575942)
 [0,0.00578273)
 [0,0.00578845)
 [0,0.00580182)
 [0,0.00581142)
 [0,0.00582828)
 [0,0.00584007)
 [0,0.00585749)
 [0,0.00586506)
 [0,0.00589025)
 [0,0.00589458)
 [0,0.00591481)
 [0,0.00591516)
 [0,0.00594092)
 [0,0.00594589)
 [0,0.00596788)
 [0,0.00597117)
 [0,0.00598357)
 [0,0.00599396)
 [0,0.00599843)
 [0,0.00603253)
 [0,0.00608796)
 [0,0.00610386)
 [0,0.00610628)
 [0,0.00610993)
 [0,0.00611336)
 [0,0.00612647)
 [0,0.00613723)
 [0,0.00614843)
 [0,0.00615074)
 [0,0.00616213)
 [0,0.00618092)
 [0,0.00620479)
 [0,0.0062389)
 [0,0.00629724)
 [0,0.0063122)
 [0,0.00631307)
 [0,0.00631748)
 [0,0.00633298)
 [0,0.00633526)
 [0,0.00633926)
 [0,0.00634161)
 [0,0.00634661)
 [0,0.00635038)
 [0,0.00635786)
 [0,0.00637842)
 [0,0.00639088)
 [0,0.00639996)
 [0,0.00640257)
 [0,0.00640546)
 [0,0.00641638)
 [0,0.0064179)
 [0,0.00642144)
 [0,0.00643252)
 [0,0.00653218)
 [0,0.00656373)
 [0,0.00658414)
 [0,0.00658638)
 [0,0.00661677)
 [0,0.00662463)
 [0,0.00662649)
 [0,0.0066498)
 [0,0.00665051)
 [0,0.0066851)
 [0,0.00669048)
 [0,0.00669417)
 [0,0.0066967)
 [0,0.00670319)
 [0,0.00672861)
 [0,0.00672956)
 [0,0.00673148)
 [0,0.00673175)
 [0,0.00673244)
 [0,0.00673293)
 [0,0.00674807)
 [0,0.00674809)
 [0,0.00676003)
 [0,0.00676548)
 [0,0.00680437)
 [0,0.00684943)
 [0,0.00686289)
 [0,0.00687353)
 [0,0.00688946)
 [0,0.00689681)
 [0,0.00690173)
 [0,0.00691728)
 [0,0.00692095)
 [0,0.00694106)
 [0,0.0069517)
 [0,0.00695344)
 [0,0.00695949)
 [0,0.00698703)
 [0,0.00699978)
 [0,0.00700766)
 [0,0.00700972)
 [0,0.00701939)
 [0,0.00704235)
 [0,0.00705389)
 [0,0.00705403)
 [0,0.00707533)
 [0,0.00708082)
 [0,0.00708308)
 [0,0.00709058)
 [0,0.00710168)
 [0,0.00710984)
 [0,0.0071159)
 [0,0.00712055)
 [0,0.00712328)
 [0,0.00713378)
 [0,0.00713706)
 [0,0.00716498)
 [0,0.00720117)
 [0,0.00720269)
 [0,0.00720736)
 [0,0.00721934)
 [0,0.00722735)
 [0,0.00724378)
 [0,0.00726335)
 [0,0.00731423)
 [0,0.00731774)
 [0,0.00732355)
 [0,0.00733369)
 [0,0.00734425)
 [0,0.0073467)
 [0,0.00734904)
 [0,0.00737347)
 [0,0.00738854)
 [0,0.00739875)
 [0,0.00741805)
 [0,0.00741959)
 [0,0.007433)
 [0,0.0074341)
 [0,0.00747047)
 [0,0.0074763)
 [0,0.0074861)
 [0,0.00756974)
 [0,0.00758774)
 [0,0.00758857)
 [0,0.00762769)
 [0,0.00765468)
 [0,0.00769698)
 [0,0.00770805)
 [0,0.00772343)
 [0,0.00777427)
 [0,0.00778407)
 [0,0.00779853)
 [0,0.00783391)
 [0,0.00784953)
 [0,0.00785527)
 [0,0.00793395)
 [0,0.00799165)
 [0,0.00799699)
 [0,0.00800154)
 [0,0.00801954)
 [0,0.00805778)
 [0,0.00806214)
 [0,0.00808446)
 [0,0.00808721)
 [0,0.00810111)
 [0,0.00813623)
 [0,0.00816633)
 [0,0.00816659)
 [0,0.00822746)
 [0,0.00823331)
 [0,0.00827266)
 [0,0.00831838)
 [0,0.00832202)
 [0,0.00833763)
 [0,0.0084323)
 [0,0.00844966)
 [0,0.00846746)
 [0,0.00846958)
 [0,0.00849115)
 [0,0.00849374)
 [0,0.00852181)
 [0,0.00855305)
 [0,0.00858685)
 [0,0.00860211)
 [0,0.00861828)
 [0,0.00862303)
 [0,0.00867447)
 [0,0.00868724)
 [0,0.00874391)
 [0,0.00876619)
 [0,0.00882191)
 [0,0.00883667)
 [0,0.00888336)
 [0,0.008888)
 [0,0.00891351)
 [0,0.00891776)
 [0,0.00893732)
 [0,0.00906193)
 [0,0.00911461)
 [0,0.00916361)
 [0,0.00919047)
 [0,0.00920662)
 [0,0.00923892)
 [0,0.00925162)
 [0,0.0092842)
 [0,0.00928521)
 [0,0.0093848)
 [0,0.00940502)
 [0,0.00941475)
 [0,0.00942072)
 [0,0.0094364)
 [0,0.00944101)
 [0,0.00950702)
 [0,0.00950791)
 [0,0.00952177)
 [0,0.00959359)
 [0,0.0096535)
 [0,0.00969265)
 [0,0.00973256)
 [0,0.00983219)
 [0,0.00987837)
 [0,0.0100039)
 [0,0.0100229)
 [0,0.0100528)
 [0,0.0101491)
 [0,0.0101601)
 [0,0.0102604)
 [0,0.010292)
 [0,0.0103082)
 [0,0.0103416)
 [0,0.0103762)
 [0,0.0103897)
 [0,0.0104128)
 [0,0.0104216)
 [0,0.0105745)
 [0,0.0108248)
 [0,0.0108257)
 [0,0.0108333)
 [0,0.0109443)
 [0,0.011198)
 [0,0.0114736)
 [0,0.0115216)
 [0,0.0115575)
 [0,0.0118497)
 [0,0.0118601)
 [0,0.0119348)
 [0,0.0120461)
 [0,0.0120669)
 [0,0.0121302)
 [0,0.01215)
 [0,0.0121596)
 [0,0.0122134)
 [0,0.0126419)
 [0,0.0127185)
 [0,0.0128192)
 [0,0.0129652)
 [0,0.013082)
 [0,0.013097)
 [0,0.0131101)
 [0,0.0131428)
 [0,0.0132617)
 [0,0.0133539)
 [0,0.0134455)
 [0,0.0135703)
 [0,0.0138688)
 [0,0.013905)
 [0,0.0140572)
 [0,0.014177)
 [0,0.0145499)
 [0,0.0145948)
 [0,0.0146331)
 [0,0.0150655)
 [0,0.0159817)
 [0,0.0160734)
 [0,0.0161035)
 [0,0.0162972)
 [0,0.0164718)
 [0,0.0165052)
 [0,0.0165061)
 [0,0.0165774)
 [0,0.017048)
 [0,0.0173398)
 [0,0.0175931)
 [0,0.0177967)
 [0,0.0182967)
 [0,0.018613)
 [0,0.0186695)
 [0,0.0207783)
 [0,0.02081)
 [0,0.0212585)
 [0,0.0214347)
 [0,0.0219828)
 [0,0.0223478)
 [0,0.0232622)
 [0,0.0248298)
 [0,0.0250665)
 [0,0.0252456)
 [0,0.0256278)
 [0,0.0268003)
 [0,0.0290472)
 [0,0.0291133)
 [0,0.0304584)
 [0,0.0319839)
 [0,0.0321391)
 [0,0.0342468)
 [0,0.0352873)
 [0,0.036309)
 [0,0.0364228)
 [0,0.0489002)
 [0,0.0490177)
 [0,0.0533568)
 [0,0.085159)
 [0,0.207019)
 [0,0.235841)
 [0, )
